   500
     1    0.030616    0.030616   -0.459243       0.002000
     2   -0.030616    0.091849   -0.398010       0.002000
     3   -0.091849    0.153081   -0.336778       0.002000
     4   -0.153081    0.214313   -0.275546       0.002000
     5   -0.214313    0.275546   -0.214313       0.002000
     6   -0.275546    0.336778   -0.153081       0.002000
     7   -0.336778    0.398010   -0.091849       0.002000
     8   -0.398010    0.459243   -0.030616       0.002000
     9   -0.459243    0.520475    0.030616       0.002000
    10    0.091849   -0.030616   -0.520475       0.002000
    11    0.091849   -0.030616   -0.398010       0.002000
    12    0.030616    0.030616   -0.336778       0.002000
    13   -0.030616    0.091849   -0.275546       0.002000
    14   -0.091849    0.153081   -0.214313       0.002000
    15   -0.153081    0.214313   -0.153081       0.002000
    16   -0.214313    0.275546   -0.091849       0.002000
    17   -0.275546    0.336778   -0.030616       0.002000
    18   -0.336778    0.398010    0.030616       0.002000
    19   -0.398010    0.459243    0.091849       0.002000
    20    0.153081   -0.091849   -0.459243       0.002000
    21    0.153081   -0.091849   -0.336778       0.002000
    22    0.091849   -0.030616   -0.275546       0.002000
    23    0.030616    0.030616   -0.214313       0.002000
    24   -0.030616    0.091849   -0.153081       0.002000
    25   -0.091849    0.153081   -0.091849       0.002000
    26   -0.153081    0.214313   -0.030616       0.002000
    27   -0.214313    0.275546    0.030616       0.002000
    28   -0.275546    0.336778    0.091849       0.002000
    29   -0.336778    0.398010    0.153081       0.002000
    30    0.214313   -0.153081   -0.398010       0.002000
    31    0.214313   -0.153081   -0.275546       0.002000
    32    0.153081   -0.091849   -0.214313       0.002000
    33    0.091849   -0.030616   -0.153081       0.002000
    34    0.030616    0.030616   -0.091849       0.002000
    35   -0.030616    0.091849   -0.030616       0.002000
    36   -0.091849    0.153081    0.030616       0.002000
    37   -0.153081    0.214313    0.091849       0.002000
    38   -0.214313    0.275546    0.153081       0.002000
    39   -0.275546    0.336778    0.214313       0.002000
    40    0.275546   -0.214313   -0.336778       0.002000
    41    0.275546   -0.214313   -0.214313       0.002000
    42    0.214313   -0.153081   -0.153081       0.002000
    43    0.153081   -0.091849   -0.091849       0.002000
    44    0.091849   -0.030616   -0.030616       0.002000
    45    0.030616    0.030616    0.030616       0.002000
    46   -0.030616    0.091849    0.091849       0.002000
    47   -0.091849    0.153081    0.153081       0.002000
    48   -0.153081    0.214313    0.214313       0.002000
    49   -0.214313    0.275546    0.275546       0.002000
    50    0.336778   -0.275546   -0.275546       0.002000
    51    0.336778   -0.275546   -0.153081       0.002000
    52    0.275546   -0.214313   -0.091849       0.002000
    53    0.214313   -0.153081   -0.030616       0.002000
    54    0.153081   -0.091849    0.030616       0.002000
    55    0.091849   -0.030616    0.091849       0.002000
    56    0.030616    0.030616    0.153081       0.002000
    57   -0.030616    0.091849    0.214313       0.002000
    58   -0.091849    0.153081    0.275546       0.002000
    59   -0.153081    0.214313    0.336778       0.002000
    60    0.398010   -0.336778   -0.214313       0.002000
    61    0.398010   -0.336778   -0.091849       0.002000
    62    0.336778   -0.275546   -0.030616       0.002000
    63    0.275546   -0.214313    0.030616       0.002000
    64    0.214313   -0.153081    0.091849       0.002000
    65    0.153081   -0.091849    0.153081       0.002000
    66    0.091849   -0.030616    0.214313       0.002000
    67    0.030616    0.030616    0.275546       0.002000
    68   -0.030616    0.091849    0.336778       0.002000
    69   -0.091849    0.153081    0.398010       0.002000
    70    0.459243   -0.398010   -0.153081       0.002000
    71    0.459243   -0.398010   -0.030616       0.002000
    72    0.398010   -0.336778    0.030616       0.002000
    73    0.336778   -0.275546    0.091849       0.002000
    74    0.275546   -0.214313    0.153081       0.002000
    75    0.214313   -0.153081    0.214313       0.002000
    76    0.153081   -0.091849    0.275546       0.002000
    77    0.091849   -0.030616    0.336778       0.002000
    78    0.030616    0.030616    0.398010       0.002000
    79   -0.030616    0.091849    0.459243       0.002000
    80    0.520475   -0.459243   -0.091849       0.002000
    81    0.520475   -0.459243    0.030616       0.002000
    82    0.459243   -0.398010    0.091849       0.002000
    83    0.398010   -0.336778    0.153081       0.002000
    84    0.336778   -0.275546    0.214313       0.002000
    85    0.275546   -0.214313    0.275546       0.002000
    86    0.214313   -0.153081    0.336778       0.002000
    87    0.153081   -0.091849    0.398010       0.002000
    88    0.091849   -0.030616    0.459243       0.002000
    89    0.030616    0.030616    0.520475       0.002000
    90    0.581707   -0.520475   -0.030616       0.002000
    91   -0.030616    0.091849   -0.520475       0.002000
    92   -0.091849    0.153081   -0.459243       0.002000
    93   -0.153081    0.214313   -0.398010       0.002000
    94   -0.214313    0.275546   -0.336778       0.002000
    95   -0.275546    0.336778   -0.275546       0.002000
    96   -0.336778    0.398010   -0.214313       0.002000
    97   -0.398010    0.459243   -0.153081       0.002000
    98   -0.459243    0.520475   -0.091849       0.002000
    99   -0.520475    0.581707   -0.030616       0.002000
   100    0.030616    0.030616   -0.581707       0.002000
   101    0.091849    0.091849   -0.520475       0.002000
   102    0.030616    0.153081   -0.459243       0.002000
   103   -0.030616    0.214313   -0.398010       0.002000
   104   -0.091849    0.275546   -0.336778       0.002000
   105   -0.153081    0.336778   -0.275546       0.002000
   106   -0.214313    0.398010   -0.214313       0.002000
   107   -0.275546    0.459243   -0.153081       0.002000
   108   -0.336778    0.520475   -0.091849       0.002000
   109   -0.398010    0.581707   -0.030616       0.002000
   110    0.153081    0.030616   -0.581707       0.002000
   111    0.153081    0.030616   -0.459243       0.002000
   112    0.091849    0.091849   -0.398010       0.002000
   113    0.030616    0.153081   -0.336778       0.002000
   114   -0.030616    0.214313   -0.275546       0.002000
   115   -0.091849    0.275546   -0.214313       0.002000
   116   -0.153081    0.336778   -0.153081       0.002000
   117   -0.214313    0.398010   -0.091849       0.002000
   118   -0.275546    0.459243   -0.030616       0.002000
   119   -0.336778    0.520475    0.030616       0.002000
   120    0.214313   -0.030616   -0.520475       0.002000
   121    0.214313   -0.030616   -0.398010       0.002000
   122    0.153081    0.030616   -0.336778       0.002000
   123    0.091849    0.091849   -0.275546       0.002000
   124    0.030616    0.153081   -0.214313       0.002000
   125   -0.030616    0.214313   -0.153081       0.002000
   126   -0.091849    0.275546   -0.091849       0.002000
   127   -0.153081    0.336778   -0.030616       0.002000
   128   -0.214313    0.398010    0.030616       0.002000
   129   -0.275546    0.459243    0.091849       0.002000
   130    0.275546   -0.091849   -0.459243       0.002000
   131    0.275546   -0.091849   -0.336778       0.002000
   132    0.214313   -0.030616   -0.275546       0.002000
   133    0.153081    0.030616   -0.214313       0.002000
   134    0.091849    0.091849   -0.153081       0.002000
   135    0.030616    0.153081   -0.091849       0.002000
   136   -0.030616    0.214313   -0.030616       0.002000
   137   -0.091849    0.275546    0.030616       0.002000
   138   -0.153081    0.336778    0.091849       0.002000
   139   -0.214313    0.398010    0.153081       0.002000
   140    0.336778   -0.153081   -0.398010       0.002000
   141    0.336778   -0.153081   -0.275546       0.002000
   142    0.275546   -0.091849   -0.214313       0.002000
   143    0.214313   -0.030616   -0.153081       0.002000
   144    0.153081    0.030616   -0.091849       0.002000
   145    0.091849    0.091849   -0.030616       0.002000
   146    0.030616    0.153081    0.030616       0.002000
   147   -0.030616    0.214313    0.091849       0.002000
   148   -0.091849    0.275546    0.153081       0.002000
   149   -0.153081    0.336778    0.214313       0.002000
   150    0.398010   -0.214313   -0.336778       0.002000
   151    0.398010   -0.214313   -0.214313       0.002000
   152    0.336778   -0.153081   -0.153081       0.002000
   153    0.275546   -0.091849   -0.091849       0.002000
   154    0.214313   -0.030616   -0.030616       0.002000
   155    0.153081    0.030616    0.030616       0.002000
   156    0.091849    0.091849    0.091849       0.002000
   157    0.030616    0.153081    0.153081       0.002000
   158   -0.030616    0.214313    0.214313       0.002000
   159   -0.091849    0.275546    0.275546       0.002000
   160    0.459243   -0.275546   -0.275546       0.002000
   161    0.459243   -0.275546   -0.153081       0.002000
   162    0.398010   -0.214313   -0.091849       0.002000
   163    0.336778   -0.153081   -0.030616       0.002000
   164    0.275546   -0.091849    0.030616       0.002000
   165    0.214313   -0.030616    0.091849       0.002000
   166    0.153081    0.030616    0.153081       0.002000
   167    0.091849    0.091849    0.214313       0.002000
   168    0.030616    0.153081    0.275546       0.002000
   169   -0.030616    0.214313    0.336778       0.002000
   170    0.520475   -0.336778   -0.214313       0.002000
   171    0.520475   -0.336778   -0.091849       0.002000
   172    0.459243   -0.275546   -0.030616       0.002000
   173    0.398010   -0.214313    0.030616       0.002000
   174    0.336778   -0.153081    0.091849       0.002000
   175    0.275546   -0.091849    0.153081       0.002000
   176    0.214313   -0.030616    0.214313       0.002000
   177    0.153081    0.030616    0.275546       0.002000
   178    0.091849    0.091849    0.336778       0.002000
   179    0.030616    0.153081    0.398010       0.002000
   180    0.581707   -0.398010   -0.153081       0.002000
   181    0.581707   -0.398010   -0.030616       0.002000
   182    0.520475   -0.336778    0.030616       0.002000
   183    0.459243   -0.275546    0.091849       0.002000
   184    0.398010   -0.214313    0.153081       0.002000
   185    0.336778   -0.153081    0.214313       0.002000
   186    0.275546   -0.091849    0.275546       0.002000
   187    0.214313   -0.030616    0.336778       0.002000
   188    0.153081    0.030616    0.398010       0.002000
   189    0.091849    0.091849    0.459243       0.002000
   190    0.642940   -0.459243   -0.091849       0.002000
   191    0.030616    0.153081   -0.581707       0.002000
   192   -0.030616    0.214313   -0.520475       0.002000
   193   -0.091849    0.275546   -0.459243       0.002000
   194   -0.153081    0.336778   -0.398010       0.002000
   195   -0.214313    0.398010   -0.336778       0.002000
   196   -0.275546    0.459243   -0.275546       0.002000
   197   -0.336778    0.520475   -0.214313       0.002000
   198   -0.398010    0.581707   -0.153081       0.002000
   199   -0.459243    0.642940   -0.091849       0.002000
   200    0.091849    0.091849   -0.642940       0.002000
   201    0.153081    0.153081   -0.581707       0.002000
   202    0.091849    0.214313   -0.520475       0.002000
   203    0.030616    0.275546   -0.459243       0.002000
   204   -0.030616    0.336778   -0.398010       0.002000
   205   -0.091849    0.398010   -0.336778       0.002000
   206   -0.153081    0.459243   -0.275546       0.002000
   207   -0.214313    0.520475   -0.214313       0.002000
   208   -0.275546    0.581707   -0.153081       0.002000
   209   -0.336778    0.642940   -0.091849       0.002000
   210    0.214313    0.091849   -0.642940       0.002000
   211    0.214313    0.091849   -0.520475       0.002000
   212    0.153081    0.153081   -0.459243       0.002000
   213    0.091849    0.214313   -0.398010       0.002000
   214    0.030616    0.275546   -0.336778       0.002000
   215   -0.030616    0.336778   -0.275546       0.002000
   216   -0.091849    0.398010   -0.214313       0.002000
   217   -0.153081    0.459243   -0.153081       0.002000
   218   -0.214313    0.520475   -0.091849       0.002000
   219   -0.275546    0.581707   -0.030616       0.002000
   220    0.275546    0.030616   -0.581707       0.002000
   221    0.275546    0.030616   -0.459243       0.002000
   222    0.214313    0.091849   -0.398010       0.002000
   223    0.153081    0.153081   -0.336778       0.002000
   224    0.091849    0.214313   -0.275546       0.002000
   225    0.030616    0.275546   -0.214313       0.002000
   226   -0.030616    0.336778   -0.153081       0.002000
   227   -0.091849    0.398010   -0.091849       0.002000
   228   -0.153081    0.459243   -0.030616       0.002000
   229   -0.214313    0.520475    0.030616       0.002000
   230    0.336778   -0.030616   -0.520475       0.002000
   231    0.336778   -0.030616   -0.398010       0.002000
   232    0.275546    0.030616   -0.336778       0.002000
   233    0.214313    0.091849   -0.275546       0.002000
   234    0.153081    0.153081   -0.214313       0.002000
   235    0.091849    0.214313   -0.153081       0.002000
   236    0.030616    0.275546   -0.091849       0.002000
   237   -0.030616    0.336778   -0.030616       0.002000
   238   -0.091849    0.398010    0.030616       0.002000
   239   -0.153081    0.459243    0.091849       0.002000
   240    0.398010   -0.091849   -0.459243       0.002000
   241    0.398010   -0.091849   -0.336778       0.002000
   242    0.336778   -0.030616   -0.275546       0.002000
   243    0.275546    0.030616   -0.214313       0.002000
   244    0.214313    0.091849   -0.153081       0.002000
   245    0.153081    0.153081   -0.091849       0.002000
   246    0.091849    0.214313   -0.030616       0.002000
   247    0.030616    0.275546    0.030616       0.002000
   248   -0.030616    0.336778    0.091849       0.002000
   249   -0.091849    0.398010    0.153081       0.002000
   250    0.459243   -0.153081   -0.398010       0.002000
   251    0.459243   -0.153081   -0.275546       0.002000
   252    0.398010   -0.091849   -0.214313       0.002000
   253    0.336778   -0.030616   -0.153081       0.002000
   254    0.275546    0.030616   -0.091849       0.002000
   255    0.214313    0.091849   -0.030616       0.002000
   256    0.153081    0.153081    0.030616       0.002000
   257    0.091849    0.214313    0.091849       0.002000
   258    0.030616    0.275546    0.153081       0.002000
   259   -0.030616    0.336778    0.214313       0.002000
   260    0.520475   -0.214313   -0.336778       0.002000
   261    0.520475   -0.214313   -0.214313       0.002000
   262    0.459243   -0.153081   -0.153081       0.002000
   263    0.398010   -0.091849   -0.091849       0.002000
   264    0.336778   -0.030616   -0.030616       0.002000
   265    0.275546    0.030616    0.030616       0.002000
   266    0.214313    0.091849    0.091849       0.002000
   267    0.153081    0.153081    0.153081       0.002000
   268    0.091849    0.214313    0.214313       0.002000
   269    0.030616    0.275546    0.275546       0.002000
   270    0.581707   -0.275546   -0.275546       0.002000
   271    0.581707   -0.275546   -0.153081       0.002000
   272    0.520475   -0.214313   -0.091849       0.002000
   273    0.459243   -0.153081   -0.030616       0.002000
   274    0.398010   -0.091849    0.030616       0.002000
   275    0.336778   -0.030616    0.091849       0.002000
   276    0.275546    0.030616    0.153081       0.002000
   277    0.214313    0.091849    0.214313       0.002000
   278    0.153081    0.153081    0.275546       0.002000
   279    0.091849    0.214313    0.336778       0.002000
   280    0.642940   -0.336778   -0.214313       0.002000
   281    0.642940   -0.336778   -0.091849       0.002000
   282    0.581707   -0.275546   -0.030616       0.002000
   283    0.520475   -0.214313    0.030616       0.002000
   284    0.459243   -0.153081    0.091849       0.002000
   285    0.398010   -0.091849    0.153081       0.002000
   286    0.336778   -0.030616    0.214313       0.002000
   287    0.275546    0.030616    0.275546       0.002000
   288    0.214313    0.091849    0.336778       0.002000
   289    0.153081    0.153081    0.398010       0.002000
   290    0.704172   -0.398010   -0.153081       0.002000
   291    0.091849    0.214313   -0.642940       0.002000
   292    0.030616    0.275546   -0.581707       0.002000
   293   -0.030616    0.336778   -0.520475       0.002000
   294   -0.091849    0.398010   -0.459243       0.002000
   295   -0.153081    0.459243   -0.398010       0.002000
   296   -0.214313    0.520475   -0.336778       0.002000
   297   -0.275546    0.581707   -0.275546       0.002000
   298   -0.336778    0.642940   -0.214313       0.002000
   299   -0.398010    0.704172   -0.153081       0.002000
   300    0.153081    0.153081   -0.704172       0.002000
   301    0.214313    0.214313   -0.642940       0.002000
   302    0.153081    0.275546   -0.581707       0.002000
   303    0.091849    0.336778   -0.520475       0.002000
   304    0.030616    0.398010   -0.459243       0.002000
   305   -0.030616    0.459243   -0.398010       0.002000
   306   -0.091849    0.520475   -0.336778       0.002000
   307   -0.153081    0.581707   -0.275546       0.002000
   308   -0.214313    0.642940   -0.214313       0.002000
   309   -0.275546    0.704172   -0.153081       0.002000
   310    0.275546    0.153081   -0.704172       0.002000
   311    0.275546    0.153081   -0.581707       0.002000
   312    0.214313    0.214313   -0.520475       0.002000
   313    0.153081    0.275546   -0.459243       0.002000
   314    0.091849    0.336778   -0.398010       0.002000
   315    0.030616    0.398010   -0.336778       0.002000
   316   -0.030616    0.459243   -0.275546       0.002000
   317   -0.091849    0.520475   -0.214313       0.002000
   318   -0.153081    0.581707   -0.153081       0.002000
   319   -0.214313    0.642940   -0.091849       0.002000
   320    0.336778    0.091849   -0.642940       0.002000
   321    0.336778    0.091849   -0.520475       0.002000
   322    0.275546    0.153081   -0.459243       0.002000
   323    0.214313    0.214313   -0.398010       0.002000
   324    0.153081    0.275546   -0.336778       0.002000
   325    0.091849    0.336778   -0.275546       0.002000
   326    0.030616    0.398010   -0.214313       0.002000
   327   -0.030616    0.459243   -0.153081       0.002000
   328   -0.091849    0.520475   -0.091849       0.002000
   329   -0.153081    0.581707   -0.030616       0.002000
   330    0.398010    0.030616   -0.581707       0.002000
   331    0.398010    0.030616   -0.459243       0.002000
   332    0.336778    0.091849   -0.398010       0.002000
   333    0.275546    0.153081   -0.336778       0.002000
   334    0.214313    0.214313   -0.275546       0.002000
   335    0.153081    0.275546   -0.214313       0.002000
   336    0.091849    0.336778   -0.153081       0.002000
   337    0.030616    0.398010   -0.091849       0.002000
   338   -0.030616    0.459243   -0.030616       0.002000
   339   -0.091849    0.520475    0.030616       0.002000
   340    0.459243   -0.030616   -0.520475       0.002000
   341    0.459243   -0.030616   -0.398010       0.002000
   342    0.398010    0.030616   -0.336778       0.002000
   343    0.336778    0.091849   -0.275546       0.002000
   344    0.275546    0.153081   -0.214313       0.002000
   345    0.214313    0.214313   -0.153081       0.002000
   346    0.153081    0.275546   -0.091849       0.002000
   347    0.091849    0.336778   -0.030616       0.002000
   348    0.030616    0.398010    0.030616       0.002000
   349   -0.030616    0.459243    0.091849       0.002000
   350    0.520475   -0.091849   -0.459243       0.002000
   351    0.520475   -0.091849   -0.336778       0.002000
   352    0.459243   -0.030616   -0.275546       0.002000
   353    0.398010    0.030616   -0.214313       0.002000
   354    0.336778    0.091849   -0.153081       0.002000
   355    0.275546    0.153081   -0.091849       0.002000
   356    0.214313    0.214313   -0.030616       0.002000
   357    0.153081    0.275546    0.030616       0.002000
   358    0.091849    0.336778    0.091849       0.002000
   359    0.030616    0.398010    0.153081       0.002000
   360    0.581707   -0.153081   -0.398010       0.002000
   361    0.581707   -0.153081   -0.275546       0.002000
   362    0.520475   -0.091849   -0.214313       0.002000
   363    0.459243   -0.030616   -0.153081       0.002000
   364    0.398010    0.030616   -0.091849       0.002000
   365    0.336778    0.091849   -0.030616       0.002000
   366    0.275546    0.153081    0.030616       0.002000
   367    0.214313    0.214313    0.091849       0.002000
   368    0.153081    0.275546    0.153081       0.002000
   369    0.091849    0.336778    0.214313       0.002000
   370    0.642940   -0.214313   -0.336778       0.002000
   371    0.642940   -0.214313   -0.214313       0.002000
   372    0.581707   -0.153081   -0.153081       0.002000
   373    0.520475   -0.091849   -0.091849       0.002000
   374    0.459243   -0.030616   -0.030616       0.002000
   375    0.398010    0.030616    0.030616       0.002000
   376    0.336778    0.091849    0.091849       0.002000
   377    0.275546    0.153081    0.153081       0.002000
   378    0.214313    0.214313    0.214313       0.002000
   379    0.153081    0.275546    0.275546       0.002000
   380    0.704172   -0.275546   -0.275546       0.002000
   381    0.704172   -0.275546   -0.153081       0.002000
   382    0.642940   -0.214313   -0.091849       0.002000
   383    0.581707   -0.153081   -0.030616       0.002000
   384    0.520475   -0.091849    0.030616       0.002000
   385    0.459243   -0.030616    0.091849       0.002000
   386    0.398010    0.030616    0.153081       0.002000
   387    0.336778    0.091849    0.214313       0.002000
   388    0.275546    0.153081    0.275546       0.002000
   389    0.214313    0.214313    0.336778       0.002000
   390    0.765405   -0.336778   -0.214313       0.002000
   391    0.153081    0.275546   -0.704172       0.002000
   392    0.091849    0.336778   -0.642940       0.002000
   393    0.030616    0.398010   -0.581707       0.002000
   394   -0.030616    0.459243   -0.520475       0.002000
   395   -0.091849    0.520475   -0.459243       0.002000
   396   -0.153081    0.581707   -0.398010       0.002000
   397   -0.214313    0.642940   -0.336778       0.002000
   398   -0.275546    0.704172   -0.275546       0.002000
   399   -0.336778    0.765405   -0.214313       0.002000
   400    0.214313    0.214313   -0.765405       0.002000
   401    0.275546    0.275546   -0.704172       0.002000
   402    0.214313    0.336778   -0.642940       0.002000
   403    0.153081    0.398010   -0.581707       0.002000
   404    0.091849    0.459243   -0.520475       0.002000
   405    0.030616    0.520475   -0.459243       0.002000
   406   -0.030616    0.581707   -0.398010       0.002000
   407   -0.091849    0.642940   -0.336778       0.002000
   408   -0.153081    0.704172   -0.275546       0.002000
   409   -0.214313    0.765405   -0.214313       0.002000
   410    0.336778    0.214313   -0.765405       0.002000
   411    0.336778    0.214313   -0.642940       0.002000
   412    0.275546    0.275546   -0.581707       0.002000
   413    0.214313    0.336778   -0.520475       0.002000
   414    0.153081    0.398010   -0.459243       0.002000
   415    0.091849    0.459243   -0.398010       0.002000
   416    0.030616    0.520475   -0.336778       0.002000
   417   -0.030616    0.581707   -0.275546       0.002000
   418   -0.091849    0.642940   -0.214313       0.002000
   419   -0.153081    0.704172   -0.153081       0.002000
   420    0.398010    0.153081   -0.704172       0.002000
   421    0.398010    0.153081   -0.581707       0.002000
   422    0.336778    0.214313   -0.520475       0.002000
   423    0.275546    0.275546   -0.459243       0.002000
   424    0.214313    0.336778   -0.398010       0.002000
   425    0.153081    0.398010   -0.336778       0.002000
   426    0.091849    0.459243   -0.275546       0.002000
   427    0.030616    0.520475   -0.214313       0.002000
   428   -0.030616    0.581707   -0.153081       0.002000
   429   -0.091849    0.642940   -0.091849       0.002000
   430    0.459243    0.091849   -0.642940       0.002000
   431    0.459243    0.091849   -0.520475       0.002000
   432    0.398010    0.153081   -0.459243       0.002000
   433    0.336778    0.214313   -0.398010       0.002000
   434    0.275546    0.275546   -0.336778       0.002000
   435    0.214313    0.336778   -0.275546       0.002000
   436    0.153081    0.398010   -0.214313       0.002000
   437    0.091849    0.459243   -0.153081       0.002000
   438    0.030616    0.520475   -0.091849       0.002000
   439   -0.030616    0.581707   -0.030616       0.002000
   440    0.520475    0.030616   -0.581707       0.002000
   441    0.520475    0.030616   -0.459243       0.002000
   442    0.459243    0.091849   -0.398010       0.002000
   443    0.398010    0.153081   -0.336778       0.002000
   444    0.336778    0.214313   -0.275546       0.002000
   445    0.275546    0.275546   -0.214313       0.002000
   446    0.214313    0.336778   -0.153081       0.002000
   447    0.153081    0.398010   -0.091849       0.002000
   448    0.091849    0.459243   -0.030616       0.002000
   449    0.030616    0.520475    0.030616       0.002000
   450    0.581707   -0.030616   -0.520475       0.002000
   451    0.581707   -0.030616   -0.398010       0.002000
   452    0.520475    0.030616   -0.336778       0.002000
   453    0.459243    0.091849   -0.275546       0.002000
   454    0.398010    0.153081   -0.214313       0.002000
   455    0.336778    0.214313   -0.153081       0.002000
   456    0.275546    0.275546   -0.091849       0.002000
   457    0.214313    0.336778   -0.030616       0.002000
   458    0.153081    0.398010    0.030616       0.002000
   459    0.091849    0.459243    0.091849       0.002000
   460    0.642940   -0.091849   -0.459243       0.002000
   461    0.642940   -0.091849   -0.336778       0.002000
   462    0.581707   -0.030616   -0.275546       0.002000
   463    0.520475    0.030616   -0.214313       0.002000
   464    0.459243    0.091849   -0.153081       0.002000
   465    0.398010    0.153081   -0.091849       0.002000
   466    0.336778    0.214313   -0.030616       0.002000
   467    0.275546    0.275546    0.030616       0.002000
   468    0.214313    0.336778    0.091849       0.002000
   469    0.153081    0.398010    0.153081       0.002000
   470    0.704172   -0.153081   -0.398010       0.002000
   471    0.704172   -0.153081   -0.275546       0.002000
   472    0.642940   -0.091849   -0.214313       0.002000
   473    0.581707   -0.030616   -0.153081       0.002000
   474    0.520475    0.030616   -0.091849       0.002000
   475    0.459243    0.091849   -0.030616       0.002000
   476    0.398010    0.153081    0.030616       0.002000
   477    0.336778    0.214313    0.091849       0.002000
   478    0.275546    0.275546    0.153081       0.002000
   479    0.214313    0.336778    0.214313       0.002000
   480    0.765405   -0.214313   -0.336778       0.002000
   481    0.765405   -0.214313   -0.214313       0.002000
   482    0.704172   -0.153081   -0.153081       0.002000
   483    0.642940   -0.091849   -0.091849       0.002000
   484    0.581707   -0.030616   -0.030616       0.002000
   485    0.520475    0.030616    0.030616       0.002000
   486    0.459243    0.091849    0.091849       0.002000
   487    0.398010    0.153081    0.153081       0.002000
   488    0.336778    0.214313    0.214313       0.002000
   489    0.275546    0.275546    0.275546       0.002000
   490    0.826637   -0.275546   -0.275546       0.002000
   491    0.214313    0.336778   -0.765405       0.002000
   492    0.153081    0.398010   -0.704172       0.002000
   493    0.091849    0.459243   -0.642940       0.002000
   494    0.030616    0.520475   -0.581707       0.002000
   495   -0.030616    0.581707   -0.520475       0.002000
   496   -0.091849    0.642940   -0.459243       0.002000
   497   -0.153081    0.704172   -0.398010       0.002000
   498   -0.214313    0.765405   -0.336778       0.002000
   499   -0.275546    0.826637   -0.275546       0.002000
   500    0.275546    0.275546   -0.826637       0.002000
