               -375.1539366144
         -0.002382231      -0.000000013       0.000000004
         -0.000000015      -0.002382229       0.000000003
          0.000000001       0.000000002      -0.003279636
           6
  1    22       0.000002575      -0.000003850       0.000001089  Ti
  1    22      -0.000002554      -0.000002067      -0.000001759  Ti
  2     8       0.000172490       0.000173753       0.000005151  O
  2     8      -0.000174851      -0.000172069       0.000003306  O
  2     8      -0.000180562       0.000182187      -0.000000415  O
  2     8       0.000179997      -0.000178665       0.000000386  O
