   1    0.00000000    0.00000000    1.00000000    1.00000000    1.00000000
   2    0.00000142    0.00000133    1.00000000    1.00000000    1.00000000
   3    0.00000285    0.00000267    1.00000000    1.00000000    1.00000000
   4    0.00000431    0.00000403    1.00000000    1.00000000    1.00000000
   5    0.00000578    0.00000541    1.00000000    1.00000000    1.00000000
   6    0.00000727    0.00000680    1.00000000    1.00000000    1.00000000
   7    0.00000878    0.00000821    1.00000000    1.00000000    1.00000000
   8    0.00001030    0.00000964    1.00000000    1.00000000    1.00000000
   9    0.00001185    0.00001109    1.00000000    1.00000000    1.00000000
  10    0.00001342    0.00001255    1.00000000    1.00000000    1.00000000
  11    0.00001500    0.00001404    1.00000000    1.00000000    1.00000000
  12    0.00001661    0.00001554    1.00000000    1.00000000    1.00000000
  13    0.00001823    0.00001706    1.00000000    1.00000000    1.00000000
  14    0.00001988    0.00001860    1.00000000    1.00000000    1.00000000
  15    0.00002155    0.00002016    1.00000000    1.00000000    1.00000000
  16    0.00002324    0.00002174    1.00000000    1.00000000    1.00000000
  17    0.00002495    0.00002334    1.00000000    1.00000000    1.00000000
  18    0.00002668    0.00002496    1.00000000    1.00000000    1.00000000
  19    0.00002843    0.00002660    1.00000000    1.00000000    1.00000000
  20    0.00003020    0.00002826    1.00000000    1.00000000    1.00000000
  21    0.00003200    0.00002994    1.00000000    1.00000000    1.00000000
  22    0.00003382    0.00003164    1.00000000    1.00000000    1.00000000
  23    0.00003566    0.00003337    1.00000000    1.00000000    1.00000000
  24    0.00003753    0.00003511    1.00000000    1.00000000    1.00000000
  25    0.00003942    0.00003688    1.00000000    1.00000000    1.00000000
  26    0.00004133    0.00003867    1.00000000    1.00000000    1.00000000
  27    0.00004327    0.00004048    1.00000000    1.00000000    1.00000000
  28    0.00004523    0.00004232    1.00000000    1.00000000    1.00000000
  29    0.00004722    0.00004418    1.00000000    1.00000000    1.00000000
  30    0.00004923    0.00004606    1.00000000    1.00000000    1.00000000
  31    0.00005126    0.00004797    1.00000000    1.00000000    1.00000000
  32    0.00005333    0.00004989    1.00000000    1.00000000    1.00000000
  33    0.00005541    0.00005185    1.00000000    1.00000000    1.00000000
  34    0.00005753    0.00005383    1.00000000    1.00000000    1.00000000
  35    0.00005967    0.00005583    1.00000000    1.00000000    1.00000000
  36    0.00006184    0.00005786    1.00000000    1.00000000    1.00000000
  37    0.00006403    0.00005991    1.00000000    1.00000000    1.00000000
  38    0.00006625    0.00006199    1.00000000    1.00000000    1.00000000
  39    0.00006851    0.00006410    1.00000000    1.00000000    1.00000000
  40    0.00007078    0.00006623    1.00000000    1.00000000    1.00000000
  41    0.00007309    0.00006839    1.00000000    1.00000000    1.00000000
  42    0.00007543    0.00007057    1.00000000    1.00000000    1.00000000
  43    0.00007779    0.00007279    1.00000000    1.00000000    1.00000000
  44    0.00008019    0.00007503    1.00000000    1.00000000    1.00000000
  45    0.00008262    0.00007730    1.00000000    1.00000000    1.00000000
  46    0.00008507    0.00007960    1.00000000    1.00000000    1.00000000
  47    0.00008756    0.00008193    1.00000000    1.00000000    1.00000000
  48    0.00009008    0.00008428    1.00000000    1.00000000    1.00000000
  49    0.00009263    0.00008667    1.00000000    1.00000000    1.00000000
  50    0.00009521    0.00008908    1.00000000    1.00000000    1.00000000
  51    0.00009783    0.00009153    1.00000000    1.00000000    1.00000000
  52    0.00010047    0.00009401    1.00000000    1.00000000    1.00000000
  53    0.00010315    0.00009652    1.00000000    1.00000000    1.00000000
  54    0.00010587    0.00009906    1.00000000    1.00000000    1.00000000
  55    0.00010862    0.00010163    1.00000000    1.00000000    1.00000000
  56    0.00011140    0.00010423    1.00000000    1.00000000    1.00000000
  57    0.00011422    0.00010687    1.00000000    1.00000000    1.00000000
  58    0.00011707    0.00010954    1.00000000    1.00000000    1.00000000
  59    0.00011996    0.00011224    1.00000000    1.00000000    1.00000000
  60    0.00012289    0.00011498    1.00000000    1.00000000    1.00000000
  61    0.00012585    0.00011775    1.00000000    1.00000000    1.00000000
  62    0.00012885    0.00012056    1.00000000    1.00000000    1.00000000
  63    0.00013189    0.00012340    1.00000000    1.00000000    1.00000000
  64    0.00013497    0.00012628    1.00000000    1.00000000    1.00000000
  65    0.00013808    0.00012920    1.00000000    1.00000000    1.00000000
  66    0.00014124    0.00013215    1.00000000    1.00000000    1.00000000
  67    0.00014443    0.00013514    1.00000000    1.00000000    1.00000000
  68    0.00014766    0.00013816    1.00000000    1.00000000    1.00000000
  69    0.00015094    0.00014123    1.00000000    1.00000000    1.00000000
  70    0.00015425    0.00014433    1.00000000    1.00000000    1.00000000
  71    0.00015761    0.00014747    1.00000000    1.00000000    1.00000000
  72    0.00016101    0.00015065    1.00000000    1.00000000    1.00000000
  73    0.00016445    0.00015387    1.00000000    1.00000000    1.00000000
  74    0.00016794    0.00015713    1.00000000    1.00000000    1.00000000
  75    0.00017147    0.00016044    1.00000000    1.00000000    1.00000000
  76    0.00017504    0.00016378    1.00000000    1.00000000    1.00000000
  77    0.00017866    0.00016717    1.00000000    1.00000000    1.00000000
  78    0.00018233    0.00017059    1.00000000    1.00000000    1.00000000
  79    0.00018604    0.00017407    1.00000000    1.00000000    1.00000000
  80    0.00018980    0.00017758    1.00000000    1.00000000    1.00000000
  81    0.00019360    0.00018114    1.00000000    1.00000000    1.00000000
  82    0.00019745    0.00018475    1.00000000    1.00000000    1.00000000
  83    0.00020135    0.00018840    1.00000000    1.00000000    1.00000000
  84    0.00020530    0.00019209    1.00000000    1.00000000    1.00000000
  85    0.00020930    0.00019583    1.00000000    1.00000000    1.00000000
  86    0.00021335    0.00019962    1.00000000    1.00000000    1.00000000
  87    0.00021745    0.00020346    1.00000000    1.00000000    1.00000000
  88    0.00022161    0.00020735    1.00000000    1.00000000    1.00000000
  89    0.00022581    0.00021128    1.00000000    1.00000000    1.00000000
  90    0.00023007    0.00021526    1.00000000    1.00000000    1.00000000
  91    0.00023438    0.00021930    1.00000000    1.00000000    1.00000000
  92    0.00023874    0.00022338    1.00000000    1.00000000    1.00000000
  93    0.00024316    0.00022752    1.00000000    1.00000000    1.00000000
  94    0.00024764    0.00023171    1.00000000    1.00000000    1.00000000
  95    0.00025217    0.00023595    1.00000000    1.00000000    1.00000000
  96    0.00025676    0.00024024    1.00000000    1.00000000    1.00000000
  97    0.00026141    0.00024459    1.00000000    1.00000000    1.00000000
  98    0.00026611    0.00024899    1.00000000    1.00000000    1.00000000
  99    0.00027088    0.00025345    1.00000000    1.00000000    1.00000000
 100    0.00027570    0.00025796    1.00000000    1.00000000    1.00000000
 101    0.00028059    0.00026253    1.00000000    1.00000000    1.00000000
 102    0.00028553    0.00026716    1.00000000    1.00000000    1.00000000
 103    0.00029054    0.00027185    1.00000000    1.00000000    1.00000000
 104    0.00029562    0.00027659    1.00000000    1.00000000    1.00000000
 105    0.00030075    0.00028140    1.00000000    1.00000000    1.00000000
 106    0.00030595    0.00028626    1.00000000    1.00000000    1.00000000
 107    0.00031122    0.00029119    1.00000000    1.00000000    1.00000000
 108    0.00031655    0.00029618    1.00000000    1.00000000    1.00000000
 109    0.00032195    0.00030123    1.00000000    1.00000000    1.00000000
 110    0.00032741    0.00030635    1.00000000    1.00000000    1.00000000
 111    0.00033295    0.00031153    1.00000000    1.00000000    1.00000000
 112    0.00033856    0.00031677    1.00000000    1.00000000    1.00000000
 113    0.00034423    0.00032208    1.00000000    1.00000000    1.00000000
 114    0.00034998    0.00032746    1.00000000    1.00000000    1.00000000
 115    0.00035580    0.00033290    1.00000000    1.00000000    1.00000000
 116    0.00036169    0.00033842    1.00000000    1.00000000    1.00000000
 117    0.00036766    0.00034400    1.00000000    1.00000000    1.00000000
 118    0.00037370    0.00034965    1.00000000    1.00000000    1.00000000
 119    0.00037982    0.00035538    1.00000000    1.00000000    1.00000000
 120    0.00038601    0.00036117    1.00000000    1.00000000    1.00000000
 121    0.00039228    0.00036704    1.00000000    1.00000000    1.00000000
 122    0.00039864    0.00037298    1.00000000    1.00000000    1.00000000
 123    0.00040507    0.00037900    1.00000000    1.00000000    1.00000000
 124    0.00041158    0.00038509    1.00000000    1.00000000    1.00000000
 125    0.00041817    0.00039126    1.00000000    1.00000000    1.00000000
 126    0.00042485    0.00039751    1.00000000    1.00000000    1.00000000
 127    0.00043161    0.00040384    1.00000000    1.00000000    1.00000000
 128    0.00043846    0.00041024    1.00000000    1.00000000    1.00000000
 129    0.00044539    0.00041673    1.00000000    1.00000000    1.00000000
 130    0.00045241    0.00042330    1.00000000    1.00000000    1.00000000
 131    0.00045952    0.00042995    1.00000000    1.00000000    1.00000000
 132    0.00046671    0.00043668    1.00000000    1.00000000    1.00000000
 133    0.00047400    0.00044350    1.00000000    1.00000000    1.00000000
 134    0.00048138    0.00045041    1.00000000    1.00000000    1.00000000
 135    0.00048885    0.00045740    1.00000000    1.00000000    1.00000000
 136    0.00049642    0.00046448    1.00000000    1.00000000    1.00000000
 137    0.00050408    0.00047165    1.00000000    1.00000000    1.00000000
 138    0.00051184    0.00047890    1.00000000    1.00000000    1.00000000
 139    0.00051970    0.00048625    1.00000000    1.00000000    1.00000000
 140    0.00052765    0.00049370    1.00000000    1.00000000    1.00000000
 141    0.00053570    0.00050123    1.00000000    1.00000000    1.00000000
 142    0.00054386    0.00050886    1.00000000    1.00000000    1.00000000
 143    0.00055212    0.00051659    1.00000000    1.00000000    1.00000000
 144    0.00056048    0.00052441    1.00000000    1.00000000    1.00000000
 145    0.00056895    0.00053234    1.00000000    1.00000000    1.00000000
 146    0.00057752    0.00054036    1.00000000    1.00000000    1.00000000
 147    0.00058620    0.00054848    1.00000000    1.00000000    1.00000000
 148    0.00059499    0.00055671    1.00000000    1.00000000    1.00000000
 149    0.00060389    0.00056503    1.00000000    1.00000000    1.00000000
 150    0.00061291    0.00057347    1.00000000    1.00000000    1.00000000
 151    0.00062203    0.00058201    1.00000000    1.00000000    1.00000000
 152    0.00063128    0.00059065    1.00000000    1.00000000    1.00000000
 153    0.00064063    0.00059941    1.00000000    1.00000000    1.00000000
 154    0.00065011    0.00060827    1.00000000    1.00000000    1.00000000
 155    0.00065970    0.00061725    1.00000000    1.00000000    1.00000000
 156    0.00066942    0.00062634    1.00000000    1.00000000    1.00000000
 157    0.00067926    0.00063555    1.00000000    1.00000000    1.00000000
 158    0.00068922    0.00064487    1.00000000    1.00000000    1.00000000
 159    0.00069930    0.00065430    1.00000000    1.00000000    1.00000000
 160    0.00070952    0.00066386    1.00000000    1.00000000    1.00000000
 161    0.00071986    0.00067354    1.00000000    1.00000000    1.00000000
 162    0.00073033    0.00068333    1.00000000    1.00000000    1.00000000
 163    0.00074093    0.00069326    1.00000000    1.00000000    1.00000000
 164    0.00075167    0.00070330    1.00000000    1.00000000    1.00000000
 165    0.00076254    0.00071347    1.00000000    1.00000000    1.00000000
 166    0.00077355    0.00072377    1.00000000    1.00000000    1.00000000
 167    0.00078470    0.00073420    1.00000000    1.00000000    1.00000000
 168    0.00079599    0.00074477    1.00000000    1.00000000    1.00000000
 169    0.00080742    0.00075546    1.00000000    1.00000000    1.00000000
 170    0.00081899    0.00076629    1.00000000    1.00000000    1.00000000
 171    0.00083071    0.00077725    1.00000000    1.00000000    1.00000000
 172    0.00084257    0.00078836    1.00000000    1.00000000    1.00000000
 173    0.00085459    0.00079960    1.00000000    1.00000000    1.00000000
 174    0.00086676    0.00081098    1.00000000    1.00000000    1.00000000
 175    0.00087908    0.00082251    1.00000000    1.00000000    1.00000000
 176    0.00089155    0.00083418    1.00000000    1.00000000    1.00000000
 177    0.00090418    0.00084600    1.00000000    1.00000000    1.00000000
 178    0.00091697    0.00085797    1.00000000    1.00000000    1.00000000
 179    0.00092992    0.00087008    1.00000000    1.00000000    1.00000000
 180    0.00094304    0.00088235    1.00000000    1.00000000    1.00000000
 181    0.00095632    0.00089478    1.00000000    1.00000000    1.00000000
 182    0.00096976    0.00090736    1.00000000    1.00000000    1.00000000
 183    0.00098338    0.00092010    1.00000000    1.00000000    1.00000000
 184    0.00099717    0.00093300    1.00000000    1.00000000    1.00000000
 185    0.00101113    0.00094606    1.00000000    1.00000000    1.00000000
 186    0.00102526    0.00095929    1.00000000    1.00000000    1.00000000
 187    0.00103958    0.00097268    1.00000000    1.00000000    1.00000000
 188    0.00105407    0.00098624    1.00000000    1.00000000    1.00000000
 189    0.00106874    0.00099997    1.00000000    1.00000000    1.00000000
 190    0.00108360    0.00101388    1.00000000    1.00000000    1.00000000
 191    0.00109865    0.00102795    1.00000000    1.00000000    1.00000000
 192    0.00111389    0.00104221    1.00000000    1.00000000    1.00000000
 193    0.00112932    0.00105665    1.00000000    1.00000000    1.00000000
 194    0.00114494    0.00107126    1.00000000    1.00000000    1.00000000
 195    0.00116076    0.00108606    1.00000000    1.00000000    1.00000000
 196    0.00117678    0.00110105    1.00000000    1.00000000    1.00000000
 197    0.00119299    0.00111623    1.00000000    1.00000000    1.00000000
 198    0.00120942    0.00113159    1.00000000    1.00000000    1.00000000
 199    0.00122605    0.00114715    1.00000000    1.00000000    1.00000000
 200    0.00124289    0.00116291    1.00000000    1.00000000    1.00000000
 201    0.00125994    0.00117886    1.00000000    1.00000000    1.00000000
 202    0.00127720    0.00119502    1.00000000    1.00000000    1.00000000
 203    0.00129469    0.00121137    1.00000000    1.00000000    1.00000000
 204    0.00131239    0.00122794    1.00000000    1.00000000    1.00000000
 205    0.00133031    0.00124471    1.00000000    1.00000000    1.00000000
 206    0.00134846    0.00126169    1.00000000    1.00000000    1.00000000
 207    0.00136684    0.00127889    1.00000000    1.00000000    1.00000000
 208    0.00138545    0.00129630    1.00000000    1.00000000    1.00000000
 209    0.00140430    0.00131393    1.00000000    1.00000000    1.00000000
 210    0.00142338    0.00133178    1.00000000    1.00000000    1.00000000
 211    0.00144270    0.00134986    1.00000000    1.00000000    1.00000000
 212    0.00146226    0.00136817    1.00000000    1.00000000    1.00000000
 213    0.00148207    0.00138670    1.00000000    1.00000000    1.00000000
 214    0.00150213    0.00140547    1.00000000    1.00000000    1.00000000
 215    0.00152244    0.00142447    1.00000000    1.00000000    1.00000000
 216    0.00154301    0.00144372    1.00000000    1.00000000    1.00000000
 217    0.00156384    0.00146320    1.00000000    1.00000000    1.00000000
 218    0.00158492    0.00148293    1.00000000    1.00000000    1.00000000
 219    0.00160628    0.00150291    1.00000000    1.00000000    1.00000000
 220    0.00162790    0.00152314    1.00000000    1.00000000    1.00000000
 221    0.00164979    0.00154363    1.00000000    1.00000000    1.00000000
 222    0.00167196    0.00156437    1.00000000    1.00000000    1.00000000
 223    0.00169441    0.00158537    1.00000000    1.00000000    1.00000000
 224    0.00171714    0.00160664    1.00000000    1.00000000    1.00000000
 225    0.00174016    0.00162818    1.00000000    1.00000000    1.00000000
 226    0.00176346    0.00164998    1.00000000    1.00000000    1.00000000
 227    0.00178706    0.00167206    1.00000000    1.00000000    1.00000000
 228    0.00181096    0.00169442    1.00000000    1.00000000    1.00000000
 229    0.00183515    0.00171706    1.00000000    1.00000000    1.00000000
 230    0.00185965    0.00173998    1.00000000    1.00000000    1.00000000
 231    0.00188446    0.00176319    1.00000000    1.00000000    1.00000000
 232    0.00190958    0.00178670    1.00000000    1.00000000    1.00000000
 233    0.00193502    0.00181050    1.00000000    1.00000000    1.00000000
 234    0.00196078    0.00183460    1.00000000    1.00000000    1.00000000
 235    0.00198686    0.00185900    1.00000000    1.00000000    1.00000000
 236    0.00201327    0.00188371    1.00000000    1.00000000    1.00000000
 237    0.00204001    0.00190873    1.00000000    1.00000000    1.00000000
 238    0.00206709    0.00193406    1.00000000    1.00000000    1.00000000
 239    0.00209450    0.00195972    1.00000000    1.00000000    1.00000000
 240    0.00212227    0.00198569    1.00000000    1.00000000    1.00000000
 241    0.00215038    0.00201200    1.00000000    1.00000000    1.00000000
 242    0.00217884    0.00203863    1.00000000    1.00000000    1.00000000
 243    0.00220767    0.00206560    1.00000000    1.00000000    1.00000000
 244    0.00223685    0.00209291    1.00000000    1.00000000    1.00000000
 245    0.00226641    0.00212056    1.00000000    1.00000000    1.00000000
 246    0.00229633    0.00214856    1.00000000    1.00000000    1.00000000
 247    0.00232663    0.00217691    1.00000000    1.00000000    1.00000000
 248    0.00235732    0.00220562    1.00000000    1.00000000    1.00000000
 249    0.00238838    0.00223468    1.00000000    1.00000000    1.00000000
 250    0.00241984    0.00226412    1.00000000    1.00000000    1.00000000
 251    0.00245170    0.00229392    1.00000000    1.00000000    1.00000000
 252    0.00248396    0.00232410    1.00000000    1.00000000    1.00000000
 253    0.00251662    0.00235466    1.00000000    1.00000000    1.00000000
 254    0.00254969    0.00238561    1.00000000    1.00000000    1.00000000
 255    0.00258318    0.00241694    0.99999999    1.00000000    1.00000000
 256    0.00261709    0.00244867    0.99999999    1.00000000    1.00000000
 257    0.00265142    0.00248079    0.99999999    1.00000000    1.00000000
 258    0.00268619    0.00251332    0.99999999    1.00000000    1.00000000
 259    0.00272140    0.00254626    0.99999999    1.00000000    1.00000000
 260    0.00275704    0.00257961    0.99999999    1.00000000    1.00000000
 261    0.00279314    0.00261339    0.99999999    1.00000000    1.00000000
 262    0.00282969    0.00264759    0.99999999    1.00000000    1.00000000
 263    0.00286670    0.00268221    0.99999999    1.00000000    1.00000000
 264    0.00290418    0.00271728    0.99999999    1.00000000    1.00000000
 265    0.00294213    0.00275278    0.99999999    1.00000000    1.00000000
 266    0.00298055    0.00278873    0.99999999    1.00000000    1.00000000
 267    0.00301946    0.00282514    0.99999999    1.00000000    1.00000000
 268    0.00305886    0.00286200    0.99999999    1.00000000    1.00000000
 269    0.00309875    0.00289932    0.99999999    1.00000000    1.00000000
 270    0.00313914    0.00293712    0.99999999    1.00000000    1.00000000
 271    0.00318005    0.00297539    0.99999999    1.00000000    1.00000000
 272    0.00322146    0.00301414    0.99999999    1.00000000    1.00000000
 273    0.00326340    0.00305338    0.99999999    1.00000000    1.00000000
 274    0.00330587    0.00309311    0.99999999    1.00000000    1.00000000
 275    0.00334887    0.00313334    0.99999999    1.00000000    1.00000000
 276    0.00339241    0.00317408    0.99999999    1.00000000    1.00000000
 277    0.00343650    0.00321533    0.99999999    1.00000000    1.00000000
 278    0.00348114    0.00325710    0.99999999    1.00000000    1.00000000
 279    0.00352634    0.00329939    0.99999999    1.00000000    1.00000000
 280    0.00357212    0.00334222    0.99999999    1.00000000    1.00000000
 281    0.00361847    0.00338558    0.99999999    1.00000000    1.00000000
 282    0.00366540    0.00342949    0.99999999    1.00000000    1.00000000
 283    0.00371292    0.00347395    0.99999998    1.00000000    1.00000000
 284    0.00376104    0.00351898    0.99999998    1.00000000    1.00000000
 285    0.00380977    0.00356456    0.99999998    1.00000000    1.00000000
 286    0.00385910    0.00361073    0.99999998    1.00000000    1.00000000
 287    0.00390906    0.00365747    0.99999998    1.00000000    1.00000000
 288    0.00395965    0.00370480    0.99999998    1.00000000    1.00000000
 289    0.00401087    0.00375272    0.99999998    1.00000000    1.00000000
 290    0.00406274    0.00380125    0.99999998    1.00000000    1.00000000
 291    0.00411526    0.00385039    0.99999998    1.00000000    1.00000000
 292    0.00416844    0.00390015    0.99999998    1.00000000    1.00000000
 293    0.00422229    0.00395053    0.99999998    1.00000000    1.00000000
 294    0.00427682    0.00400154    0.99999998    1.00000000    1.00000000
 295    0.00433203    0.00405320    0.99999998    1.00000000    1.00000000
 296    0.00438794    0.00410551    0.99999997    1.00000000    1.00000000
 297    0.00444455    0.00415847    0.99999997    1.00000000    1.00000000
 298    0.00450187    0.00421210    0.99999997    1.00000000    1.00000000
 299    0.00455992    0.00426641    0.99999997    1.00000000    1.00000000
 300    0.00461869    0.00432140    0.99999997    1.00000000    1.00000000
 301    0.00467820    0.00437708    0.99999997    1.00000000    1.00000000
 302    0.00473847    0.00443346    0.99999997    1.00000000    1.00000000
 303    0.00479948    0.00449055    0.99999997    1.00000000    1.00000000
 304    0.00486127    0.00454836    0.99999997    1.00000000    1.00000000
 305    0.00492384    0.00460689    0.99999996    1.00000000    1.00000000
 306    0.00498719    0.00466616    0.99999996    1.00000000    1.00000000
 307    0.00505134    0.00472618    0.99999996    1.00000000    1.00000000
 308    0.00511629    0.00478695    0.99999996    1.00000000    1.00000000
 309    0.00518206    0.00484849    0.99999996    1.00000000    1.00000000
 310    0.00524866    0.00491079    0.99999996    1.00000000    1.00000000
 311    0.00531610    0.00497389    0.99999996    1.00000000    1.00000000
 312    0.00538439    0.00503777    0.99999995    1.00000000    1.00000000
 313    0.00545353    0.00510246    0.99999995    1.00000000    1.00000000
 314    0.00552354    0.00516797    0.99999995    1.00000000    1.00000000
 315    0.00559444    0.00523429    0.99999995    1.00000000    1.00000000
 316    0.00566623    0.00530146    0.99999995    1.00000000    1.00000000
 317    0.00573892    0.00536946    0.99999994    1.00000000    1.00000000
 318    0.00581252    0.00543832    0.99999994    1.00000000    1.00000000
 319    0.00588705    0.00550805    0.99999994    1.00000000    1.00000000
 320    0.00596252    0.00557865    0.99999994    1.00000000    1.00000000
 321    0.00603893    0.00565015    0.99999993    1.00000000    1.00000000
 322    0.00611631    0.00572254    0.99999993    1.00000000    1.00000000
 323    0.00619466    0.00579584    0.99999993    1.00000000    1.00000000
 324    0.00627400    0.00587006    0.99999993    1.00000000    1.00000000
 325    0.00635433    0.00594522    0.99999992    1.00000000    1.00000000
 326    0.00643568    0.00602132    0.99999992    1.00000000    1.00000000
 327    0.00651805    0.00609838    0.99999992    1.00000000    1.00000000
 328    0.00660145    0.00617641    0.99999991    1.00000000    1.00000000
 329    0.00668590    0.00625542    0.99999991    1.00000000    1.00000000
 330    0.00677142    0.00633542    0.99999991    1.00000000    1.00000000
 331    0.00685801    0.00641643    0.99999990    1.00000000    1.00000000
 332    0.00694569    0.00649846    0.99999990    1.00000000    1.00000000
 333    0.00703447    0.00658152    0.99999990    1.00000000    1.00000000
 334    0.00712437    0.00666562    0.99999989    1.00000000    1.00000000
 335    0.00721540    0.00675078    0.99999989    1.00000000    1.00000000
 336    0.00730758    0.00683701    0.99999988    1.00000000    1.00000000
 337    0.00740092    0.00692433    0.99999988    1.00000000    1.00000000
 338    0.00749542    0.00701274    0.99999987    1.00000000    1.00000000
 339    0.00759112    0.00710227    0.99999987    1.00000000    1.00000000
 340    0.00768802    0.00719292    0.99999986    1.00000000    1.00000000
 341    0.00778615    0.00728471    0.99999986    1.00000000    1.00000000
 342    0.00788550    0.00737766    0.99999985    1.00000000    1.00000000
 343    0.00798610    0.00747177    0.99999985    1.00000000    1.00000000
 344    0.00808797    0.00756707    0.99999984    1.00000000    1.00000000
 345    0.00819113    0.00766357    0.99999984    1.00000000    1.00000000
 346    0.00829557    0.00776127    0.99999983    1.00000000    1.00000000
 347    0.00840134    0.00786021    0.99999982    1.00000000    1.00000000
 348    0.00850843    0.00796039    0.99999982    1.00000000    1.00000000
 349    0.00861687    0.00806184    0.99999981    1.00000000    1.00000000
 350    0.00872667    0.00816455    0.99999980    1.00000000    1.00000000
 351    0.00883786    0.00826856    0.99999979    1.00000000    1.00000000
 352    0.00895044    0.00837388    0.99999979    1.00000000    1.00000000
 353    0.00906444    0.00848052    0.99999978    1.00000000    1.00000000
 354    0.00917988    0.00858850    0.99999977    1.00000000    1.00000000
 355    0.00929676    0.00869784    0.99999976    1.00000000    1.00000000
 356    0.00941512    0.00880855    0.99999975    1.00000000    1.00000000
 357    0.00953496    0.00892066    0.99999974    1.00000000    1.00000000
 358    0.00965632    0.00903417    0.99999973    0.99999999    0.99999999
 359    0.00977920    0.00914911    0.99999972    0.99999999    0.99999999
 360    0.00990362    0.00926550    0.99999971    0.99999999    0.99999999
 361    0.01002961    0.00938335    0.99999970    0.99999999    0.99999999
 362    0.01015718    0.00950268    0.99999969    0.99999999    0.99999999
 363    0.01028636    0.00962351    0.99999968    0.99999999    0.99999999
 364    0.01041717    0.00974586    0.99999966    0.99999999    0.99999999
 365    0.01054962    0.00986975    0.99999965    0.99999999    0.99999999
 366    0.01068373    0.00999520    0.99999964    0.99999999    0.99999999
 367    0.01081953    0.01012222    0.99999962    0.99999999    0.99999999
 368    0.01095704    0.01025084    0.99999961    0.99999999    0.99999999
 369    0.01109628    0.01038107    0.99999959    0.99999999    0.99999999
 370    0.01123727    0.01051295    0.99999958    0.99999999    0.99999999
 371    0.01138004    0.01064648    0.99999956    0.99999999    0.99999999
 372    0.01152460    0.01078169    0.99999954    0.99999999    0.99999999
 373    0.01167098    0.01091860    0.99999953    0.99999999    0.99999999
 374    0.01181920    0.01105723    0.99999951    0.99999999    0.99999999
 375    0.01196928    0.01119760    0.99999949    0.99999999    0.99999999
 376    0.01212125    0.01133973    0.99999947    0.99999999    0.99999999
 377    0.01227514    0.01148366    0.99999945    0.99999999    0.99999999
 378    0.01243096    0.01162939    0.99999943    0.99999999    0.99999999
 379    0.01258874    0.01177695    0.99999941    0.99999999    0.99999999
 380    0.01274850    0.01192637    0.99999938    0.99999999    0.99999999
 381    0.01291027    0.01207766    0.99999936    0.99999999    0.99999999
 382    0.01307408    0.01223086    0.99999934    0.99999999    0.99999999
 383    0.01323995    0.01238598    0.99999931    0.99999999    0.99999999
 384    0.01340791    0.01254305    0.99999928    0.99999999    0.99999999
 385    0.01357798    0.01270209    0.99999926    0.99999999    0.99999999
 386    0.01375018    0.01286314    0.99999923    0.99999999    0.99999999
 387    0.01392456    0.01302620    0.99999920    0.99999999    0.99999999
 388    0.01410112    0.01319132    0.99999917    0.99999998    0.99999998
 389    0.01427991    0.01335851    0.99999913    0.99999998    0.99999998
 390    0.01446095    0.01352780    0.99999910    0.99999998    0.99999998
 391    0.01464426    0.01369922    0.99999907    0.99999998    0.99999998
 392    0.01482988    0.01387279    0.99999903    0.99999998    0.99999998
 393    0.01501783    0.01404854    0.99999899    0.99999998    0.99999998
 394    0.01520815    0.01422650    0.99999895    0.99999998    0.99999998
 395    0.01540086    0.01440669    0.99999891    0.99999998    0.99999998
 396    0.01559600    0.01458915    0.99999887    0.99999998    0.99999998
 397    0.01579359    0.01477390    0.99999883    0.99999998    0.99999998
 398    0.01599367    0.01496097    0.99999878    0.99999998    0.99999998
 399    0.01619626    0.01515039    0.99999874    0.99999998    0.99999998
 400    0.01640140    0.01534219    0.99999869    0.99999998    0.99999998
 401    0.01660912    0.01553640    0.99999864    0.99999997    0.99999997
 402    0.01681946    0.01573305    0.99999859    0.99999997    0.99999997
 403    0.01703244    0.01593216    0.99999853    0.99999997    0.99999997
 404    0.01724810    0.01613378    0.99999847    0.99999997    0.99999997
 405    0.01746647    0.01633793    0.99999842    0.99999997    0.99999997
 406    0.01768759    0.01654464    0.99999836    0.99999997    0.99999997
 407    0.01791148    0.01675395    0.99999829    0.99999997    0.99999997
 408    0.01813820    0.01696589    0.99999823    0.99999997    0.99999997
 409    0.01836777    0.01718049    0.99999816    0.99999997    0.99999997
 410    0.01860022    0.01739778    0.99999809    0.99999996    0.99999996
 411    0.01883560    0.01761780    0.99999801    0.99999996    0.99999996
 412    0.01907394    0.01784058    0.99999794    0.99999996    0.99999996
 413    0.01931528    0.01806616    0.99999786    0.99999996    0.99999996
 414    0.01955965    0.01829457    0.99999778    0.99999996    0.99999996
 415    0.01980710    0.01852585    0.99999769    0.99999996    0.99999996
 416    0.02005766    0.01876002    0.99999760    0.99999996    0.99999996
 417    0.02031137    0.01899714    0.99999751    0.99999995    0.99999995
 418    0.02056828    0.01923724    0.99999741    0.99999995    0.99999995
 419    0.02082841    0.01948034    0.99999731    0.99999995    0.99999995
 420    0.02109182    0.01972650    0.99999721    0.99999995    0.99999995
 421    0.02135854    0.01997575    0.99999710    0.99999995    0.99999995
 422    0.02162861    0.02022812    0.99999699    0.99999994    0.99999994
 423    0.02190208    0.02048366    0.99999688    0.99999994    0.99999994
 424    0.02217899    0.02074240    0.99999676    0.99999994    0.99999994
 425    0.02245939    0.02100439    0.99999663    0.99999994    0.99999994
 426    0.02274331    0.02126967    0.99999650    0.99999993    0.99999993
 427    0.02303080    0.02153827    0.99999637    0.99999993    0.99999993
 428    0.02332191    0.02181025    0.99999623    0.99999993    0.99999993
 429    0.02361668    0.02208563    0.99999609    0.99999993    0.99999993
 430    0.02391516    0.02236447    0.99999594    0.99999992    0.99999992
 431    0.02421739    0.02264680    0.99999578    0.99999992    0.99999992
 432    0.02452343    0.02293267    0.99999562    0.99999992    0.99999992
 433    0.02483331    0.02322213    0.99999545    0.99999992    0.99999992
 434    0.02514709    0.02351521    0.99999527    0.99999991    0.99999991
 435    0.02546482    0.02381197    0.99999509    0.99999991    0.99999991
 436    0.02578655    0.02411244    0.99999491    0.99999991    0.99999991
 437    0.02611232    0.02441668    0.99999471    0.99999990    0.99999990
 438    0.02644219    0.02472474    0.99999451    0.99999990    0.99999990
 439    0.02677621    0.02503665    0.99999430    0.99999989    0.99999989
 440    0.02711443    0.02535247    0.99999408    0.99999989    0.99999989
 441    0.02745690    0.02567225    0.99999385    0.99999989    0.99999989
 442    0.02780369    0.02599604    0.99999361    0.99999988    0.99999988
 443    0.02815483    0.02632387    0.99999337    0.99999988    0.99999988
 444    0.02851039    0.02665582    0.99999312    0.99999987    0.99999987
 445    0.02887043    0.02699192    0.99999285    0.99999987    0.99999987
 446    0.02923499    0.02733223    0.99999258    0.99999986    0.99999986
 447    0.02960414    0.02767679    0.99999229    0.99999986    0.99999986
 448    0.02997793    0.02802567    0.99999200    0.99999985    0.99999985
 449    0.03035642    0.02837892    0.99999169    0.99999985    0.99999985
 450    0.03073968    0.02873659    0.99999137    0.99999984    0.99999984
 451    0.03112775    0.02909873    0.99999104    0.99999983    0.99999983
 452    0.03152071    0.02946541    0.99999070    0.99999983    0.99999983
 453    0.03191861    0.02983667    0.99999034    0.99999982    0.99999982
 454    0.03232151    0.03021257    0.99998997    0.99999981    0.99999981
 455    0.03272948    0.03059317    0.99998959    0.99999981    0.99999981
 456    0.03314259    0.03097853    0.99998919    0.99999980    0.99999980
 457    0.03356088    0.03136871    0.99998877    0.99999979    0.99999979
 458    0.03398445    0.03176377    0.99998834    0.99999978    0.99999978
 459    0.03441334    0.03216377    0.99998790    0.99999978    0.99999978
 460    0.03484762    0.03256876    0.99998743    0.99999977    0.99999977
 461    0.03528737    0.03297881    0.99998695    0.99999976    0.99999976
 462    0.03573264    0.03339398    0.99998645    0.99999975    0.99999975
 463    0.03618352    0.03381434    0.99998593    0.99999974    0.99999974
 464    0.03664007    0.03423995    0.99998540    0.99999973    0.99999973
 465    0.03710236    0.03467087    0.99998484    0.99999972    0.99999972
 466    0.03757047    0.03510717    0.99998426    0.99999971    0.99999971
 467    0.03804447    0.03554891    0.99998365    0.99999970    0.99999970
 468    0.03852442    0.03599617    0.99998303    0.99999969    0.99999969
 469    0.03901042    0.03644900    0.99998238    0.99999967    0.99999967
 470    0.03950253    0.03690748    0.99998170    0.99999966    0.99999966
 471    0.04000083    0.03737168    0.99998100    0.99999965    0.99999965
 472    0.04050539    0.03784166    0.99998028    0.99999963    0.99999963
 473    0.04101630    0.03831751    0.99997952    0.99999962    0.99999962
 474    0.04153364    0.03879928    0.99997874    0.99999961    0.99999961
 475    0.04205749    0.03928705    0.99997792    0.99999959    0.99999959
 476    0.04258792    0.03978090    0.99997708    0.99999958    0.99999958
 477    0.04312503    0.04028089    0.99997620    0.99999956    0.99999956
 478    0.04366889    0.04078711    0.99997529    0.99999954    0.99999954
 479    0.04421960    0.04129963    0.99997435    0.99999952    0.99999952
 480    0.04477723    0.04181853    0.99997337    0.99999951    0.99999951
 481    0.04534187    0.04234388    0.99997235    0.99999949    0.99999949
 482    0.04591362    0.04287576    0.99997129    0.99999947    0.99999947
 483    0.04649256    0.04341425    0.99997019    0.99999945    0.99999945
 484    0.04707878    0.04395944    0.99996905    0.99999943    0.99999943
 485    0.04767238    0.04451139    0.99996787    0.99999940    0.99999940
 486    0.04827344    0.04507020    0.99996664    0.99999938    0.99999938
 487    0.04888206    0.04563595    0.99996536    0.99999936    0.99999936
 488    0.04949834    0.04620872    0.99996404    0.99999933    0.99999933
 489    0.05012237    0.04678859    0.99996267    0.99999931    0.99999931
 490    0.05075425    0.04737566    0.99996124    0.99999928    0.99999928
 491    0.05139408    0.04797000    0.99995976    0.99999925    0.99999925
 492    0.05204195    0.04857171    0.99995822    0.99999923    0.99999923
 493    0.05269798    0.04918088    0.99995662    0.99999920    0.99999920
 494    0.05336225    0.04979758    0.99995496    0.99999917    0.99999917
 495    0.05403488    0.05042192    0.99995324    0.99999913    0.99999913
 496    0.05471598    0.05105399    0.99995146    0.99999910    0.99999910
 497    0.05540564    0.05169387    0.99994960    0.99999907    0.99999907
 498    0.05610397    0.05234166    0.99994768    0.99999903    0.99999903
 499    0.05681109    0.05299745    0.99994568    0.99999899    0.99999899
 500    0.05752710    0.05366135    0.99994360    0.99999896    0.99999896
 501    0.05825212    0.05433344    0.99994145    0.99999892    0.99999892
 502    0.05898626    0.05501382    0.99993921    0.99999888    0.99999888
 503    0.05972963    0.05570260    0.99993689    0.99999883    0.99999883
 504    0.06048236    0.05639986    0.99993448    0.99999879    0.99999879
 505    0.06124455    0.05710572    0.99993198    0.99999874    0.99999874
 506    0.06201633    0.05782027    0.99992939    0.99999869    0.99999869
 507    0.06279781    0.05854361    0.99992669    0.99999864    0.99999864
 508    0.06358913    0.05927585    0.99992389    0.99999859    0.99999859
 509    0.06439040    0.06001709    0.99992099    0.99999854    0.99999854
 510    0.06520175    0.06076744    0.99991797    0.99999848    0.99999848
 511    0.06602330    0.06152700    0.99991484    0.99999843    0.99999843
 512    0.06685519    0.06229587    0.99991160    0.99999837    0.99999837
 513    0.06769754    0.06307418    0.99990822    0.99999830    0.99999830
 514    0.06855049    0.06386203    0.99990472    0.99999824    0.99999824
 515    0.06941417    0.06465952    0.99990109    0.99999817    0.99999817
 516    0.07028871    0.06546678    0.99989732    0.99999810    0.99999810
 517    0.07117425    0.06628390    0.99989340    0.99999803    0.99999803
 518    0.07207093    0.06711101    0.99988934    0.99999796    0.99999796
 519    0.07297888    0.06794822    0.99988512    0.99999788    0.99999788
 520    0.07389826    0.06879565    0.99988074    0.99999780    0.99999780
 521    0.07482921    0.06965341    0.99987620    0.99999771    0.99999771
 522    0.07577186    0.07052161    0.99987148    0.99999763    0.99999763
 523    0.07672637    0.07140039    0.99986658    0.99999754    0.99999754
 524    0.07769288    0.07228985    0.99986150    0.99999744    0.99999744
 525    0.07867156    0.07319012    0.99985623    0.99999735    0.99999735
 526    0.07966254    0.07410132    0.99985075    0.99999724    0.99999724
 527    0.08066599    0.07502357    0.99984507    0.99999714    0.99999714
 528    0.08168206    0.07595699    0.99983917    0.99999703    0.99999703
 529    0.08271091    0.07690171    0.99983305    0.99999692    0.99999692
 530    0.08375270    0.07785786    0.99982669    0.99999680    0.99999680
 531    0.08480760    0.07882556    0.99982010    0.99999668    0.99999668
 532    0.08587577    0.07980494    0.99981325    0.99999655    0.99999655
 533    0.08695737    0.08079612    0.99980614    0.99999642    0.99999642
 534    0.08805257    0.08179924    0.99979877    0.99999629    0.99999629
 535    0.08916156    0.08281442    0.99979112    0.99999615    0.99999615
 536    0.09028449    0.08384180    0.99978317    0.99999600    0.99999600
 537    0.09142154    0.08488151    0.99977493    0.99999585    0.99999585
 538    0.09257290    0.08593367    0.99976638    0.99999569    0.99999569
 539    0.09373874    0.08699843    0.99975750    0.99999553    0.99999553
 540    0.09491925    0.08807591    0.99974828    0.99999536    0.99999536
 541    0.09611460    0.08916626    0.99973872    0.99999519    0.99999519
 542    0.09732499    0.09026960    0.99972879    0.99999500    0.99999500
 543    0.09855061    0.09138608    0.99971849    0.99999482    0.99999482
 544    0.09979164    0.09251583    0.99970780    0.99999462    0.99999462
 545    0.10104828    0.09365898    0.99969671    0.99999442    0.99999442
 546    0.10232073    0.09481568    0.99968520    0.99999421    0.99999421
 547    0.10360918    0.09598606    0.99967326    0.99999399    0.99999399
 548    0.10491384    0.09717027    0.99966086    0.99999376    0.99999376
 549    0.10623491    0.09836844    0.99964800    0.99999352    0.99999352
 550    0.10757260    0.09958071    0.99963465    0.99999328    0.99999328
 551    0.10892712    0.10080723    0.99962080    0.99999303    0.99999303
 552    0.11029867    0.10204814    0.99960643    0.99999276    0.99999276
 553    0.11168747    0.10330357    0.99959151    0.99999249    0.99999249
 554    0.11309374    0.10457367    0.99957604    0.99999221    0.99999221
 555    0.11451770    0.10585858    0.99955998    0.99999191    0.99999191
 556    0.11595958    0.10715844    0.99954332    0.99999161    0.99999161
 557    0.11741959    0.10847339    0.99952603    0.99999129    0.99999129
 558    0.11889796    0.10980359    0.99950810    0.99999097    0.99999097
 559    0.12039493    0.11114916    0.99948949    0.99999063    0.99999063
 560    0.12191073    0.11251025    0.99947018    0.99999027    0.99999027
 561    0.12344559    0.11388701    0.99945015    0.99998991    0.99998991
 562    0.12499977    0.11527957    0.99942936    0.99998953    0.99998953
 563    0.12657349    0.11668807    0.99940780    0.99998914    0.99998914
 564    0.12816700    0.11811267    0.99938543    0.99998873    0.99998873
 565    0.12978056    0.11955349    0.99936222    0.99998831    0.99998831
 566    0.13141442    0.12101068    0.99933815    0.99998787    0.99998787
 567    0.13306882    0.12248438    0.99931317    0.99998741    0.99998741
 568    0.13474404    0.12397472    0.99928726    0.99998694    0.99998694
 569    0.13644033    0.12548185    0.99926039    0.99998645    0.99998645
 570    0.13815796    0.12700590    0.99923251    0.99998595    0.99998595
 571    0.13989719    0.12854701    0.99920359    0.99998542    0.99998542
 572    0.14165829    0.13010530    0.99917359    0.99998488    0.99998488
 573    0.14344155    0.13168093    0.99914248    0.99998431    0.99998431
 574    0.14524724    0.13327400    0.99911020    0.99998372    0.99998372
 575    0.14707565    0.13488467    0.99907673    0.99998312    0.99998312
 576    0.14892705    0.13651305    0.99904201    0.99998249    0.99998249
 577    0.15080174    0.13815927    0.99900600    0.99998183    0.99998183
 578    0.15270000    0.13982346    0.99896866    0.99998116    0.99998116
 579    0.15462215    0.14150574    0.99892993    0.99998046    0.99998046
 580    0.15656848    0.14320623    0.99888976    0.99997973    0.99997973
 581    0.15853928    0.14492504    0.99884811    0.99997897    0.99997897
 582    0.16053488    0.14666230    0.99880492    0.99997819    0.99997819
 583    0.16255558    0.14841811    0.99876013    0.99997738    0.99997738
 584    0.16460169    0.15019258    0.99871368    0.99997654    0.99997654
 585    0.16667354    0.15198583    0.99866552    0.99997567    0.99997567
 586    0.16877145    0.15379794    0.99861559    0.99997477    0.99997477
 587    0.17089575    0.15562902    0.99856381    0.99997384    0.99997384
 588    0.17304678    0.15747917    0.99851013    0.99997287    0.99997287
 589    0.17522485    0.15934847    0.99845448    0.99997186    0.99997186
 590    0.17743033    0.16123702    0.99839679    0.99997082    0.99997082
 591    0.17966354    0.16314488    0.99833697    0.99996974    0.99996974
 592    0.18192485    0.16507214    0.99827497    0.99996863    0.99996863
 593    0.18421460    0.16701887    0.99821070    0.99996747    0.99996747
 594    0.18653315    0.16898514    0.99814407    0.99996627    0.99996627
 595    0.18888087    0.17097099    0.99807502    0.99996503    0.99996503
 596    0.19125811    0.17297650    0.99800344    0.99996374    0.99996374
 597    0.19366526    0.17500170    0.99792926    0.99996241    0.99996241
 598    0.19610269    0.17704663    0.99785238    0.99996103    0.99996103
 599    0.19857077    0.17911132    0.99777271    0.99995959    0.99995959
 600    0.20106990    0.18119581    0.99769014    0.99995811    0.99995811
 601    0.20360047    0.18330011    0.99760458    0.99995658    0.99995658
 602    0.20616286    0.18542422    0.99751593    0.99995499    0.99995499
 603    0.20875749    0.18756816    0.99742408    0.99995334    0.99995334
 604    0.21138475    0.18973189    0.99732891    0.99995163    0.99995163
 605    0.21404507    0.19191542    0.99723031    0.99994987    0.99994987
 606    0.21673884    0.19411870    0.99712817    0.99994804    0.99994804
 607    0.21946649    0.19634170    0.99702236    0.99994614    0.99994614
 608    0.22222846    0.19858437    0.99691276    0.99994418    0.99994418
 609    0.22502517    0.20084665    0.99679923    0.99994215    0.99994215
 610    0.22785705    0.20312845    0.99668165    0.99994005    0.99994005
 611    0.23072456    0.20542969    0.99655988    0.99993787    0.99993787
 612    0.23362813    0.20775026    0.99643378    0.99993562    0.99993562
 613    0.23656823    0.21009006    0.99630320    0.99993329    0.99993329
 614    0.23954531    0.21244895    0.99616799    0.99993087    0.99993087
 615    0.24255984    0.21482679    0.99602799    0.99992838    0.99992838
 616    0.24561228    0.21722341    0.99588306    0.99992579    0.99992579
 617    0.24870312    0.21963862    0.99573302    0.99992311    0.99992311
 618    0.25183284    0.22207225    0.99557771    0.99992034    0.99992034
 619    0.25500192    0.22452407    0.99541695    0.99991748    0.99991748
 620    0.25821087    0.22699384    0.99525057    0.99991451    0.99991451
 621    0.26146018    0.22948131    0.99507838    0.99991144    0.99991144
 622    0.26475036    0.23198620    0.99490020    0.99990827    0.99990827
 623    0.26808193    0.23450822    0.99471584    0.99990499    0.99990499
 624    0.27145540    0.23704705    0.99452509    0.99990159    0.99990159
 625    0.27487131    0.23960234    0.99432776    0.99989808    0.99989808
 626    0.27833018    0.24217372    0.99412363    0.99989445    0.99989445
 627    0.28183256    0.24476079    0.99391250    0.99989069    0.99989069
 628    0.28537899    0.24736314    0.99369414    0.99988681    0.99988681
 629    0.28897004    0.24998031    0.99346833    0.99988279    0.99988279
 630    0.29260625    0.25261181    0.99323484    0.99987864    0.99987864
 631    0.29628820    0.25525715    0.99299343    0.99987435    0.99987435
 632    0.30001646    0.25791578    0.99274387    0.99986991    0.99986991
 633    0.30379162    0.26058711    0.99248591    0.99986532    0.99986532
 634    0.30761427    0.26327053    0.99221930    0.99986059    0.99986059
 635    0.31148500    0.26596541    0.99194378    0.99985569    0.99985569
 636    0.31540441    0.26867105    0.99165909    0.99985063    0.99985063
 637    0.31937313    0.27138672    0.99136496    0.99984541    0.99984541
 638    0.32339177    0.27411166    0.99106112    0.99984001    0.99984001
 639    0.32746095    0.27684506    0.99074729    0.99983444    0.99983444
 640    0.33158132    0.27958607    0.99042319    0.99982868    0.99982868
 641    0.33575352    0.28233378    0.99008853    0.99982274    0.99982274
 642    0.33997819    0.28508724    0.98974302    0.99981661    0.99981661
 643    0.34425601    0.28784546    0.98938636    0.99981027    0.99981027
 644    0.34858763    0.29060738    0.98901826    0.99980374    0.99980374
 645    0.35297374    0.29337189    0.98863839    0.99979700    0.99979700
 646    0.35741502    0.29613784    0.98824646    0.99979005    0.99979005
 647    0.36191217    0.29890399    0.98784216    0.99978288    0.99978288
 648    0.36646588    0.30166907    0.98742515    0.99977548    0.99977548
 649    0.37107687    0.30443172    0.98699514    0.99976786    0.99976786
 650    0.37574586    0.30719052    0.98655178    0.99976000    0.99976000
 651    0.38047358    0.30994400    0.98609477    0.99975191    0.99975191
 652    0.38526076    0.31269059    0.98562377    0.99974357    0.99974357
 653    0.39010817    0.31542866    0.98513845    0.99973498    0.99973498
 654    0.39501654    0.31815649    0.98463850    0.99972613    0.99972613
 655    0.39998665    0.32087230    0.98412358    0.99971702    0.99971702
 656    0.40501928    0.32357420    0.98359336    0.99970765    0.99970765
 657    0.41011522    0.32626023    0.98304752    0.99969801    0.99969801
 658    0.41527525    0.32892833    0.98248574    0.99968809    0.99968809
 659    0.42050018    0.33157635    0.98190770    0.99967788    0.99967788
 660    0.42579084    0.33420202    0.98131308    0.99966740    0.99966740
 661    0.43114805    0.33680301    0.98070157    0.99965662    0.99965662
 662    0.43657264    0.33937683    0.98007287    0.99964554    0.99964554
 663    0.44206547    0.34192093    0.97942668    0.99963416    0.99963416
 664    0.44762738    0.34443261    0.97876272    0.99962247    0.99962247
 665    0.45325926    0.34690906    0.97808070    0.99961047    0.99961047
 666    0.45896198    0.34934734    0.97738036    0.99959814    0.99959814
 667    0.46473642    0.35174440    0.97666145    0.99958549    0.99958549
 668    0.47058351    0.35409704    0.97592372    0.99957251    0.99957251
 669    0.47650414    0.35640193    0.97516696    0.99955918    0.99955918
 670    0.48249924    0.35865558    0.97439096    0.99954550    0.99954550
 671    0.48856975    0.36085438    0.97359553    0.99953145    0.99953145
 672    0.49471662    0.36299454    0.97278052    0.99951703    0.99951703
 673    0.50094080    0.36507212    0.97194578    0.99950222    0.99950222
 674    0.50724328    0.36708303    0.97109120    0.99948699    0.99948699
 675    0.51362503    0.36902298    0.97021670    0.99947134    0.99947134
 676    0.52008706    0.37088755    0.96932223    0.99945524    0.99945524
 677    0.52663036    0.37267210    0.96840778    0.99943865    0.99943865
 678    0.53325597    0.37437182    0.96747336    0.99942154    0.99942154
 679    0.53996493    0.37598171    0.96651902    0.99940388    0.99940388
 680    0.54675827    0.37749657    0.96554488    0.99938560    0.99938560
 681    0.55363705    0.37891102    0.96455109    0.99936665    0.99936665
 682    0.56060237    0.38021945    0.96353783    0.99934697    0.99934697
 683    0.56765530    0.38141605    0.96250535    0.99932646    0.99932646
 684    0.57479694    0.38249480    0.96145397    0.99930504    0.99930504
 685    0.58202841    0.38344946    0.96038404    0.99928258    0.99928258
 686    0.58935084    0.38427356    0.95929600    0.99925894    0.99925894
 687    0.59676538    0.38496043    0.95819032    0.99923398    0.99923398
 688    0.60427318    0.38550315    0.95706758    0.99920750    0.99920750
 689    0.61187542    0.38589458    0.95592840    0.99917927    0.99917927
 690    0.61957328    0.38612736    0.95477351    0.99914906    0.99914906
 691    0.62736797    0.38619389    0.95360368    0.99911655    0.99911655
 692    0.63526071    0.38608636    0.95241980    0.99908141    0.99908141
 693    0.64325272    0.38579671    0.95122283    0.99904323    0.99904323
 694    0.65134526    0.38531668    0.95001381    0.99900156    0.99900156
 695    0.65953959    0.38463779    0.94879390    0.99895586    0.99895586
 696    0.66783700    0.38375136    0.94756433    0.99890553    0.99890553
 697    0.67623877    0.38264849    0.94632643    0.99884986    0.99884986
 698    0.68474623    0.38132011    0.94508166    0.99878808    0.99878808
 699    0.69336069    0.37975696    0.94383154    0.99871926    0.99871926
 700    0.70208351    0.37794964    0.94257772    0.99864238    0.99864238
 701    0.71091605    0.37588858    0.94132193    0.99855629    0.99855629
 702    0.71985969    0.37356412    0.94006603    0.99845966    0.99845966
 703    0.72891583    0.37096647    0.93881195    0.99835102    0.99835102
 704    0.73808588    0.36808580    0.93756175    0.99822872    0.99822872
 705    0.74737127    0.36491220    0.93631755    0.99809091    0.99809091
 706    0.75677346    0.36143579    0.93508160    0.99793553    0.99793553
 707    0.76629392    0.35764670    0.93385620    0.99776029    0.99776029
 708    0.77593413    0.35353514    0.93264375    0.99756266    0.99756266
 709    0.78569559    0.34909142    0.93144672    0.99733986    0.99733986
 710    0.79557985    0.34430602    0.93026764    0.99708884    0.99708884
 711    0.80558843    0.33916965    0.92910908    0.99680625    0.99680625
 712    0.81572290    0.33367327    0.92797366    0.99648846    0.99648846
 713    0.82598485    0.32780819    0.92686402    0.99613156    0.99613156
 714    0.83637587    0.32156612    0.92578281    0.99573130    0.99573130
 715    0.84689760    0.31493921    0.92473266    0.99528318    0.99528318
 716    0.85755168    0.30792018    0.92371617    0.99478237    0.99478237
 717    0.86833977    0.30050234    0.92273589    0.99422379    0.99422379
 718    0.87926356    0.29267968    0.92179428    0.99360210    0.99360210
 719    0.89032475    0.28444695    0.92089371    0.99291175    0.99291175
 720    0.90152507    0.27579977    0.92003642    0.99214702    0.99214702
 721    0.91286628    0.26673463    0.91922447    0.99130207    0.99130207
 722    0.92435014    0.25724905    0.91845974    0.99037100    0.99037100
 723    0.93597845    0.24734161    0.91774389    0.98934796    0.98934796
 724    0.94775303    0.23701200    0.91707831    0.98822722    0.98822722
 725    0.95967571    0.22626115    0.91646412    0.98700326    0.98700326
 726    0.97174836    0.21509124    0.91590209    0.98567097    0.98567097
 727    0.98397287    0.20350576    0.91539264    0.98422567    0.98422567
 728    0.99635114    0.19150957    0.91493582    0.98266337    0.98266337
 729    1.00888511    0.17910891    0.91453121    0.98098086    0.98098086
 730    1.02157674    0.16631144    0.91417797    0.97917587    0.97917587
 731    1.03442802    0.15312624    0.91387475    0.97724730    0.97724730
 732    1.04744094    0.13956378    0.91361969    0.97519530    0.97519530
 733    1.06061754    0.12563592    0.91341041    0.97302151    0.97302151
 734    1.07395988    0.11135589    0.91324392    0.97072917    0.97072917
 735    1.08747005    0.09673815    0.91311670    0.96832324    0.96832324
 736    1.10115016    0.08179842    0.91302459    0.96581054    0.96581054
 737    1.11500234    0.06655348    0.91296285    0.96319981    0.96319981
 738    1.12902876    0.05102116    0.91292611    0.96050175    0.96050175
 739    1.14323161    0.03522011    0.91290838    0.95772903    0.95772903
 740    1.15761311    0.01916975    0.91290306    0.95489622    0.95489622
 741    1.17217551    0.00289006    0.91290294    0.95201973    0.95201973
 742    1.18692108   -0.01359853    0.91290020    0.94911761    0.94911761
 743    1.20185212   -0.03027535    0.91288643    0.94620938    0.94620938
 744    1.21697098   -0.04711964    0.91285265    0.94331580    0.94331580
 745    1.23228001   -0.06411067    0.91278933    0.94045855    0.94045855
 746    1.24778160   -0.08122793    0.91268641    0.93765995    0.93765995
 747    1.26347818   -0.09845123    0.91253332    0.93494260    0.93494260
 748    1.27937219   -0.11576081    0.91231899    0.93232909    0.93232909
 749    1.29546613   -0.13313742    0.91203193    0.92984162    0.92984162
 750    1.31176251   -0.15056234    0.91166020    0.92750180    0.92750180
 751    1.32826386   -0.16801744    0.91119145    0.92533035    0.92533035
 752    1.34497278   -0.18548505    0.91061298    0.92334698    0.92334698
 753    1.36189188   -0.20294796    0.90991176    0.92157033    0.92157033
 754    1.37902379   -0.22038925    0.90907442    0.92001792    0.92001792
 755    1.39637119   -0.23779214    0.90808737    0.91870636    0.91870636
 756    1.41393679   -0.25513983    0.90693675    0.91765147    0.91765147
 757    1.43172334   -0.27241530    0.90560854    0.91686859    0.91686859
 758    1.44973362   -0.28960113    0.90408858    0.91637280    0.91637280
 759    1.46797044   -0.30667943    0.90236263    0.91617907    0.91617907
 760    1.48643666   -0.32363183    0.90041641    0.91630231    0.91630231
 761    1.50513515   -0.34043968    0.89823569    0.91675687    0.91675687
 762    1.52406883   -0.35708433    0.89580635    0.91755620    0.91755620
 763    1.54324068   -0.37354730    0.89311441    0.91871248    0.91871248
 764    1.56265367   -0.38981026    0.89014609    0.92023657    0.92023657
 765    1.58231085   -0.40585509    0.88688791    0.92213790    0.92213790
 766    1.60221529   -0.42166388    0.88332673    0.92442435    0.92442435
 767    1.62237009   -0.43721899    0.87944980    0.92710215    0.92710215
 768    1.64277841   -0.45250302    0.87524484    0.93017578    0.93017578
 769    1.66344344   -0.46749886    0.87070010    0.93364792    0.93364792
 770    1.68436840   -0.48218972    0.86580443    0.93751931    0.93751931
 771    1.70555656   -0.49655913    0.86054733    0.94178872    0.94178872
 772    1.72701124   -0.51059098    0.85491899    0.94645289    0.94645289
 773    1.74873579   -0.52426952    0.84891042    0.95150642    0.95150642
 774    1.77073359   -0.53757939    0.84251342    0.95694176    0.95694176
 775    1.79300810   -0.55050562    0.83572071    0.96274918    0.96274918
 776    1.81556278   -0.56303368    0.82852594    0.96891672    0.96891672
 777    1.83840116   -0.57514947    0.82092376    0.97543016    0.97543016
 778    1.86152682   -0.58683933    0.81290986    0.98227302    0.98227302
 779    1.88494336   -0.59809009    0.80448102    0.98942657    0.98942657
 780    1.90865445   -0.60888903    0.79563518    0.99686981    0.99686981
 781    1.93266378   -0.61922396    0.78637142    1.00457949    1.00457949
 782    1.95697512   -0.62908318    0.77669006    1.01253016    1.01253016
 783    1.98159225   -0.63845550    0.76659264    1.02069416    1.02069416
 784    2.00651903   -0.64733030    0.75608199    1.02904169    1.02904169
 785    2.03175935   -0.65569750    0.74516223    1.03754086    1.03754086
 786    2.05731716   -0.66354756    0.73383877    1.04615773    1.04615773
 787    2.08319644   -0.67087154    0.72211836    1.05485638    1.05485638
 788    2.10940124   -0.67766111    0.71000911    1.06359901    1.06359901
 789    2.13593566   -0.68390850    0.69752041    1.07234600    1.07234600
 790    2.16280384   -0.68960660    0.68466303    1.08105600    1.08105600
 791    2.19000998   -0.69474891    0.67144903    1.08968608    1.08968608
 792    2.21755833   -0.69932961    0.65789180    1.09819179    1.09819179
 793    2.24545320   -0.70334350    0.64400601    1.10652580    1.10652580
 794    2.27369894   -0.70678625    0.62980756    1.11464266    1.11464266
 795    2.30229997   -0.70965389    0.61531363    1.12249577    1.12249577
 796    2.33126075   -0.71194331    0.60054253    1.13003458    1.13003458
 797    2.36058582   -0.71365212    0.58551376    1.13720936    1.13720936
 798    2.39027975   -0.71477865    0.57024786    1.14396985    1.14396985
 799    2.42034719   -0.71532199    0.55476643    1.15026547    1.15026547
 800    2.45079283   -0.71528194    0.53909202    1.15604554    1.15604554
 801    2.48162142   -0.71465909    0.52324808    1.16125951    1.16125951
 802    2.51283779   -0.71345477    0.50725888    1.16585722    1.16585722
 803    2.54444682   -0.71167109    0.49114941    1.16978913    1.16978913
 804    2.57645344   -0.70931092    0.47494532    1.17300663    1.17300663
 805    2.60886265   -0.70637791    0.45867283    1.17546228    1.17546228
 806    2.64167952   -0.70287647    0.44235859    1.17711012    1.17711012
 807    2.67490917   -0.69881177    0.42602966    1.17790595    1.17790595
 808    2.70855681   -0.69418976    0.40971333    1.17780761    1.17780761
 809    2.74262767   -0.68901714    0.39343707    1.17677532    1.17677532
 810    2.77712710   -0.68330132    0.37722838    1.17477190    1.17477190
 811    2.81206048   -0.67705047    0.36111472    1.17176312    1.17176312
 812    2.84743326   -0.67027346    0.34512338    1.16771797    1.16771797
 813    2.88325098   -0.66297985    0.32928138    1.16260889    1.16260889
 814    2.91951923   -0.65517988    0.31361534    1.15641207    1.15641207
 815    2.95624368   -0.64688442    0.29815140    1.14910767    1.14910767
 816    2.99343006   -0.63810498    0.28291509    1.14068007    1.14068007
 817    3.03108419   -0.62885366    0.26793124    1.13111804    1.13111804
 818    3.06921196   -0.61914310    0.25322388    1.12041495    1.12041495
 819    3.10781931   -0.60898651    0.23881610    1.10856892    1.10856892
 820    3.14691228   -0.59839755    0.22473003    1.09558294    1.09558294
 821    3.18649698   -0.58739035    0.21098669    1.08146501    1.08146501
 822    3.22657960   -0.57597946    0.19760590    1.06622817    1.06622817
 823    3.26716639   -0.56417980    0.18460626    1.04989061    1.04989061
 824    3.30826370   -0.55200660    0.17200502    1.03247563    1.03247563
 825    3.34987795   -0.53947538    0.15981802    1.01401165    1.01401165
 826    3.39201565   -0.52660189    0.14805965    0.99453222    0.99453222
 827    3.43468337   -0.51340205    0.13674278    0.97407584    0.97407584
 828    3.47788778   -0.49989190    0.12587873    0.95268597    0.95268597
 829    3.52163564   -0.48608754    0.11547720    0.93041083    0.93041083
 830    3.56593378   -0.47200510    0.10554626    0.90730324    0.90730324
 831    3.61078913   -0.45766060    0.09609232    0.88342044    0.88342044
 832    3.65620868   -0.44306999    0.08712012    0.85882388    0.85882388
 833    3.70219954   -0.42824899    0.07863270    0.83357890    0.83357890
 834    3.74876890   -0.41321307    0.07063141    0.80775453    0.80775453
 835    3.79592402   -0.39797736    0.06311592    0.78142308    0.78142308
 836    3.84367228   -0.38255656    0.05608422    0.75465985    0.75465985
 837    3.89202115   -0.36696487    0.04953263    0.72754275    0.72754275
 838    3.94097816   -0.35121594    0.04345583    0.70015188    0.70015188
 839    3.99055098   -0.33532270    0.03784689    0.67256910    0.67256910
 840    4.04074735   -0.31929734    0.03269728    0.64487760    0.64487760
 841    4.09157512   -0.30315119    0.02799692    0.61716140    0.61716140
 842    4.14304221   -0.28689462    0.02373421    0.58950493    0.58950493
 843    4.19515669   -0.27053693    0.01989605    0.56199243    0.56199243
 844    4.24792668   -0.25408626    0.01646789    0.53470754    0.53470754
 845    4.30136043   -0.23754945    0.01343375    0.50773276    0.50773276
 846    4.35546631   -0.22093197    0.01077625    0.48114890    0.48114890
 847    4.41025274   -0.20423775    0.00847663    0.45503467    0.45503467
 848    4.46572831   -0.18746907    0.00651475    0.42946610    0.42946610
 849    4.52190168   -0.17062643    0.00486911    0.40451614    0.40451614
 850    4.57878162   -0.15370844    0.00351683    0.38025421    0.38025421
 851    4.63637702   -0.13671161    0.00243363    0.35674573    0.35674573
 852    4.69469688   -0.11963023    0.00159376    0.33405182    0.33405182
 853    4.75375031   -0.10245622    0.00096998    0.31222890    0.31222890
 854    4.81354655   -0.08517892    0.00053341    0.29132021    0.29132021
 855    4.87409492   -0.06778555    0.00025346    0.27056453    0.27056453
 856    4.93540491   -0.05032459    0.00009721    0.24129460    0.24129460
 857    4.99748608   -0.03351639    0.00002704    0.18818297    0.18818297
 858    5.06034813   -0.01903027    0.00000413    0.11827815    0.11827815
 859    5.12400089   -0.00803051    0.00000000    0.06232160    0.06232160
 860    5.18845431    0.00000000    0.00000000    0.01045500    0.01045500
 861    5.25371844    0.00000000    0.00000000    0.01045500    0.01045500
