   1    0.00000000    0.00000000    1.00000000    1.00000000    1.00000000
   2    0.00000390    0.00000467    1.00000000    1.00000000    1.00000000
   3    0.00000784    0.00000940    1.00000000    1.00000000    1.00000000
   4    0.00001184    0.00001419    1.00000000    1.00000000    1.00000000
   5    0.00001589    0.00001904    1.00000000    1.00000000    1.00000000
   6    0.00001998    0.00002395    1.00000000    1.00000000    1.00000000
   7    0.00002413    0.00002893    1.00000000    1.00000000    1.00000000
   8    0.00002833    0.00003396    1.00000000    1.00000000    1.00000000
   9    0.00003259    0.00003906    1.00000000    1.00000000    1.00000000
  10    0.00003689    0.00004422    1.00000000    1.00000000    1.00000000
  11    0.00004126    0.00004945    1.00000000    1.00000000    1.00000000
  12    0.00004567    0.00005475    1.00000000    1.00000000    1.00000000
  13    0.00005014    0.00006011    1.00000000    1.00000000    1.00000000
  14    0.00005467    0.00006553    1.00000000    1.00000000    1.00000000
  15    0.00005926    0.00007103    1.00000000    1.00000000    1.00000000
  16    0.00006390    0.00007659    1.00000000    1.00000000    1.00000000
  17    0.00006860    0.00008223    1.00000000    1.00000000    1.00000000
  18    0.00007336    0.00008794    1.00000000    1.00000000    1.00000000
  19    0.00007818    0.00009371    1.00000000    1.00000000    1.00000000
  20    0.00008306    0.00009956    1.00000000    1.00000000    1.00000000
  21    0.00008800    0.00010549    1.00000000    1.00000000    1.00000000
  22    0.00009301    0.00011149    1.00000000    1.00000000    1.00000000
  23    0.00009808    0.00011756    1.00000000    1.00000000    1.00000000
  24    0.00010321    0.00012371    1.00000000    1.00000000    1.00000000
  25    0.00010840    0.00012994    1.00000000    1.00000000    1.00000000
  26    0.00011366    0.00013625    1.00000000    1.00000000    1.00000000
  27    0.00011899    0.00014263    1.00000000    1.00000000    1.00000000
  28    0.00012438    0.00014910    1.00000000    1.00000000    1.00000000
  29    0.00012985    0.00015564    1.00000000    1.00000000    1.00000000
  30    0.00013538    0.00016227    1.00000000    1.00000000    1.00000000
  31    0.00014098    0.00016899    1.00000000    1.00000000    1.00000000
  32    0.00014665    0.00017578    1.00000000    1.00000000    1.00000000
  33    0.00015239    0.00018267    1.00000000    1.00000000    1.00000000
  34    0.00015820    0.00018963    1.00000000    1.00000000    1.00000000
  35    0.00016409    0.00019669    1.00000000    1.00000000    1.00000000
  36    0.00017005    0.00020384    1.00000000    1.00000000    1.00000000
  37    0.00017609    0.00021107    1.00000000    1.00000000    1.00000000
  38    0.00018220    0.00021840    1.00000000    1.00000000    1.00000000
  39    0.00018839    0.00022582    1.00000000    1.00000000    1.00000000
  40    0.00019466    0.00023333    1.00000000    1.00000000    1.00000000
  41    0.00020100    0.00024094    1.00000000    1.00000000    1.00000000
  42    0.00020743    0.00024864    1.00000000    1.00000000    1.00000000
  43    0.00021393    0.00025644    1.00000000    1.00000000    1.00000000
  44    0.00022052    0.00026434    1.00000000    1.00000000    1.00000000
  45    0.00022719    0.00027233    1.00000000    1.00000000    1.00000000
  46    0.00023395    0.00028043    1.00000000    1.00000000    1.00000000
  47    0.00024079    0.00028863    1.00000000    1.00000000    1.00000000
  48    0.00024772    0.00029693    1.00000000    1.00000000    1.00000000
  49    0.00025473    0.00030534    1.00000000    1.00000000    1.00000000
  50    0.00026183    0.00031385    1.00000000    1.00000000    1.00000000
  51    0.00026902    0.00032247    1.00000000    1.00000000    1.00000000
  52    0.00027630    0.00033120    1.00000000    1.00000000    1.00000000
  53    0.00028367    0.00034004    1.00000000    1.00000000    1.00000000
  54    0.00029114    0.00034898    1.00000000    1.00000000    1.00000000
  55    0.00029870    0.00035805    1.00000000    1.00000000    1.00000000
  56    0.00030635    0.00036722    1.00000000    1.00000000    1.00000000
  57    0.00031411    0.00037651    1.00000000    1.00000000    1.00000000
  58    0.00032195    0.00038592    1.00000000    1.00000000    1.00000000
  59    0.00032990    0.00039545    1.00000000    1.00000000    1.00000000
  60    0.00033795    0.00040509    1.00000000    1.00000000    1.00000000
  61    0.00034610    0.00041486    1.00000000    1.00000000    1.00000000
  62    0.00035435    0.00042475    1.00000000    1.00000000    1.00000000
  63    0.00036270    0.00043476    1.00000000    1.00000000    1.00000000
  64    0.00037116    0.00044490    1.00000000    1.00000000    1.00000000
  65    0.00037973    0.00045517    1.00000000    1.00000000    1.00000000
  66    0.00038840    0.00046557    1.00000000    1.00000000    1.00000000
  67    0.00039718    0.00047610    1.00000000    1.00000000    1.00000000
  68    0.00040608    0.00048676    1.00000000    1.00000000    1.00000000
  69    0.00041508    0.00049755    1.00000000    1.00000000    1.00000000
  70    0.00042420    0.00050848    1.00000000    1.00000000    1.00000000
  71    0.00043343    0.00051955    1.00000000    1.00000000    1.00000000
  72    0.00044278    0.00053075    1.00000000    1.00000000    1.00000000
  73    0.00045225    0.00054210    1.00000000    1.00000000    1.00000000
  74    0.00046184    0.00055359    1.00000000    1.00000000    1.00000000
  75    0.00047154    0.00056523    1.00000000    1.00000000    1.00000000
  76    0.00048137    0.00057701    1.00000000    1.00000000    1.00000000
  77    0.00049132    0.00058894    1.00000000    1.00000000    1.00000000
  78    0.00050140    0.00060102    1.00000000    1.00000000    1.00000000
  79    0.00051160    0.00061325    1.00000000    1.00000000    1.00000000
  80    0.00052194    0.00062564    1.00000000    1.00000000    1.00000000
  81    0.00053240    0.00063818    1.00000000    1.00000000    1.00000000
  82    0.00054299    0.00065088    1.00000000    1.00000000    1.00000000
  83    0.00055372    0.00066373    1.00000000    1.00000000    1.00000000
  84    0.00056458    0.00067675    1.00000000    1.00000000    1.00000000
  85    0.00057558    0.00068994    1.00000000    1.00000000    1.00000000
  86    0.00058672    0.00070329    1.00000000    1.00000000    1.00000000
  87    0.00059800    0.00071681    1.00000000    1.00000000    1.00000000
  88    0.00060942    0.00073049    1.00000000    1.00000000    1.00000000
  89    0.00062098    0.00074436    1.00000000    1.00000000    1.00000000
  90    0.00063269    0.00075839    1.00000000    1.00000000    1.00000000
  91    0.00064454    0.00077260    1.00000000    1.00000000    1.00000000
  92    0.00065655    0.00078699    1.00000000    1.00000000    1.00000000
  93    0.00066870    0.00080156    1.00000000    1.00000000    1.00000000
  94    0.00068101    0.00081632    1.00000000    1.00000000    1.00000000
  95    0.00069348    0.00083126    1.00000000    1.00000000    1.00000000
  96    0.00070610    0.00084638    1.00000000    1.00000000    1.00000000
  97    0.00071887    0.00086170    1.00000000    1.00000000    1.00000000
  98    0.00073181    0.00087721    1.00000000    1.00000000    1.00000000
  99    0.00074492    0.00089292    1.00000000    1.00000000    1.00000000
 100    0.00075818    0.00090882    1.00000000    1.00000000    1.00000000
 101    0.00077162    0.00092492    1.00000000    1.00000000    1.00000000
 102    0.00078522    0.00094123    1.00000000    1.00000000    1.00000000
 103    0.00079900    0.00095774    1.00000000    1.00000000    1.00000000
 104    0.00081294    0.00097446    1.00000000    1.00000000    1.00000000
 105    0.00082707    0.00099139    1.00000000    1.00000000    1.00000000
 106    0.00084137    0.00100853    1.00000000    1.00000000    1.00000000
 107    0.00085585    0.00102589    1.00000000    1.00000000    1.00000000
 108    0.00087051    0.00104346    1.00000000    1.00000000    1.00000000
 109    0.00088536    0.00106126    1.00000000    1.00000000    1.00000000
 110    0.00090039    0.00107928    1.00000000    1.00000000    1.00000000
 111    0.00091561    0.00109753    1.00000000    1.00000000    1.00000000
 112    0.00093103    0.00111600    1.00000000    1.00000000    1.00000000
 113    0.00094664    0.00113471    1.00000000    1.00000000    1.00000000
 114    0.00096244    0.00115366    1.00000000    1.00000000    1.00000000
 115    0.00097844    0.00117284    1.00000000    1.00000000    1.00000000
 116    0.00099465    0.00119227    1.00000000    1.00000000    1.00000000
 117    0.00101106    0.00121193    1.00000000    1.00000000    1.00000000
 118    0.00102767    0.00123185    1.00000000    1.00000000    1.00000000
 119    0.00104450    0.00125202    1.00000000    1.00000000    1.00000000
 120    0.00106153    0.00127244    1.00000000    1.00000000    1.00000000
 121    0.00107878    0.00129311    1.00000000    1.00000000    1.00000000
 122    0.00109625    0.00131405    1.00000000    1.00000000    1.00000000
 123    0.00111393    0.00133525    1.00000000    1.00000000    1.00000000
 124    0.00113184    0.00135672    1.00000000    1.00000000    1.00000000
 125    0.00114998    0.00137845    1.00000000    1.00000000    1.00000000
 126    0.00116834    0.00140047    1.00000000    1.00000000    1.00000000
 127    0.00118693    0.00142275    1.00000000    1.00000000    1.00000000
 128    0.00120576    0.00144532    1.00000000    1.00000000    1.00000000
 129    0.00122482    0.00146817    1.00000000    1.00000000    1.00000000
 130    0.00124413    0.00149131    1.00000000    1.00000000    1.00000000
 131    0.00126367    0.00151474    1.00000000    1.00000000    1.00000000
 132    0.00128347    0.00153847    1.00000000    1.00000000    1.00000000
 133    0.00130351    0.00156249    1.00000000    1.00000000    1.00000000
 134    0.00132380    0.00158681    1.00000000    1.00000000    1.00000000
 135    0.00134435    0.00161145    1.00000000    1.00000000    1.00000000
 136    0.00136516    0.00163639    1.00000000    1.00000000    1.00000000
 137    0.00138623    0.00166164    1.00000000    1.00000000    1.00000000
 138    0.00140756    0.00168721    1.00000000    1.00000000    1.00000000
 139    0.00142916    0.00171311    1.00000000    1.00000000    1.00000000
 140    0.00145104    0.00173933    1.00000000    1.00000000    1.00000000
 141    0.00147319    0.00176588    1.00000000    1.00000000    1.00000000
 142    0.00149561    0.00179276    1.00000000    1.00000000    1.00000000
 143    0.00151832    0.00181998    1.00000000    1.00000000    1.00000000
 144    0.00154132    0.00184755    1.00000000    1.00000000    1.00000000
 145    0.00156460    0.00187546    1.00000000    1.00000000    1.00000000
 146    0.00158818    0.00190372    1.00000000    1.00000000    1.00000000
 147    0.00161205    0.00193234    1.00000000    1.00000000    1.00000000
 148    0.00163623    0.00196132    1.00000000    1.00000000    1.00000000
 149    0.00166071    0.00199066    1.00000000    1.00000000    1.00000000
 150    0.00168549    0.00202037    1.00000000    1.00000000    1.00000000
 151    0.00171059    0.00205046    1.00000000    1.00000000    1.00000000
 152    0.00173601    0.00208092    1.00000000    1.00000000    1.00000000
 153    0.00176174    0.00211176    1.00000000    1.00000000    1.00000000
 154    0.00178780    0.00214300    1.00000000    1.00000000    1.00000000
 155    0.00181418    0.00217463    1.00000000    1.00000000    1.00000000
 156    0.00184090    0.00220665    1.00000000    1.00000000    1.00000000
 157    0.00186795    0.00223908    1.00000000    1.00000000    1.00000000
 158    0.00189535    0.00227192    1.00000000    1.00000000    1.00000000
 159    0.00192308    0.00230516    1.00000000    1.00000000    1.00000000
 160    0.00195117    0.00233883    1.00000000    1.00000000    1.00000000
 161    0.00197961    0.00237292    1.00000000    1.00000000    1.00000000
 162    0.00200841    0.00240744    1.00000000    1.00000000    1.00000000
 163    0.00203757    0.00244240    1.00000000    1.00000000    1.00000000
 164    0.00206710    0.00247779    1.00000000    1.00000000    1.00000000
 165    0.00209699    0.00251363    1.00000000    1.00000000    1.00000000
 166    0.00212727    0.00254992    1.00000000    1.00000000    1.00000000
 167    0.00215792    0.00258666    1.00000000    1.00000000    1.00000000
 168    0.00218896    0.00262387    0.99999999    1.00000000    1.00000000
 169    0.00222039    0.00266155    0.99999999    1.00000000    1.00000000
 170    0.00225222    0.00269970    0.99999999    1.00000000    1.00000000
 171    0.00228445    0.00273833    0.99999999    1.00000000    1.00000000
 172    0.00231708    0.00277744    0.99999999    1.00000000    1.00000000
 173    0.00235012    0.00281705    0.99999999    1.00000000    1.00000000
 174    0.00238358    0.00285716    0.99999999    1.00000000    1.00000000
 175    0.00241746    0.00289777    0.99999999    1.00000000    1.00000000
 176    0.00245177    0.00293889    0.99999999    1.00000000    1.00000000
 177    0.00248650    0.00298053    0.99999999    1.00000000    1.00000000
 178    0.00252168    0.00302269    0.99999999    1.00000000    1.00000000
 179    0.00255729    0.00306538    0.99999999    1.00000000    1.00000000
 180    0.00259336    0.00310861    0.99999999    1.00000000    1.00000000
 181    0.00262987    0.00315238    0.99999999    1.00000000    1.00000000
 182    0.00266685    0.00319671    0.99999999    1.00000000    1.00000000
 183    0.00270429    0.00324159    0.99999999    1.00000000    1.00000000
 184    0.00274221    0.00328703    0.99999999    1.00000000    1.00000000
 185    0.00278060    0.00333305    0.99999999    1.00000000    1.00000000
 186    0.00281947    0.00337965    0.99999999    1.00000000    1.00000000
 187    0.00285883    0.00342683    0.99999999    1.00000000    1.00000000
 188    0.00289869    0.00347461    0.99999999    1.00000000    1.00000000
 189    0.00293905    0.00352298    0.99999999    1.00000000    1.00000000
 190    0.00297991    0.00357197    0.99999999    1.00000000    1.00000000
 191    0.00302129    0.00362157    0.99999999    1.00000000    1.00000000
 192    0.00306319    0.00367180    0.99999999    1.00000000    1.00000000
 193    0.00310562    0.00372266    0.99999999    1.00000000    1.00000000
 194    0.00314858    0.00377415    0.99999998    1.00000000    1.00000000
 195    0.00319208    0.00382630    0.99999998    1.00000000    1.00000000
 196    0.00323613    0.00387910    0.99999998    1.00000000    1.00000000
 197    0.00328074    0.00393256    0.99999998    1.00000000    1.00000000
 198    0.00332590    0.00398670    0.99999998    1.00000000    1.00000000
 199    0.00337163    0.00404152    0.99999998    1.00000000    1.00000000
 200    0.00341794    0.00409703    0.99999998    1.00000000    1.00000000
 201    0.00346483    0.00415323    0.99999998    1.00000000    1.00000000
 202    0.00351231    0.00421015    0.99999998    1.00000000    1.00000000
 203    0.00356039    0.00426778    0.99999998    1.00000000    1.00000000
 204    0.00360907    0.00432613    0.99999998    1.00000000    1.00000000
 205    0.00365836    0.00438522    0.99999998    1.00000000    1.00000000
 206    0.00370827    0.00444505    0.99999998    1.00000000    1.00000000
 207    0.00375882    0.00450563    0.99999997    1.00000000    1.00000000
 208    0.00380999    0.00456698    0.99999997    1.00000000    1.00000000
 209    0.00386181    0.00462910    0.99999997    1.00000000    1.00000000
 210    0.00391429    0.00469200    0.99999997    1.00000000    1.00000000
 211    0.00396742    0.00475569    0.99999997    1.00000000    1.00000000
 212    0.00402122    0.00482018    0.99999997    1.00000000    1.00000000
 213    0.00407570    0.00488548    0.99999997    1.00000000    1.00000000
 214    0.00413086    0.00495160    0.99999997    1.00000000    1.00000000
 215    0.00418672    0.00501856    0.99999996    1.00000000    1.00000000
 216    0.00424328    0.00508636    0.99999996    1.00000000    1.00000000
 217    0.00430055    0.00515501    0.99999996    1.00000000    1.00000000
 218    0.00435854    0.00522452    0.99999996    1.00000000    1.00000000
 219    0.00441726    0.00529491    0.99999996    1.00000000    1.00000000
 220    0.00447672    0.00536619    0.99999996    1.00000000    1.00000000
 221    0.00453693    0.00543836    0.99999995    1.00000000    1.00000000
 222    0.00459790    0.00551144    0.99999995    1.00000000    1.00000000
 223    0.00465963    0.00558543    0.99999995    1.00000000    1.00000000
 224    0.00472214    0.00566036    0.99999995    1.00000000    1.00000000
 225    0.00478543    0.00573623    0.99999995    1.00000000    1.00000000
 226    0.00484952    0.00581306    0.99999994    1.00000000    1.00000000
 227    0.00491442    0.00589085    0.99999994    1.00000000    1.00000000
 228    0.00498013    0.00596962    0.99999994    1.00000000    1.00000000
 229    0.00504667    0.00604938    0.99999994    1.00000000    1.00000000
 230    0.00511405    0.00613015    0.99999993    1.00000000    1.00000000
 231    0.00518227    0.00621193    0.99999993    1.00000000    1.00000000
 232    0.00525136    0.00629474    0.99999993    1.00000000    1.00000000
 233    0.00532131    0.00637859    0.99999993    1.00000000    1.00000000
 234    0.00539214    0.00646349    0.99999992    1.00000000    1.00000000
 235    0.00546386    0.00654947    0.99999992    1.00000000    1.00000000
 236    0.00553648    0.00663652    0.99999992    1.00000000    1.00000000
 237    0.00561002    0.00672467    0.99999991    1.00000000    1.00000000
 238    0.00568448    0.00681393    0.99999991    1.00000000    1.00000000
 239    0.00575988    0.00690431    0.99999991    1.00000000    1.00000000
 240    0.00583623    0.00699583    0.99999990    1.00000000    1.00000000
 241    0.00591354    0.00708850    0.99999990    1.00000000    1.00000000
 242    0.00599182    0.00718234    0.99999989    1.00000000    1.00000000
 243    0.00607109    0.00727735    0.99999989    1.00000000    1.00000000
 244    0.00615135    0.00737357    0.99999989    1.00000000    1.00000000
 245    0.00623262    0.00747099    0.99999988    1.00000000    1.00000000
 246    0.00631491    0.00756963    0.99999988    1.00000000    1.00000000
 247    0.00639824    0.00766952    0.99999987    1.00000000    1.00000000
 248    0.00648262    0.00777067    0.99999987    1.00000000    1.00000000
 249    0.00656806    0.00787308    0.99999986    1.00000000    1.00000000
 250    0.00665457    0.00797679    0.99999986    1.00000000    1.00000000
 251    0.00674217    0.00808180    0.99999985    1.00000000    1.00000000
 252    0.00683088    0.00818813    0.99999984    1.00000000    1.00000000
 253    0.00692070    0.00829580    0.99999984    1.00000000    1.00000000
 254    0.00701165    0.00840482    0.99999983    1.00000000    1.00000000
 255    0.00710374    0.00851521    0.99999982    1.00000000    1.00000000
 256    0.00719699    0.00862700    0.99999982    1.00000000    1.00000000
 257    0.00729141    0.00874019    0.99999981    1.00000000    1.00000000
 258    0.00738703    0.00885480    0.99999980    1.00000000    1.00000000
 259    0.00748384    0.00897085    0.99999980    1.00000000    1.00000000
 260    0.00758187    0.00908837    0.99999979    1.00000000    1.00000000
 261    0.00768114    0.00920736    0.99999978    1.00000000    1.00000000
 262    0.00778165    0.00932785    0.99999977    1.00000000    1.00000000
 263    0.00788343    0.00944986    0.99999976    1.00000000    1.00000000
 264    0.00798649    0.00957340    0.99999975    1.00000000    1.00000000
 265    0.00809085    0.00969849    0.99999974    1.00000000    1.00000000
 266    0.00819651    0.00982516    0.99999973    0.99999999    0.99999999
 267    0.00830351    0.00995342    0.99999972    0.99999999    0.99999999
 268    0.00841185    0.01008329    0.99999971    0.99999999    0.99999999
 269    0.00852156    0.01021480    0.99999970    0.99999999    0.99999999
 270    0.00863264    0.01034797    0.99999969    0.99999999    0.99999999
 271    0.00874513    0.01048280    0.99999967    0.99999999    0.99999999
 272    0.00885902    0.01061934    0.99999966    0.99999999    0.99999999
 273    0.00897435    0.01075759    0.99999965    0.99999999    0.99999999
 274    0.00909113    0.01089758    0.99999963    0.99999999    0.99999999
 275    0.00920938    0.01103933    0.99999962    0.99999999    0.99999999
 276    0.00932912    0.01118287    0.99999960    0.99999999    0.99999999
 277    0.00945036    0.01132821    0.99999959    0.99999999    0.99999999
 278    0.00957313    0.01147538    0.99999957    0.99999999    0.99999999
 279    0.00969745    0.01162440    0.99999955    0.99999999    0.99999999
 280    0.00982332    0.01177530    0.99999954    0.99999999    0.99999999
 281    0.00995078    0.01192809    0.99999952    0.99999999    0.99999999
 282    0.01007984    0.01208281    0.99999950    0.99999999    0.99999999
 283    0.01021053    0.01223947    0.99999948    0.99999999    0.99999999
 284    0.01034286    0.01239810    0.99999946    0.99999999    0.99999999
 285    0.01047685    0.01255873    0.99999944    0.99999999    0.99999999
 286    0.01061253    0.01272138    0.99999942    0.99999999    0.99999999
 287    0.01074992    0.01288608    0.99999939    0.99999999    0.99999999
 288    0.01088904    0.01305285    0.99999937    0.99999999    0.99999999
 289    0.01102990    0.01322171    0.99999934    0.99999999    0.99999999
 290    0.01117254    0.01339270    0.99999932    0.99999999    0.99999999
 291    0.01131697    0.01356585    0.99999929    0.99999999    0.99999999
 292    0.01146321    0.01374117    0.99999926    0.99999999    0.99999999
 293    0.01161130    0.01391869    0.99999924    0.99999999    0.99999999
 294    0.01176125    0.01409845    0.99999921    0.99999998    0.99999998
 295    0.01191309    0.01428047    0.99999917    0.99999998    0.99999998
 296    0.01206683    0.01446479    0.99999914    0.99999998    0.99999998
 297    0.01222251    0.01465141    0.99999911    0.99999998    0.99999998
 298    0.01238015    0.01484039    0.99999907    0.99999998    0.99999998
 299    0.01253977    0.01503175    0.99999904    0.99999998    0.99999998
 300    0.01270140    0.01522551    0.99999900    0.99999998    0.99999998
 301    0.01286506    0.01542171    0.99999896    0.99999998    0.99999998
 302    0.01303078    0.01562038    0.99999892    0.99999998    0.99999998
 303    0.01319858    0.01582155    0.99999888    0.99999998    0.99999998
 304    0.01336850    0.01602525    0.99999883    0.99999998    0.99999998
 305    0.01354055    0.01623151    0.99999879    0.99999998    0.99999998
 306    0.01371477    0.01644037    0.99999874    0.99999998    0.99999998
 307    0.01389118    0.01665186    0.99999869    0.99999998    0.99999998
 308    0.01406980    0.01686601    0.99999864    0.99999997    0.99999997
 309    0.01425068    0.01708285    0.99999859    0.99999997    0.99999997
 310    0.01443382    0.01730242    0.99999853    0.99999997    0.99999997
 311    0.01461928    0.01752475    0.99999847    0.99999997    0.99999997
 312    0.01480706    0.01774988    0.99999842    0.99999997    0.99999997
 313    0.01499721    0.01797784    0.99999835    0.99999997    0.99999997
 314    0.01518975    0.01820867    0.99999829    0.99999997    0.99999997
 315    0.01538471    0.01844241    0.99999822    0.99999997    0.99999997
 316    0.01558212    0.01867909    0.99999815    0.99999997    0.99999997
 317    0.01578202    0.01891874    0.99999808    0.99999996    0.99999996
 318    0.01598443    0.01916141    0.99999801    0.99999996    0.99999996
 319    0.01618939    0.01940714    0.99999793    0.99999996    0.99999996
 320    0.01639692    0.01965595    0.99999785    0.99999996    0.99999996
 321    0.01660707    0.01990790    0.99999776    0.99999996    0.99999996
 322    0.01681985    0.02016302    0.99999768    0.99999996    0.99999996
 323    0.01703532    0.02042135    0.99999759    0.99999995    0.99999995
 324    0.01725350    0.02068292    0.99999749    0.99999995    0.99999995
 325    0.01747441    0.02094779    0.99999740    0.99999995    0.99999995
 326    0.01769811    0.02121600    0.99999729    0.99999995    0.99999995
 327    0.01792463    0.02148758    0.99999719    0.99999995    0.99999995
 328    0.01815399    0.02176257    0.99999708    0.99999995    0.99999995
 329    0.01838623    0.02204103    0.99999697    0.99999994    0.99999994
 330    0.01862140    0.02232299    0.99999685    0.99999994    0.99999994
 331    0.01885953    0.02260850    0.99999673    0.99999994    0.99999994
 332    0.01910065    0.02289761    0.99999660    0.99999994    0.99999994
 333    0.01934480    0.02319035    0.99999647    0.99999993    0.99999993
 334    0.01959203    0.02348677    0.99999633    0.99999993    0.99999993
 335    0.01984236    0.02378693    0.99999619    0.99999993    0.99999993
 336    0.02009585    0.02409087    0.99999604    0.99999993    0.99999993
 337    0.02035252    0.02439863    0.99999588    0.99999992    0.99999992
 338    0.02061242    0.02471026    0.99999572    0.99999992    0.99999992
 339    0.02087559    0.02502582    0.99999556    0.99999992    0.99999992
 340    0.02114207    0.02534534    0.99999539    0.99999991    0.99999991
 341    0.02141190    0.02566889    0.99999521    0.99999991    0.99999991
 342    0.02168512    0.02599651    0.99999502    0.99999991    0.99999991
 343    0.02196179    0.02632826    0.99999483    0.99999990    0.99999990
 344    0.02224193    0.02666418    0.99999463    0.99999990    0.99999990
 345    0.02252560    0.02700433    0.99999442    0.99999990    0.99999990
 346    0.02281283    0.02734877    0.99999420    0.99999989    0.99999989
 347    0.02310368    0.02769753    0.99999398    0.99999989    0.99999989
 348    0.02339818    0.02805069    0.99999375    0.99999988    0.99999988
 349    0.02369639    0.02840830    0.99999350    0.99999988    0.99999988
 350    0.02399836    0.02877040    0.99999325    0.99999987    0.99999987
 351    0.02430412    0.02913707    0.99999299    0.99999987    0.99999987
 352    0.02461372    0.02950835    0.99999272    0.99999986    0.99999986
 353    0.02492722    0.02988430    0.99999244    0.99999986    0.99999986
 354    0.02524466    0.03026499    0.99999215    0.99999985    0.99999985
 355    0.02556610    0.03065048    0.99999184    0.99999985    0.99999985
 356    0.02589158    0.03104081    0.99999153    0.99999984    0.99999984
 357    0.02622115    0.03143606    0.99999120    0.99999984    0.99999984
 358    0.02655487    0.03183629    0.99999086    0.99999983    0.99999983
 359    0.02689279    0.03224156    0.99999050    0.99999982    0.99999982
 360    0.02723496    0.03265193    0.99999014    0.99999982    0.99999982
 361    0.02758143    0.03306746    0.99998976    0.99999981    0.99999981
 362    0.02793225    0.03348823    0.99998936    0.99999980    0.99999980
 363    0.02828750    0.03391430    0.99998895    0.99999979    0.99999979
 364    0.02864721    0.03434574    0.99998852    0.99999979    0.99999979
 365    0.02901144    0.03478261    0.99998808    0.99999978    0.99999978
 366    0.02938026    0.03522498    0.99998762    0.99999977    0.99999977
 367    0.02975371    0.03567292    0.99998714    0.99999976    0.99999976
 368    0.03013187    0.03612650    0.99998664    0.99999975    0.99999975
 369    0.03051478    0.03658580    0.99998613    0.99999974    0.99999974
 370    0.03090250    0.03705088    0.99998559    0.99999973    0.99999973
 371    0.03129511    0.03752182    0.99998504    0.99999972    0.99999972
 372    0.03169265    0.03799870    0.99998446    0.99999971    0.99999971
 373    0.03209519    0.03848158    0.99998386    0.99999970    0.99999970
 374    0.03250279    0.03897054    0.99998324    0.99999969    0.99999969
 375    0.03291553    0.03946567    0.99998259    0.99999967    0.99999967
 376    0.03333345    0.03996703    0.99998192    0.99999966    0.99999966
 377    0.03375663    0.04047471    0.99998122    0.99999965    0.99999965
 378    0.03418513    0.04098879    0.99998050    0.99999964    0.99999964
 379    0.03461903    0.04150934    0.99997974    0.99999962    0.99999962
 380    0.03505838    0.04203645    0.99997896    0.99999961    0.99999961
 381    0.03550326    0.04257021    0.99997815    0.99999959    0.99999959
 382    0.03595373    0.04311069    0.99997731    0.99999958    0.99999958
 383    0.03640987    0.04365799    0.99997643    0.99999956    0.99999956
 384    0.03687175    0.04421218    0.99997552    0.99999954    0.99999954
 385    0.03733943    0.04477336    0.99997458    0.99999953    0.99999953
 386    0.03781300    0.04534161    0.99997360    0.99999951    0.99999951
 387    0.03829253    0.04591702    0.99997258    0.99999949    0.99999949
 388    0.03877809    0.04649969    0.99997153    0.99999947    0.99999947
 389    0.03926975    0.04708971    0.99997043    0.99999945    0.99999945
 390    0.03976760    0.04768716    0.99996929    0.99999943    0.99999943
 391    0.04027171    0.04829215    0.99996811    0.99999940    0.99999940
 392    0.04078217    0.04890476    0.99996688    0.99999938    0.99999938
 393    0.04129904    0.04952510    0.99996560    0.99999936    0.99999936
 394    0.04182242    0.05015326    0.99996428    0.99999933    0.99999933
 395    0.04235238    0.05078935    0.99996290    0.99999931    0.99999931
 396    0.04288900    0.05143346    0.99996148    0.99999928    0.99999928
 397    0.04343237    0.05208569    0.99995999    0.99999925    0.99999925
 398    0.04398258    0.05274615    0.99995845    0.99999922    0.99999922
 399    0.04453971    0.05341494    0.99995685    0.99999920    0.99999920
 400    0.04510385    0.05409217    0.99995519    0.99999916    0.99999916
 401    0.04567509    0.05477795    0.99995347    0.99999913    0.99999913
 402    0.04625351    0.05547237    0.99995168    0.99999910    0.99999910
 403    0.04683920    0.05617557    0.99994982    0.99999906    0.99999906
 404    0.04743226    0.05688763    0.99994788    0.99999903    0.99999903
 405    0.04803278    0.05760868    0.99994588    0.99999899    0.99999899
 406    0.04864086    0.05833884    0.99994380    0.99999895    0.99999895
 407    0.04925658    0.05907821    0.99994163    0.99999891    0.99999891
 408    0.04988005    0.05982692    0.99993939    0.99999887    0.99999887
 409    0.05051136    0.06058507    0.99993706    0.99999883    0.99999883
 410    0.05115062    0.06135281    0.99993464    0.99999878    0.99999878
 411    0.05179791    0.06213024    0.99993212    0.99999873    0.99999873
 412    0.05245334    0.06291748    0.99992951    0.99999869    0.99999869
 413    0.05311702    0.06371467    0.99992680    0.99999864    0.99999864
 414    0.05378905    0.06452193    0.99992398    0.99999858    0.99999858
 415    0.05446953    0.06533939    0.99992106    0.99999853    0.99999853
 416    0.05515857    0.06616718    0.99991802    0.99999847    0.99999847
 417    0.05585628    0.06700543    0.99991487    0.99999841    0.99999841
 418    0.05656276    0.06785427    0.99991160    0.99999835    0.99999835
 419    0.05727813    0.06871385    0.99990820    0.99999829    0.99999829
 420    0.05800250    0.06958428    0.99990467    0.99999822    0.99999822
 421    0.05873598    0.07046573    0.99990101    0.99999816    0.99999816
 422    0.05947868    0.07135831    0.99989720    0.99999808    0.99999808
 423    0.06023073    0.07226219    0.99989325    0.99999801    0.99999801
 424    0.06099223    0.07317750    0.99988915    0.99999794    0.99999794
 425    0.06176332    0.07410439    0.99988488    0.99999786    0.99999786
 426    0.06254410    0.07504300    0.99988046    0.99999777    0.99999777
 427    0.06333471    0.07599349    0.99987587    0.99999769    0.99999769
 428    0.06413526    0.07695601    0.99987110    0.99999760    0.99999760
 429    0.06494588    0.07793071    0.99986614    0.99999751    0.99999751
 430    0.06576669    0.07891775    0.99986100    0.99999741    0.99999741
 431    0.06659783    0.07991729    0.99985566    0.99999731    0.99999731
 432    0.06743943    0.08092948    0.99985011    0.99999721    0.99999721
 433    0.06829161    0.08195449    0.99984435    0.99999710    0.99999710
 434    0.06915451    0.08299249    0.99983837    0.99999699    0.99999699
 435    0.07002826    0.08404364    0.99983216    0.99999687    0.99999687
 436    0.07091301    0.08510811    0.99982571    0.99999675    0.99999675
 437    0.07180888    0.08618608    0.99981901    0.99999663    0.99999663
 438    0.07271602    0.08727770    0.99981206    0.99999650    0.99999650
 439    0.07363458    0.08838317    0.99980484    0.99999637    0.99999637
 440    0.07456468    0.08950266    0.99979734    0.99999623    0.99999623
 441    0.07550649    0.09063635    0.99978956    0.99999608    0.99999608
 442    0.07646014    0.09178442    0.99978147    0.99999593    0.99999593
 443    0.07742579    0.09294707    0.99977308    0.99999578    0.99999578
 444    0.07840358    0.09412446    0.99976436    0.99999561    0.99999561
 445    0.07939367    0.09531681    0.99975531    0.99999544    0.99999544
 446    0.08039622    0.09652430    0.99974591    0.99999527    0.99999527
 447    0.08141138    0.09774712    0.99973615    0.99999509    0.99999509
 448    0.08243931    0.09898548    0.99972602    0.99999490    0.99999490
 449    0.08348016    0.10023958    0.99971549    0.99999470    0.99999470
 450    0.08453411    0.10150962    0.99970456    0.99999450    0.99999450
 451    0.08560132    0.10279581    0.99969322    0.99999429    0.99999429
 452    0.08668195    0.10409835    0.99968143    0.99999407    0.99999407
 453    0.08777617    0.10541746    0.99966920    0.99999384    0.99999384
 454    0.08888415    0.10675336    0.99965649    0.99999361    0.99999361
 455    0.09000608    0.10810627    0.99964330    0.99999336    0.99999336
 456    0.09114211    0.10947639    0.99962960    0.99999311    0.99999311
 457    0.09229243    0.11086397    0.99961537    0.99999284    0.99999284
 458    0.09345723    0.11226923    0.99960060    0.99999257    0.99999257
 459    0.09463667    0.11369239    0.99958525    0.99999228    0.99999228
 460    0.09583095    0.11513370    0.99956932    0.99999198    0.99999198
 461    0.09704025    0.11659338    0.99955278    0.99999168    0.99999168
 462    0.09826477    0.11807169    0.99953560    0.99999136    0.99999136
 463    0.09950468    0.11956886    0.99951777    0.99999102    0.99999102
 464    0.10076020    0.12108514    0.99949924    0.99999068    0.99999068
 465    0.10203150    0.12262079    0.99948001    0.99999032    0.99999032
 466    0.10331880    0.12417605    0.99946003    0.99998995    0.99998995
 467    0.10462228    0.12575119    0.99943929    0.99998956    0.99998956
 468    0.10594217    0.12734646    0.99941775    0.99998916    0.99998916
 469    0.10727865    0.12896214    0.99939539    0.99998875    0.99998875
 470    0.10863195    0.13059849    0.99937216    0.99998832    0.99998832
 471    0.11000227    0.13225578    0.99934804    0.99998787    0.99998787
 472    0.11138982    0.13393429    0.99932300    0.99998740    0.99998740
 473    0.11279483    0.13563431    0.99929699    0.99998692    0.99998692
 474    0.11421751    0.13735611    0.99926998    0.99998641    0.99998641
 475    0.11565809    0.13910000    0.99924193    0.99998589    0.99998589
 476    0.11711679    0.14086625    0.99921280    0.99998535    0.99998535
 477    0.11859383    0.14265517    0.99918256    0.99998479    0.99998479
 478    0.12008946    0.14446706    0.99915114    0.99998420    0.99998420
 479    0.12160389    0.14630222    0.99911853    0.99998360    0.99998360
 480    0.12313738    0.14816097    0.99908465    0.99998297    0.99998297
 481    0.12469016    0.15004363    0.99904948    0.99998231    0.99998231
 482    0.12626246    0.15195050    0.99901295    0.99998163    0.99998163
 483    0.12785455    0.15388193    0.99897501    0.99998093    0.99998093
 484    0.12946666    0.15583823    0.99893561    0.99998019    0.99998019
 485    0.13109904    0.15781974    0.99889470    0.99997943    0.99997943
 486    0.13275196    0.15982680    0.99885221    0.99997864    0.99997864
 487    0.13442567    0.16185976    0.99880809    0.99997782    0.99997782
 488    0.13612044    0.16391896    0.99876227    0.99997697    0.99997697
 489    0.13783652    0.16600477    0.99871468    0.99997608    0.99997608
 490    0.13957419    0.16811753    0.99866526    0.99997517    0.99997517
 491    0.14133371    0.17025762    0.99861394    0.99997421    0.99997421
 492    0.14311537    0.17242540    0.99856063    0.99997322    0.99997322
 493    0.14491944    0.17462126    0.99850528    0.99997219    0.99997219
 494    0.14674620    0.17684558    0.99844779    0.99997112    0.99997112
 495    0.14859593    0.17909874    0.99838809    0.99997001    0.99997001
 496    0.15046894    0.18138114    0.99832608    0.99996886    0.99996886
 497    0.15236550    0.18369318    0.99826168    0.99996767    0.99996767
 498    0.15428592    0.18603527    0.99819480    0.99996642    0.99996642
 499    0.15623050    0.18840782    0.99812534    0.99996513    0.99996513
 500    0.15819953    0.19081125    0.99805320    0.99996380    0.99996380
 501    0.16019333    0.19324599    0.99797828    0.99996240    0.99996240
 502    0.16221221    0.19571246    0.99790047    0.99996096    0.99996096
 503    0.16425649    0.19821111    0.99781965    0.99995946    0.99995946
 504    0.16632648    0.20074238    0.99773571    0.99995791    0.99995791
 505    0.16842251    0.20330673    0.99764853    0.99995629    0.99995629
 506    0.17054490    0.20590462    0.99755799    0.99995461    0.99995461
 507    0.17269399    0.20853651    0.99746394    0.99995287    0.99995287
 508    0.17487011    0.21120288    0.99736626    0.99995106    0.99995106
 509    0.17707360    0.21390421    0.99726481    0.99994918    0.99994918
 510    0.17930481    0.21664099    0.99715944    0.99994723    0.99994723
 511    0.18156408    0.21941372    0.99704999    0.99994521    0.99994521
 512    0.18385178    0.22222291    0.99693631    0.99994311    0.99994311
 513    0.18616824    0.22506907    0.99681823    0.99994093    0.99994093
 514    0.18851385    0.22795271    0.99669558    0.99993867    0.99993867
 515    0.19088896    0.23087438    0.99656819    0.99993632    0.99993632
 516    0.19329394    0.23383461    0.99643587    0.99993388    0.99993388
 517    0.19572918    0.23683394    0.99629842    0.99993135    0.99993135
 518    0.19819505    0.23987294    0.99615565    0.99992873    0.99992873
 519    0.20069193    0.24295216    0.99600734    0.99992600    0.99992600
 520    0.20322022    0.24607218    0.99585329    0.99992317    0.99992317
 521    0.20578031    0.24923359    0.99569327    0.99992024    0.99992024
 522    0.20837261    0.25243696    0.99552704    0.99991720    0.99991720
 523    0.21099751    0.25568292    0.99535437    0.99991404    0.99991404
 524    0.21365543    0.25897206    0.99517499    0.99991077    0.99991077
 525    0.21634678    0.26230501    0.99498866    0.99990738    0.99990738
 526    0.21907199    0.26568239    0.99479509    0.99990386    0.99990386
 527    0.22183147    0.26910485    0.99459400    0.99990021    0.99990021
 528    0.22462567    0.27257303    0.99438511    0.99989642    0.99989642
 529    0.22745501    0.27608760    0.99416809    0.99989250    0.99989250
 530    0.23031994    0.27964922    0.99394264    0.99988844    0.99988844
 531    0.23322090    0.28325857    0.99370842    0.99988423    0.99988423
 532    0.23615836    0.28691634    0.99346509    0.99987987    0.99987987
 533    0.23913276    0.29062323    0.99321230    0.99987535    0.99987535
 534    0.24214458    0.29437996    0.99294966    0.99987067    0.99987067
 535    0.24519428    0.29818723    0.99267679    0.99986583    0.99986583
 536    0.24828234    0.30204578    0.99239330    0.99986082    0.99986082
 537    0.25140924    0.30595635    0.99209876    0.99985563    0.99985563
 538    0.25457548    0.30991969    0.99179274    0.99985027    0.99985027
 539    0.25778154    0.31393656    0.99147478    0.99984472    0.99984472
 540    0.26102793    0.31800773    0.99114442    0.99983899    0.99983899
 541    0.26431516    0.32213398    0.99080117    0.99983307    0.99983307
 542    0.26764373    0.32631609    0.99044451    0.99982696    0.99982696
 543    0.27101417    0.33055487    0.99007393    0.99982065    0.99982065
 544    0.27442701    0.33485112    0.98968887    0.99981414    0.99981414
 545    0.27788277    0.33920565    0.98928876    0.99980743    0.99980743
 546    0.28138200    0.34361930    0.98887300    0.99980051    0.99980051
 547    0.28492525    0.34809289    0.98844098    0.99979340    0.99979340
 548    0.28851307    0.35262727    0.98799206    0.99978607    0.99978607
 549    0.29214601    0.35722327    0.98752556    0.99977854    0.99977854
 550    0.29582465    0.36188175    0.98704079    0.99977081    0.99977081
 551    0.29954957    0.36660357    0.98653704    0.99976287    0.99976287
 552    0.30332133    0.37138959    0.98601354    0.99975473    0.99975473
 553    0.30714054    0.37624068    0.98546951    0.99974640    0.99974640
 554    0.31100779    0.38115770    0.98490416    0.99973789    0.99973789
 555    0.31492369    0.38614153    0.98431662    0.99972919    0.99972919
 556    0.31888884    0.39119303    0.98370602    0.99972033    0.99972033
 557    0.32290386    0.39631308    0.98307146    0.99971131    0.99971131
 558    0.32696939    0.40150253    0.98241197    0.99970215    0.99970215
 559    0.33108606    0.40676227    0.98172658    0.99969287    0.99969287
 560    0.33525450    0.41209313    0.98101426    0.99968349    0.99968349
 561    0.33947538    0.41749598    0.98027394    0.99967403    0.99967403
 562    0.34374936    0.42297164    0.97950452    0.99966452    0.99966452
 563    0.34807709    0.42852095    0.97870484    0.99965500    0.99965500
 564    0.35245926    0.43414471    0.97787371    0.99964552    0.99964552
 565    0.35689655    0.43984372    0.97700988    0.99963610    0.99963610
 566    0.36138965    0.44561875    0.97611207    0.99962681    0.99962681
 567    0.36593927    0.45147054    0.97517893    0.99961770    0.99961770
 568    0.37054612    0.45739981    0.97420908    0.99960884    0.99960884
 569    0.37521091    0.46340724    0.97320106    0.99960031    0.99960031
 570    0.37993438    0.46949347    0.97215337    0.99959219    0.99959219
 571    0.38471726    0.47565913    0.97106446    0.99958458    0.99958458
 572    0.38956031    0.48190475    0.96993270    0.99957758    0.99957758
 573    0.39446427    0.48823084    0.96875643    0.99957133    0.99957133
 574    0.39942992    0.49463785    0.96753389    0.99956595    0.99956595
 575    0.40445802    0.50112616    0.96626328    0.99956161    0.99956161
 576    0.40954938    0.50769607    0.96494274    0.99955847    0.99955847
 577    0.41470477    0.51434782    0.96357032    0.99955673    0.99955673
 578    0.41992501    0.52108153    0.96214401    0.99955659    0.99955659
 579    0.42521092    0.52789725    0.96066174    0.99955830    0.99955830
 580    0.43056331    0.53479491    0.95912133    0.99956212    0.99956212
 581    0.43598303    0.54177434    0.95752058    0.99956834    0.99956834
 582    0.44147091    0.54883522    0.95585716    0.99957728    0.99957728
 583    0.44702783    0.55597711    0.95412870    0.99958931    0.99958931
 584    0.45265465    0.56319942    0.95233273    0.99960481    0.99960481
 585    0.45835224    0.57050138    0.95046671    0.99962422    0.99962422
 586    0.46412150    0.57788205    0.94852802    0.99964802    0.99964802
 587    0.46996333    0.58534033    0.94651394    0.99967673    0.99967673
 588    0.47587863    0.59287487    0.94442168    0.99971092    0.99971092
 589    0.48186835    0.60048412    0.94224837    0.99975124    0.99975124
 590    0.48793340    0.60816631    0.93999107    0.99979836    0.99979836
 591    0.49407475    0.61591939    0.93764671    0.99985303    0.99985303
 592    0.50029334    0.62374105    0.93521220    0.99991608    0.99991608
 593    0.50659015    0.63162868    0.93268432    0.99998838    0.99998838
 594    0.51296617    0.63957939    0.93005980    1.00007091    1.00007091
 595    0.51942239    0.64758992    0.92733528    1.00016471    1.00016471
 596    0.52595981    0.65565670    0.92450734    1.00027089    1.00027089
 597    0.53257947    0.66377577    0.92157246    1.00039068    1.00039068
 598    0.53928239    0.67194277    0.91852709    1.00052537    1.00052537
 599    0.54606963    0.68015296    0.91536759    1.00067635    1.00067635
 600    0.55294224    0.68840114    0.91209029    1.00084511    1.00084511
 601    0.55990129    0.69668166    0.90869146    1.00103324    1.00103324
 602    0.56694788    0.70498842    0.90516731    1.00124240    1.00124240
 603    0.57408310    0.71331480    0.90151404    1.00147439    1.00147439
 604    0.58130808    0.72165368    0.89772782    1.00173104    1.00173104
 605    0.58862393    0.72999741    0.89380481    1.00201431    1.00201431
 606    0.59603180    0.73833777    0.88974117    1.00232623    1.00232623
 607    0.60353286    0.74666600    0.88553307    1.00266889    1.00266889
 608    0.61112826    0.75497277    0.88117669    1.00304443    1.00304443
 609    0.61881921    0.76324813    0.87666829    1.00345503    1.00345503
 610    0.62660689    0.77148158    0.87200416    1.00390290    1.00390290
 611    0.63449254    0.77966197    0.86718067    1.00439022    1.00439022
 612    0.64247737    0.78777760    0.86219430    1.00491913    1.00491913
 613    0.65056263    0.79581616    0.85704164    1.00549170    1.00549170
 614    0.65874960    0.80376473    0.85171942    1.00610987    1.00610987
 615    0.66703955    0.81160987    0.84622455    1.00677541    1.00677541
 616    0.67543377    0.81933754    0.84055410    1.00748985    1.00748985
 617    0.68393358    0.82693323    0.83470537    1.00825441    1.00825441
 618    0.69254030    0.83438190    0.82867590    1.00906995    1.00906995
 619    0.70125528    0.84166810    0.82246349    1.00993687    1.00993687
 620    0.71007989    0.84877598    0.81606625    1.01085501    1.01085501
 621    0.71901549    0.85568936    0.80948259    1.01182355    1.01182355
 622    0.72806349    0.86239178    0.80271127    1.01284090    1.01284090
 623    0.73722530    0.86886663    0.79575143    1.01390462    1.01390462
 624    0.74650235    0.87509719    0.78860262    1.01501122    1.01501122
 625    0.75589609    0.88106672    0.78126479    1.01615610    1.01615610
 626    0.76540799    0.88675861    0.77373835    1.01733340    1.01733340
 627    0.77503953    0.89215647    0.76602417    1.01853584    1.01853584
 628    0.78479223    0.89724424    0.75812362    1.01975463    1.01975463
 629    0.79466760    0.90200632    0.75003854    1.02097938    1.02097938
 630    0.80466718    0.90642774    0.74177132    1.02219789    1.02219789
 631    0.81479255    0.91049426    0.73332482    1.02339614    1.02339614
 632    0.82504527    0.91419252    0.72470246    1.02455822    1.02455822
 633    0.83542696    0.91751020    0.71590816    1.02566628    1.02566628
 634    0.84593924    0.92043613    0.70694635    1.02670051    1.02670051
 635    0.85658374    0.92296044    0.69782198    1.02763924    1.02763924
 636    0.86736213    0.92507471    0.68854046    1.02845899    1.02845899
 637    0.87827610    0.92677203    0.67910767    1.02913463    1.02913463
 638    0.88932735    0.92804716    0.66952993    1.02963962    1.02963962
 639    0.90051761    0.92889656    0.65981395    1.02994625    1.02994625
 640    0.91184863    0.92931849    0.64996683    1.03002602    1.03002602
 641    0.92332217    0.92931303    0.63999596    1.02985009    1.02985009
 642    0.93494003    0.92888208    0.62990903    1.02938968    1.02938968
 643    0.94670402    0.92802934    0.61971397    1.02861675    1.02861675
 644    0.95861599    0.92676022    0.60941889    1.02750450    1.02750450
 645    0.97067779    0.92508177    0.59903204    1.02602808    1.02602808
 646    0.98289132    0.92300254    0.58856176    1.02416525    1.02416525
 647    0.99525846    0.92053234    0.57801646    1.02189705    1.02189705
 648    1.00778117    0.91768208    0.56740453    1.01920845    1.01920845
 649    1.02046140    0.91446348    0.55673436    1.01608891    1.01608891
 650    1.03330112    0.91088878    0.54601429    1.01253287    1.01253287
 651    1.04630234    0.90697041    0.53525256    1.00854003    1.00854003
 652    1.05946710    0.90272070    0.52445734    1.00411540    1.00411540
 653    1.07279746    0.89815151    0.51363672    0.99926910    0.99926910
 654    1.08629548    0.89327396    0.50279867    0.99401571    0.99401571
 655    1.09996330    0.88809819    0.49195110    0.98837314    0.98837314
 656    1.11380303    0.88263319    0.48110185    0.98236083    0.98236083
 657    1.12781684    0.87688676    0.47025871    0.97599715    0.97599715
 658    1.14200693    0.87086577    0.45942945    0.96929619    0.96929619
 659    1.15637551    0.86457650    0.44862177    0.96226479    0.96226479
 660    1.17092482    0.85802524    0.43784338    0.95490456    0.95490456
 661    1.18565714    0.85121845    0.42710189    0.94721632    0.94721632
 662    1.20057476    0.84416280    0.41640484    0.93920146    0.93920146
 663    1.21568003    0.83686510    0.40575972    0.93086205    0.93086205
 664    1.23097530    0.82933232    0.39517386    0.92220078    0.92220078
 665    1.24646296    0.82157158    0.38465453    0.91322100    0.91322100
 666    1.26214543    0.81359015    0.37420884    0.90392671    0.90392671
 667    1.27802517    0.80539543    0.36384375    0.89432257    0.89432257
 668    1.29410464    0.79699492    0.35356608    0.88441386    0.88441386
 669    1.31038637    0.78839626    0.34338249    0.87420652    0.87420652
 670    1.32687290    0.77960716    0.33329943    0.86370708    0.86370708
 671    1.34356680    0.77063544    0.32332317    0.85292270    0.85292270
 672    1.36047069    0.76148900    0.31345980    0.84186113    0.84186113
 673    1.37758720    0.75217580    0.30371517    0.83053070    0.83053070
 674    1.39491901    0.74270387    0.29409491    0.81894031    0.81894031
 675    1.41246883    0.73308129    0.28460442    0.80709939    0.80709939
 676    1.43023940    0.72331618    0.27524888    0.79501790    0.79501790
 677    1.44823350    0.71341669    0.26603318    0.78270629    0.78270629
 678    1.46645393    0.70339099    0.25696200    0.77017549    0.77017549
 679    1.48490355    0.69324728    0.24803974    0.75743689    0.75743689
 680    1.50358523    0.68299375    0.23927052    0.74450228    0.74450228
 681    1.52250190    0.67263857    0.23065820    0.73138384    0.73138384
 682    1.54165651    0.66218992    0.22220639    0.71809414    0.71809414
 683    1.56105206    0.65165595    0.21391838    0.70464606    0.70464606
 684    1.58069158    0.64104476    0.20579720    0.69105279    0.69105279
 685    1.60057813    0.63036443    0.19784560    0.67732779    0.67732779
 686    1.62071482    0.61962298    0.19006605    0.66348475    0.66348475
 687    1.64110480    0.60882837    0.18246072    0.64953757    0.64953757
 688    1.66175126    0.59798848    0.17503151    0.63550033    0.63550033
 689    1.68265741    0.58711115    0.16778003    0.62138721    0.62138721
 690    1.70382653    0.57620409    0.16070763    0.60721253    0.60721253
 691    1.72526193    0.56527495    0.15381536    0.59299067    0.59299067
 692    1.74696695    0.55433127    0.14710400    0.57873601    0.57873601
 693    1.76894499    0.54338047    0.14057407    0.56446298    0.56446298
 694    1.79119947    0.53242989    0.13422582    0.55018593    0.55018593
 695    1.81373389    0.52148669    0.12805924    0.53591915    0.53591915
 696    1.83655175    0.51055796    0.12207407    0.52167686    0.52167686
 697    1.85965662    0.49965060    0.11626980    0.50747309    0.50747309
 698    1.88305212    0.48877141    0.11064567    0.49332173    0.49332173
 699    1.90674190    0.47792699    0.10520069    0.47923648    0.47923648
 700    1.93072965    0.46712383    0.09993367    0.46523079    0.46523079
 701    1.95501914    0.45636821    0.09484317    0.45131784    0.45131784
 702    1.97961415    0.44566628    0.08992755    0.43751054    0.43751054
 703    2.00451853    0.43502398    0.08518498    0.42382146    0.42382146
 704    2.02973617    0.42444708    0.08061344    0.41026284    0.41026284
 705    2.05527100    0.41394116    0.07621071    0.39684652    0.39684652
 706    2.08112703    0.40351159    0.07197442    0.38358396    0.38358396
 707    2.10730828    0.39316356    0.06790204    0.37048619    0.37048619
 708    2.13381885    0.38290204    0.06399088    0.35756381    0.35756381
 709    2.16066289    0.37273180    0.06023811    0.34482691    0.34482691
 710    2.18784458    0.36265738    0.05664077    0.33228514    0.33228514
 711    2.21536817    0.35268310    0.05319580    0.31994763    0.31994763
 712    2.24323797    0.34281308    0.04990000    0.30782297    0.30782297
 713    2.27145833    0.33305117    0.04675011    0.29591925    0.29591925
 714    2.30003365    0.32340104    0.04374275    0.28424398    0.28424398
 715    2.32896841    0.31386608    0.04087448    0.27280414    0.27280414
 716    2.35826713    0.30444946    0.03814179    0.26160613    0.26160613
 717    2.38793437    0.29515412    0.03554111    0.25065577    0.25065577
 718    2.41797479    0.28598274    0.03306883    0.23995832    0.23995832
 719    2.44839306    0.27693776    0.03072131    0.22951846    0.22951846
 720    2.47919395    0.26802139    0.02849485    0.21934028    0.21934028
 721    2.51038227    0.25923556    0.02638577    0.20942729    0.20942729
 722    2.54196289    0.25058198    0.02439037    0.19978246    0.19978246
 723    2.57394074    0.24206209    0.02250492    0.19040814    0.19040814
 724    2.60632083    0.23367710    0.02072573    0.18130617    0.18130617
 725    2.63910821    0.22542795    0.01904911    0.17247782    0.17247782
 726    2.67230800    0.21731534    0.01747140    0.16392381    0.16392381
 727    2.70592539    0.20933970    0.01598896    0.15564437    0.15564437
 728    2.73996564    0.20150123    0.01459817    0.14763918    0.14763918
 729    2.77443407    0.19379986    0.01329549    0.13990747    0.13990747
 730    2.80933605    0.18623526    0.01207738    0.13244797    0.13244797
 731    2.84467704    0.17880688    0.01094038    0.12525897    0.12525897
 732    2.88046257    0.17151387    0.00988109    0.11833831    0.11833831
 733    2.91669823    0.16435514    0.00889614    0.11168344    0.11168344
 734    2.95338967    0.15732936    0.00798224    0.10529142    0.10529142
 735    2.99054264    0.15043492    0.00713618    0.09915892    0.09915892
 736    3.02816293    0.14366995    0.00635480    0.09328229    0.09328229
 737    3.06625643    0.13703230    0.00563500    0.08765756    0.08765756
 738    3.10482909    0.13051959    0.00497379    0.08228046    0.08228046
 739    3.14388693    0.12412912    0.00436821    0.07714647    0.07714647
 740    3.18343605    0.11785794    0.00381542    0.07225079    0.07225079
 741    3.22348265    0.11170280    0.00331260    0.06758845    0.06758845
 742    3.26403296    0.10566015    0.00285706    0.06315423    0.06315423
 743    3.30509334    0.09972617    0.00244615    0.05894278    0.05894278
 744    3.34667019    0.09389668    0.00207728    0.05494858    0.05494858
 745    3.38877002    0.08816721    0.00174797    0.05116600    0.05116600
 746    3.43139940    0.08253293    0.00145578    0.04758929    0.04758929
 747    3.47456499    0.07698867    0.00119832    0.04421263    0.04421263
 748    3.51827353    0.07152887    0.00097329    0.04103013    0.04103013
 749    3.56253186    0.06614759    0.00077843    0.03803586    0.03803586
 750    3.60734689    0.06083847    0.00061151    0.03522388    0.03522388
 751    3.65272563    0.05559471    0.00047038    0.03258823    0.03258823
 752    3.69867516    0.05040903    0.00035289    0.03012297    0.03012297
 753    3.74520266    0.04527367    0.00025692    0.02782220    0.02782220
 754    3.79231541    0.04018031    0.00018038    0.02567891    0.02567891
 755    3.84002076    0.03512040    0.00012117    0.02366413    0.02366413
 756    3.88832617    0.03009164    0.00007716    0.02162890    0.02162890
 757    3.93723919    0.02513130    0.00004607    0.01929384    0.01929384
 758    3.98676746    0.02033783    0.00002546    0.01647178    0.01647178
 759    4.03691872    0.01584719    0.00001278    0.01324537    0.01324537
 760    4.08770081    0.01179503    0.00000568    0.00991626    0.00991626
 761    4.13912165    0.00828731    0.00000212    0.00684820    0.00684820
 762    4.19118929    0.00538331    0.00000060    0.00432816    0.00432816
 763    4.24391186    0.00308808    0.00000010    0.00249903    0.00249903
 764    4.29729760    0.00134566   -0.00000000    0.00137937    0.00137937
 765    4.35135484    0.00000000   -0.00000000    0.00137937    0.00137937
