    -2.000000       1.166336       0.000000
    -1.920000       1.090388       0.000000
    -1.840000       0.999502       0.000000
    -1.760000       0.886642       0.000000
    -1.680000       0.739449       0.000000
    -1.600000       0.534013       0.000000
    -1.520000       0.217238       0.000000
    -1.440000      -0.357164       0.000000
    -1.360000      -1.793464       0.000000
    -1.280000     -13.399316       0.000000
    -1.200000       7.063672       0.000000
    -1.120000       3.734796       0.000000
    -1.040000       2.832869       0.000000
    -0.960000       2.401581       0.000000
    -0.880000       2.141753       0.000000
    -0.800000       1.963300       0.000000
    -0.720000       1.829752       0.000000
    -0.640000       1.723511       0.000000
    -0.560000       1.635055       0.000000
    -0.480000       1.558769       0.000000
    -0.400000       1.491125       0.000000
    -0.320000       1.429801       0.000000
    -0.240000       1.373194       0.000000
    -0.160000       1.320165       0.000000
    -0.080000       1.269882       0.000000
     0.000000       1.221718       0.000000
     0.080000       1.175190       0.000000
     0.160000       1.129921       0.000000
     0.240000       1.085611       0.000000
     0.320000       1.042011       0.000000
     0.400000       0.998922       0.000000
     0.480000       0.956170       0.000000
     0.560000       0.913610       0.000000
     0.640000       0.871115       0.000000
     0.720000       0.828574       0.000000
     0.800000       0.785885       0.000000
     0.880000       0.742958       0.000000
     0.960000       0.699710       0.000000
     1.040000       0.656059       0.000000
     1.120000       0.611932       0.000000
     1.200000       0.567255       0.000000
     1.280000       0.521959       0.000000
     1.360000       0.475973       0.000000
     1.440000       0.429227       0.000000
     1.520000       0.381651       0.000000
     1.600000       0.333172       0.000000
     1.680000       0.283718       0.000000
     1.760000       0.233210       0.000000
     1.840000       0.181569       0.000000
     1.920000       0.128713       0.000000
     2.000000       0.074551       0.000000
