    -2.000000       1.969857       0.000000
    -1.920000       1.950748       0.000000
    -1.840000       1.931484       0.000000
    -1.760000       1.912063       0.000000
    -1.680000       1.892479       0.000000
    -1.600000       1.872731       0.000000
    -1.520000       1.852814       0.000000
    -1.440000       1.832724       0.000000
    -1.360000       1.812457       0.000000
    -1.280000       1.792009       0.000000
    -1.200000       1.771376       0.000000
    -1.120000       1.750554       0.000000
    -1.040000       1.729537       0.000000
    -0.960000       1.708322       0.000000
    -0.880000       1.686903       0.000000
    -0.800000       1.665275       0.000000
    -0.720000       1.643433       0.000000
    -0.640000       1.621370       0.000000
    -0.560000       1.599083       0.000000
    -0.480000       1.576564       0.000000
    -0.400000       1.553807       0.000000
    -0.320000       1.530806       0.000000
    -0.240000       1.507555       0.000000
    -0.160000       1.484045       0.000000
    -0.080000       1.460271       0.000000
     0.000000       1.436224       0.000000
     0.080000       1.411896       0.000000
     0.160000       1.387279       0.000000
     0.240000       1.362365       0.000000
     0.320000       1.337144       0.000000
     0.400000       1.311607       0.000000
     0.480000       1.285744       0.000000
     0.560000       1.259545       0.000000
     0.640000       1.232998       0.000000
     0.720000       1.206093       0.000000
     0.800000       1.178819       0.000000
     0.880000       1.151161       0.000000
     0.960000       1.123107       0.000000
     1.040000       1.094644       0.000000
     1.120000       1.065757       0.000000
     1.200000       1.036430       0.000000
     1.280000       1.006648       0.000000
     1.360000       0.976393       0.000000
     1.440000       0.945648       0.000000
     1.520000       0.914394       0.000000
     1.600000       0.882612       0.000000
     1.680000       0.850280       0.000000
     1.760000       0.817375       0.000000
     1.840000       0.783875       0.000000
     1.920000       0.749754       0.000000
     2.000000       0.714986       0.000000
