    -2.656312       1.073915      -0.656312
    -2.576312       1.040219      -0.656312
    -2.496312       1.005830      -0.656312
    -2.416312       0.970716      -0.656312
    -2.336312       0.934841      -0.656312
    -2.256312       0.898168      -0.656312
    -2.176312       0.860657      -0.656312
    -2.096312       0.822264      -0.656312
    -2.016312       0.782944      -0.656312
    -1.936312       0.742645      -0.656312
    -1.856312       0.701315      -0.656312
    -1.776312       0.658897      -0.656312
    -1.696312       0.615326      -0.656312
    -1.616312       0.570536      -0.656312
    -1.536312       0.524454      -0.656312
    -1.456312       0.477000      -0.656312
    -1.376312       0.428087      -0.656312
    -1.296312       0.377623      -0.656312
    -1.216312       0.325503      -0.656312
    -1.136312       0.271616      -0.656312
    -1.056312       0.215840      -0.656312
    -0.976312       0.158038      -0.656312
    -0.896312       0.098063      -0.656312
    -0.816312       0.035751      -0.656312
    -0.736312      -0.029080      -0.656312
    -0.656312      -0.096631      -0.656312
    -0.576312      -0.167126      -0.656312
    -0.496312      -0.240812      -0.656312
    -0.416312      -0.317972      -0.656312
    -0.336312      -0.398916      -0.656312
    -0.256312      -0.483998      -0.656312
    -0.176312      -0.573618      -0.656312
    -0.096312      -0.668229      -0.656312
    -0.016312      -0.768346      -0.656312
     0.063688      -0.874562      -0.656312
     0.143688      -0.987557      -0.656312
     0.223688      -1.108119      -0.656312
     0.303688      -1.237163      -0.656312
     0.383688      -1.375761      -0.656312
     0.463688      -1.525174      -0.656312
     0.543688      -1.686898      -0.656312
     0.623688      -1.862721      -0.656312
     0.703688      -2.054798      -0.656312
     0.783688      -2.265748      -0.656312
     0.863688      -2.498791      -0.656312
     0.943688      -2.757926      -0.656312
     1.023688      -3.048180      -0.656312
     1.103688      -3.375976      -0.656312
     1.183688      -3.749633      -0.656312
     1.263688      -4.180132      -0.656312
     1.343688      -4.682282      -0.656312
