    -2.187000       1.206882      -0.187000
    -2.107000       1.176950      -0.187000
    -2.027000       1.146536      -0.187000
    -1.947000       1.115619      -0.187000
    -1.867000       1.084179      -0.187000
    -1.787000       1.052194      -0.187000
    -1.707000       1.019640      -0.187000
    -1.627000       0.986494      -0.187000
    -1.547000       0.952730      -0.187000
    -1.467000       0.918319      -0.187000
    -1.387000       0.883233      -0.187000
    -1.307000       0.847440      -0.187000
    -1.227000       0.810908      -0.187000
    -1.147000       0.773601      -0.187000
    -1.067000       0.735482      -0.187000
    -0.987000       0.696511      -0.187000
    -0.907000       0.656644      -0.187000
    -0.827000       0.615836      -0.187000
    -0.747000       0.574038      -0.187000
    -0.667000       0.531196      -0.187000
    -0.587000       0.487255      -0.187000
    -0.507000       0.442152      -0.187000
    -0.427000       0.395822      -0.187000
    -0.347000       0.348194      -0.187000
    -0.267000       0.299190      -0.187000
    -0.187000       0.248727      -0.187000
    -0.107000       0.196715      -0.187000
    -0.027000       0.143054      -0.187000
     0.053000       0.087638      -0.187000
     0.133000       0.030350      -0.187000
     0.213000      -0.028939      -0.187000
     0.293000      -0.090369      -0.187000
     0.373000      -0.154095      -0.187000
     0.453000      -0.220285      -0.187000
     0.533000      -0.289128      -0.187000
     0.613000      -0.360831      -0.187000
     0.693000      -0.435624      -0.187000
     0.773000      -0.513762      -0.187000
     0.853000      -0.595533      -0.187000
     0.933000      -0.681255      -0.187000
     1.013000      -0.771287      -0.187000
     1.093000      -0.866035      -0.187000
     1.173000      -0.965956      -0.187000
     1.253000      -1.071572      -0.187000
     1.333000      -1.183476      -0.187000
     1.413000      -1.302348      -0.187000
     1.493000      -1.428972      -0.187000
     1.573000      -1.564254      -0.187000
     1.653000      -1.709251      -0.187000
     1.733000      -1.865199      -0.187000
     1.813000      -2.033556      -0.187000
