  0.0000     0.00000000    2.9772
  0.0100     0.00000000    2.9772
  0.0202     0.00000000    2.9772
  0.0302     0.00000000    2.9772
  0.0403     0.00000000    2.9772
  0.0505     0.00000000    2.9772
  0.0602     0.00000000    2.9772
  0.0708     0.00000000    2.9772
  0.0803     0.00000000    2.9772
  0.0910     0.00000000    2.9772
  0.1005     0.00000000    2.9772
  0.1111     0.00000000    2.9772
  0.1213     0.00000000    2.9772
  0.1307     0.00000000    2.9772
  0.1409     0.00000000    2.9772
  0.1500     0.00000000    2.9772
  0.1617     0.00000000    2.9772
  0.1721     0.00000000    2.9772
  0.1810     0.00000000    2.9772
  0.1903     0.00000000    2.9772
  0.2000     0.00000000    2.9772
  0.2103     0.00000000    2.9772
  0.2211     0.00000000    2.9772
  0.2324     0.00000000    2.9772
  0.2413     0.00000000    2.9772
  0.2505     0.00000000    2.9772
  0.2601     0.00000000    2.9772
  0.2700     0.00000000    2.9772
  0.2803     0.00000000    2.9772
  0.2910     0.00000000    2.9772
  0.3022     0.00000000    2.9772
  0.3137     0.00000000    2.9772
  0.3217     0.00000000    2.9772
  0.3340     0.00000000    2.9772
  0.3424     0.00000000    2.9772
  0.3511     0.00000000    2.9772
  0.3645     0.00000000    2.9772
  0.3737     0.00000000    2.9772
  0.3832     0.00000000    2.9772
  0.3929     0.00000000    2.9772
  0.4029     0.00000000    2.9772
  0.4131     0.00000000    2.9772
  0.4235     0.00000000    2.9772
  0.4342     0.00000000    2.9772
  0.4452     0.00000000    2.9772
  0.4508     0.00000000    2.9772
  0.4622     0.00000000    2.9772
  0.4739     0.00000000    2.9772
  0.4859     0.00000000    2.9772
  0.4921     0.00000000    2.9772
  0.5045     0.00000000    2.9772
  0.5109     0.00000000    2.9772
  0.5238     0.00000000    2.9772
  0.5304     0.00000000    2.9772
  0.5438     0.00000000    2.9772
  0.5507     0.00000000    2.9772
  0.5646     0.00000001    2.9772
  0.5717     0.00000001    2.9772
  0.5862     0.00000001    2.9772
  0.5936     0.00000001    2.9772
  0.6010     0.00000001    2.9772
  0.6162     0.00000001    2.9772
  0.6240     0.00000001    2.9772
  0.6318     0.00000001    2.9772
  0.6478     0.00000001    2.9772
  0.6560     0.00000001    2.9772
  0.6642     0.00000001    2.9772
  0.6726     0.00000001    2.9772
  0.6811     0.00000001    2.9772
  0.6983     0.00000001    2.9772
  0.7071     0.00000001    2.9772
  0.7160     0.00000001    2.9772
  0.7250     0.00000001    2.9772
  0.7341     0.00000001    2.9772
  0.7433     0.00000001    2.9772
  0.7527     0.00000001    2.9772
  0.7622     0.00000001    2.9772
  0.7718     0.00000001    2.9772
  0.7815     0.00000001    2.9772
  0.7913     0.00000001    2.9772
  0.8012     0.00000001    2.9772
  0.8113     0.00000001    2.9772
  0.8215     0.00000001    2.9772
  0.8319     0.00000001    2.9772
  0.8423     0.00000001    2.9772
  0.8529     0.00000001    2.9772
  0.8637     0.00000002    2.9772
  0.8745     0.00000002    2.9772
  0.8855     0.00000002    2.9772
  0.8967     0.00000002    2.9772
  0.9079     0.00000002    2.9772
  0.9194     0.00000002    2.9772
  0.9309     0.00000002    2.9772
  0.9426     0.00000002    2.9772
  0.9545     0.00000002    2.9772
  0.9665     0.00000002    2.9772
  0.9787     0.00000002    2.9772
  0.9910     0.00000002    2.9772
  1.0034     0.00000002    2.9772
  1.0161     0.00000002    2.9772
  1.0288     0.00000002    2.9772
  1.0418     0.00000003    2.9772
  1.0549     0.00000003    2.9772
  1.0682     0.00000003    2.9772
  1.0816     0.00000003    2.9772
  1.0952     0.00000003    2.9772
  1.1090     0.00000003    2.9772
  1.1229     0.00000003    2.9772
  1.1371     0.00000003    2.9772
  1.1514     0.00000003    2.9772
  1.1658     0.00000003    2.9772
  1.1805     0.00000004    2.9772
  1.1954     0.00000004    2.9772
  1.2104     0.00000004    2.9772
  1.2256     0.00000004    2.9772
  1.2410     0.00000004    2.9772
  1.2566     0.00000004    2.9772
  1.2725     0.00000004    2.9772
  1.2885     0.00000005    2.9772
  1.3047     0.00000005    2.9772
  1.3211     0.00000005    2.9772
  1.3377     0.00000005    2.9772
  1.3545     0.00000005    2.9772
  1.3716     0.00000005    2.9772
  1.3888     0.00000006    2.9772
  1.4063     0.00000006    2.9772
  1.4240     0.00000006    2.9772
  1.4419     0.00000006    2.9772
  1.4600     0.00000007    2.9772
  1.4784     0.00000007    2.9772
  1.4970     0.00000007    2.9772
  1.5158     0.00000007    2.9772
  1.5349     0.00000008    2.9772
  1.5542     0.00000008    2.9772
  1.5738     0.00000008    2.9772
  1.5935     0.00000008    2.9772
  1.6136     0.00000009    2.9772
  1.6339     0.00000009    2.9772
  1.6544     0.00000009    2.9772
  1.6753     0.00000010    2.9772
  1.6963     0.00000010    2.9772
  1.7177     0.00000010    2.9772
  1.7393     0.00000011    2.9772
  1.7612     0.00000011    2.9772
  1.7833     0.00000012    2.9772
  1.8057     0.00000012    2.9772
  1.8285     0.00000013    2.9772
  1.8515     0.00000013    2.9772
  1.8747     0.00000014    2.9772
  1.8983     0.00000014    2.9772
  1.9222     0.00000015    2.9772
  1.9464     0.00000015    2.9772
  1.9709     0.00000016    2.9772
  1.9957     0.00000016    2.9772
  2.0208     0.00000017    2.9772
  2.0462     0.00000018    2.9772
  2.0719     0.00000018    2.9772
  2.0980     0.00000019    2.9772
  2.1244     0.00000020    2.9772
  2.1511     0.00000021    2.9772
  2.1782     0.00000021    2.9772
  2.2055     0.00000022    2.9772
  2.2333     0.00000023    2.9772
  2.2614     0.00000024    2.9772
  2.2898     0.00000025    2.9772
  2.3186     0.00000026    2.9772
  2.3478     0.00000027    2.9772
  2.3773     0.00000028    2.9772
  2.4072     0.00000029    2.9772
  2.4375     0.00000030    2.9772
  2.4682     0.00000031    2.9772
  2.4992     0.00000032    2.9772
  2.5307     0.00000034    2.9772
  2.5625     0.00000035    2.9772
  2.5947     0.00000036    2.9772
  2.6274     0.00000038    2.9772
  2.6604     0.00000039    2.9772
  2.6939     0.00000041    2.9772
  2.7278     0.00000042    2.9772
  2.7621     0.00000044    2.9772
  2.7968     0.00000046    2.9772
  2.8320     0.00000047    2.9772
  2.8676     0.00000049    2.9772
  2.9037     0.00000051    2.9772
  2.9402     0.00000053    2.9772
  2.9772     0.00000055    2.9772
  3.0147     0.00000057    2.9772
  3.0526     0.00000060    2.9772
  3.0910     0.00000062    2.9772
  3.1299     0.00000064    2.9772
  3.1692     0.00000067    2.9772
  3.2091     0.00000070    2.9772
  3.2495     0.00000072    2.9772
  3.2903     0.00000075    2.9772
  3.3317     0.00000078    2.9772
  3.3736     0.00000081    2.9772
  3.4161     0.00000084    2.9772
  3.4590     0.00000088    2.9772
  3.5025     0.00000091    2.9772
  3.5466     0.00000095    2.9772
  3.5912     0.00000098    2.9772
  3.6364     0.00000102    2.9772
  3.6821     0.00000106    2.9772
  3.7284     0.00000111    2.9772
  3.7753     0.00000115    2.9772
  3.8228     0.00000120    2.9772
  3.8709     0.00000124    2.9772
  3.9196     0.00000129    2.9772
  3.9689     0.00000134    2.9772
  4.0188     0.00000140    2.9772
  4.0694     0.00000145    2.9772
  4.1206     0.00000151    2.9772
  4.1724     0.00000157    2.9772
  4.2249     0.00000163    2.9772
  4.2780     0.00000170    2.9772
  4.3318     0.00000177    2.9772
  4.3863     0.00000184    2.9772
  4.4415     0.00000191    2.9772
  4.4974     0.00000199    2.9772
  4.5540     0.00000207    2.9772
  4.6112     0.00000215    2.9772
  4.6692     0.00000223    2.9772
  4.7280     0.00000232    2.9772
  4.7874     0.00000242    2.9772
  4.8477     0.00000251    2.9772
  4.9086     0.00000262    2.9772
  4.9704     0.00000272    2.9772
  5.0329     0.00000283    2.9772
  5.0962     0.00000294    2.9772
  5.1603     0.00000306    2.9772
  5.2252     0.00000319    2.9772
  5.2909     0.00000332    2.9772
  5.3575     0.00000345    2.9772
  5.4249     0.00000359    2.9772
  5.4931     0.00000373    2.9772
  5.5622     0.00000388    2.9772
  5.6322     0.00000404    2.9772
  5.7030     0.00000420    2.9772
  5.7748     0.00000437    2.9772
  5.8474     0.00000455    2.9772
  5.9210     0.00000473    2.9772
  5.9954     0.00000492    2.9772
  6.0709     0.00000512    2.9772
  6.1472     0.00000533    2.9772
  6.2245     0.00000555    2.9772
  6.3028     0.00000577    2.9772
  6.3821     0.00000600    2.9772
  6.4624     0.00000624    2.9772
  6.5437     0.00000650    2.9772
  6.6260     0.00000676    2.9772
  6.7093     0.00000703    2.9772
  6.7937     0.00000732    2.9772
  6.8792     0.00000761    2.9772
  6.9657     0.00000792    2.9772
  7.0533     0.00000824    2.9772
  7.1421     0.00000857    2.9772
  7.2319     0.00000892    2.9772
  7.3229     0.00000928    2.9772
  7.4150     0.00000965    2.9772
  7.5082     0.00001004    2.9772
  7.6027     0.00001044    2.9772
  7.6983     0.00001087    2.9772
  7.7952     0.00001131    2.9772
  7.8932     0.00001176    2.9772
  7.9925     0.00001224    2.9772
  8.0930     0.00001273    2.9772
  8.1948     0.00001325    2.9772
  8.2979     0.00001378    2.9772
  8.4023     0.00001434    2.9772
  8.5080     0.00001492    2.9772
  8.6150     0.00001553    2.9772
  8.7234     0.00001616    2.9772
  8.8331     0.00001681    2.9772
  8.9442     0.00001750    2.9772
  9.0567     0.00001821    2.9772
  9.1706     0.00001895    2.9772
  9.2860     0.00001972    2.9772
  9.4028     0.00002053    2.9772
  9.5210     0.00002137    2.9772
  9.6408     0.00002225    2.9772
  9.7621     0.00002316    2.9772
  9.8849     0.00002412    2.9772
 10.0092     0.00002511    2.9772
 10.1351     0.00002615    2.9772
 10.2626     0.00002723    2.9772
 10.3917     0.00002836    2.9772
 10.5224     0.00002955    2.9772
 10.6547     0.00003078    2.9772
 10.7888     0.00003207    2.9772
 10.9245     0.00003341    2.9772
 11.0619     0.00003482    2.9772
 11.2010     0.00003629    2.9772
 11.3419     0.00003783    2.9772
 11.4846     0.00003944    2.9772
 11.6290     0.00004112    2.9772
 11.7753     0.00004288    2.9772
 11.9234     0.00004472    2.9772
 12.0734     0.00004665    2.9772
 12.2253     0.00004866    2.9772
 12.3791     0.00005077    2.9772
 12.5348     0.00005298    2.9772
 12.6924     0.00005529    2.9772
 12.8521     0.00005772    2.9772
 13.0138     0.00006025    2.9772
 13.1774     0.00006291    2.9772
 13.3432     0.00006570    2.9772
 13.5110     0.00006862    2.9772
 13.6810     0.00007168    2.9772
 13.8531     0.00007489    2.9772
 14.0273     0.00007826    2.9772
 14.2038     0.00008178    2.9772
 14.3824     0.00008548    2.9772
 14.5633     0.00008937    2.9772
 14.7465     0.00009344    2.9772
 14.9320     0.00009771    2.9772
 15.1198     0.00010219    2.9772
 15.3100     0.00010690    2.9772
 15.5026     0.00011184    2.9772
 15.6976     0.00011702    2.9772
 15.8951     0.00012246    2.9772
 16.0950     0.00012817    2.9772
 16.2974     0.00013417    2.9772
 16.5024     0.00014047    2.9772
 16.7100     0.00014708    2.9772
 16.9202     0.00015403    2.9772
 17.1330     0.00016132    2.9772
 17.3485     0.00016899    2.9772
 17.5668     0.00017704    2.9772
 17.7877     0.00018549    2.9772
 18.0115     0.00019438    2.9772
 18.2380     0.00020371    2.9772
 18.4674     0.00021352    2.9772
 18.6997     0.00022382    2.9772
 18.9349     0.00023465    2.9772
 19.1731     0.00024603    2.9772
 19.4143     0.00025799    2.9772
 19.6585     0.00027056    2.9772
 19.9058     0.00028377    2.9772
 20.1561     0.00029766    2.9772
 20.4097     0.00031225    2.9772
 20.6664     0.00032759    2.9772
 20.9263     0.00034372    2.9772
 21.1896     0.00036066    2.9772
 21.4561     0.00037848    2.9772
 21.7260     0.00039721    2.9772
 21.9993     0.00041690    2.9772
 22.2760     0.00043760    2.9772
 22.5562     0.00045936    2.9772
 22.8399     0.00048224    2.9772
 23.1272     0.00050629    2.9772
 23.4181     0.00053158    2.9772
 23.7127     0.00055816    2.9772
 24.0109     0.00058612    2.9772
 24.3130     0.00061550    2.9772
 24.6188     0.00064640    2.9772
 24.9284     0.00067888    2.9772
 25.2420     0.00071303    2.9772
 25.5595     0.00074893    2.9772
 25.8810     0.00078666    2.9772
 26.2066     0.00082633    2.9772
 26.5362     0.00086802    2.9772
 26.8700     0.00091184    2.9772
 27.2080     0.00095789    2.9772
 27.5502     0.00100630    2.9772
 27.8967     0.00105716    2.9772
 28.2476     0.00111062    2.9772
 28.6030     0.00116680    2.9772
 28.9627     0.00122583    2.9772
 29.3270     0.00128785    2.9772
 29.6959     0.00135303    2.9772
 30.0695     0.00142151    2.9772
 30.4477     0.00149347    2.9772
 30.8307     0.00156907    2.9772
 31.2185     0.00164850    2.9772
 31.6112     0.00173195    2.9772
 32.0088     0.00181962    2.9772
 32.4114     0.00191173    2.9772
 32.8191     0.00200848    2.9772
 33.2319     0.00211013    2.9772
 33.6499     0.00221690    2.9772
 34.0732     0.00232906    2.9772
 34.5018     0.00244688    2.9772
 34.9357     0.00257063    2.9772
 35.3752     0.00270061    2.9772
 35.8201     0.00283714    2.9772
 36.2707     0.00298053    2.9772
 36.7269     0.00313114    2.9772
 37.1889     0.00328931    2.9772
 37.6567     0.00345542    2.9772
 38.1304     0.00362987    2.9772
 38.6100     0.00381306    2.9772
 39.0956     0.00400544    2.9772
 39.5874     0.00420746    2.9772
 40.0853     0.00441959    2.9772
 40.5896     0.00464233    2.9772
 41.1001     0.00487620    2.9772
