  0.0000    -0.00001369    0.0000
  0.0100    -0.08063221    0.0000
  0.0202    -0.11013807    0.0000
  0.0302    -0.10674757    0.0000
  0.0403    -0.08341635    0.0000
  0.0505    -0.04843781    0.0000
  0.0602    -0.01040552    0.0000
  0.0708     0.03222728    0.0000
  0.0803     0.06812766    0.0000
  0.0910     0.10454683    0.0000
  0.1005     0.13222312    0.0000
  0.1111     0.15674995    0.0000
  0.1213     0.17410530    0.0000
  0.1307     0.18484006    0.0000
  0.1409     0.19084187    0.0000
  0.1500     0.19163967    0.0000
  0.1617     0.18692770    0.0000
  0.1721     0.17788003    0.0000
  0.1810     0.16711659    0.0000
  0.1903     0.15314941    0.0000
  0.2000     0.13597538    0.0000
  0.2103     0.11565670    0.0000
  0.2211     0.09232684    0.0000
  0.2324     0.06619523    0.0000
  0.2413     0.04492834    0.0000
  0.2505     0.02239723    0.0000
  0.2601    -0.00122177    0.0000
  0.2700    -0.02572790    0.0000
  0.2803    -0.05089714    0.0000
  0.2910    -0.07648392    0.0000
  0.3022    -0.10222325    0.0000
  0.3137    -0.12783341    0.0000
  0.3217    -0.14468960    0.0000
  0.3340    -0.16942222    0.0000
  0.3424    -0.18540806    0.0000
  0.3511    -0.20088254    0.0000
  0.3645    -0.22292890    0.0000
  0.3737    -0.23671207    0.0000
  0.3832    -0.24965485    0.0000
  0.3929    -0.26166583    0.0000
  0.4029    -0.27265609    0.0000
  0.4131    -0.28254001    0.0000
  0.4235    -0.29123594    0.0000
  0.4342    -0.29866688    0.0000
  0.4452    -0.30476108    0.0000
  0.4508    -0.30728606    0.0000
  0.4622    -0.31125355    0.0000
  0.4739    -0.31373168    0.0000
  0.4859    -0.31467146    0.0000
  0.4921    -0.31455121    0.0000
  0.5045    -0.31310828    0.0000
  0.5109    -0.31177825    0.0000
  0.5238    -0.30788661    0.0000
  0.5304    -0.30532084    0.0000
  0.5438    -0.29894301    0.0000
  0.5507    -0.29513006    0.0000
  0.5646    -0.28625792    0.0000
  0.5717    -0.28120114    0.0000
  0.5862    -0.26985624    0.0000
  0.5936    -0.26357378    0.0000
  0.6010    -0.25688932    0.0000
  0.6162    -0.24233156    0.0000
  0.6240    -0.23446814    0.0000
  0.6318    -0.22622246    0.0000
  0.6478    -0.20860952    0.0000
  0.6560    -0.19925608    0.0000
  0.6642    -0.18954798    0.0000
  0.6726    -0.17949325    0.0000
  0.6811    -0.16910038    0.0000
  0.6983    -0.14733618    0.0000
  0.7071    -0.13598383    0.0000
  0.7160    -0.12433128    0.0000
  0.7250    -0.11238894    0.0000
  0.7341    -0.10016757    0.0000
  0.7433    -0.08767826    0.0000
  0.7527    -0.07493239    0.0000
  0.7622    -0.06194167    0.0000
  0.7718    -0.04871803    0.0000
  0.7815    -0.03527370    0.0000
  0.7913    -0.02162114    0.0000
  0.8012    -0.00777302    0.0000
  0.8113     0.00625778    0.0000
  0.8215     0.02045818    0.0000
  0.8319     0.03481496    0.0000
  0.8423     0.04931472    0.0000
  0.8529     0.06394394    0.0000
  0.8637     0.07868898    0.0000
  0.8745     0.09353612    0.0000
  0.8855     0.10847154    0.0000
  0.8967     0.12348137    0.0000
  0.9079     0.13855169    0.0000
  0.9194     0.15366856    0.0000
  0.9309     0.16881802    0.0000
  0.9426     0.18398612    0.0000
  0.9545     0.19915895    0.0000
  0.9665     0.21432262    0.0000
  0.9787     0.22946331    0.0000
  0.9910     0.24456729    0.0000
  1.0034     0.25962088    0.0000
  1.0161     0.27461053    0.0000
  1.0288     0.28952283    0.0000
  1.0418     0.30434447    0.0000
  1.0549     0.31906231    0.0000
  1.0682     0.33366338    0.0000
  1.0816     0.34813487    0.0000
  1.0952     0.36246419    0.0000
  1.1090     0.37663893    0.0000
  1.1229     0.39064692    0.0000
  1.1371     0.40447621    0.0000
  1.1514     0.41811510    0.0000
  1.1658     0.43155213    0.0000
  1.1805     0.44477613    0.0000
  1.1954     0.45777618    0.0000
  1.2104     0.47054168    0.0000
  1.2256     0.48306229    0.0000
  1.2410     0.49532802    0.0000
  1.2566     0.50732915    0.0000
  1.2725     0.51905632    0.0000
  1.2885     0.53050049    0.0000
  1.3047     0.54165296    0.0000
  1.3211     0.55250538    0.0000
  1.3377     0.56304974    0.0000
  1.3545     0.57327843    0.0000
  1.3716     0.58318416    0.0000
  1.3888     0.59276003    0.0000
  1.4063     0.60199951    0.0000
  1.4240     0.61089646    0.0000
  1.4419     0.61944510    0.0000
  1.4600     0.62764002    0.0000
  1.4784     0.63547623    0.0000
  1.4970     0.64294908    0.0000
  1.5158     0.65005431    0.0000
  1.5349     0.65678804    0.0000
  1.5542     0.66314675    0.0000
  1.5738     0.66912731    0.0000
  1.5935     0.67472694    0.0000
  1.6136     0.67994323    0.0000
  1.6339     0.68477411    0.0000
  1.6544     0.68921788    0.0000
  1.6753     0.69327321    0.0000
  1.6963     0.69693908    0.0000
  1.7177     0.70021484    0.0000
  1.7393     0.70310019    0.0000
  1.7612     0.70559516    0.0000
  1.7833     0.70770013    0.0000
  1.8057     0.70941582    0.0000
  1.8285     0.71074330    0.0000
  1.8515     0.71168399    0.0000
  1.8747     0.71223966    0.0000
  1.8983     0.71241240    0.0000
  1.9222     0.71220470    0.0000
  1.9464     0.71161935    0.0000
  1.9709     0.71065952    0.0000
  1.9957     0.70932874    0.0000
  2.0208     0.70763088    0.0000
  2.0462     0.70557016    0.0000
  2.0719     0.70315116    0.0000
  2.0980     0.70037881    0.0000
  2.1244     0.69725837    0.0000
  2.1511     0.69379545    0.0000
  2.1782     0.68999602    0.0000
  2.2055     0.68586634    0.0000
  2.2333     0.68141304    0.0000
  2.2614     0.67664303    0.0000
  2.2898     0.67156356    0.0000
  2.3186     0.66618216    0.0000
  2.3478     0.66050667    0.0000
  2.3773     0.65454520    0.0000
  2.4072     0.64830614    0.0000
  2.4375     0.64179814    0.0000
  2.4682     0.63503010    0.0000
  2.4992     0.62801114    0.0000
  2.5307     0.62075063    0.0000
  2.5625     0.61325813    0.0000
  2.5947     0.60554340    0.0000
  2.6274     0.59761639    0.0000
  2.6604     0.58948719    0.0000
  2.6939     0.58116606    0.0000
  2.7278     0.57266340    0.0000
  2.7621     0.56398972    0.0000
  2.7968     0.55515562    0.0000
  2.8320     0.54617181    0.0000
  2.8676     0.53704904    0.0000
  2.9037     0.52779813    0.0000
  2.9402     0.51842993    0.0000
  2.9772     0.50895530    0.0000
  3.0147     0.49938512    0.0000
  3.0526     0.48973022    0.0000
  3.0910     0.48000140    0.0000
  3.1299     0.47020943    0.0000
  3.1692     0.46036498    0.0000
  3.2091     0.45047865    0.0000
  3.2495     0.44056090    0.0000
  3.2903     0.43062211    0.0000
  3.3317     0.42067248    0.0000
  3.3736     0.41072208    0.0000
  3.4161     0.40078078    0.0000
  3.4590     0.39085828    0.0000
  3.5025     0.38096407    0.0000
  3.5466     0.37110741    0.0000
  3.5912     0.36129733    0.0000
  3.6364     0.35154261    0.0000
  3.6821     0.34185178    0.0000
  3.7284     0.33223309    0.0000
  3.7753     0.32269449    0.0000
  3.8228     0.31324368    0.0000
  3.8709     0.30388800    0.0000
  3.9196     0.29463453    0.0000
  3.9689     0.28548999    0.0000
  4.0188     0.27646081    0.0000
  4.0694     0.26755306    0.0000
  4.1206     0.25877250    0.0000
  4.1724     0.25012453    0.0000
  4.2249     0.24161422    0.0000
  4.2780     0.23324629    0.0000
  4.3318     0.22502515    0.0000
  4.3863     0.21695481    0.0000
  4.4415     0.20903899    0.0000
  4.4974     0.20128105    0.0000
  4.5540     0.19368400    0.0000
  4.6112     0.18625055    0.0000
  4.6692     0.17898305    0.0000
  4.7280     0.17188355    0.0000
  4.7874     0.16495377    0.0000
  4.8477     0.15819512    0.0000
  4.9086     0.15160870    0.0000
  4.9704     0.14519532    0.0000
  5.0329     0.13895551    0.0000
  5.0962     0.13288949    0.0000
  5.1603     0.12699723    0.0000
  5.2252     0.12127842    0.0000
  5.2909     0.11573251    0.0000
  5.3575     0.11035870    0.0000
  5.4249     0.10515595    0.0000
  5.4931     0.10012299    0.0000
  5.5622     0.09525834    0.0000
  5.6322     0.09056031    0.0000
  5.7030     0.08602702    0.0000
  5.7748     0.08165640    0.0000
  5.8474     0.07744621    0.0000
  5.9210     0.07339406    0.0000
  5.9954     0.06949737    0.0000
  6.0709     0.06575345    0.0000
  6.1472     0.06215948    0.0000
  6.2245     0.05871249    0.0000
  6.3028     0.05540944    0.0000
  6.3821     0.05224716    0.0000
  6.4624     0.04922239    0.0000
  6.5437     0.04633183    0.0000
  6.6260     0.04357206    0.0000
  6.7093     0.04093963    0.0000
  6.7937     0.03843103    0.0000
  6.8792     0.03604273    0.0000
  6.9657     0.03377114    0.0000
  7.0533     0.03161267    0.0000
  7.1421     0.02956370    0.0000
  7.2319     0.02762062    0.0000
  7.3229     0.02577980    0.0000
  7.4150     0.02403766    0.0000
  7.5082     0.02239058    0.0000
  7.6027     0.02083503    0.0000
  7.6983     0.01936745    0.0000
  7.7952     0.01798435    0.0000
  7.8932     0.01668229    0.0000
  7.9925     0.01545785    0.0000
  8.0930     0.01430769    0.0000
  8.1948     0.01322851    0.0000
  8.2979     0.01221708    0.0000
  8.4023     0.01127023    0.0000
  8.5080     0.01038489    0.0000
  8.6150     0.00955802    0.0000
  8.7234     0.00878668    0.0000
  8.8331     0.00806802    0.0000
  8.9442     0.00739926    0.0000
  9.0567     0.00677769    0.0000
  9.1706     0.00620072    0.0000
  9.2860     0.00566581    0.0000
  9.4028     0.00517055    0.0000
  9.5210     0.00471258    0.0000
  9.6408     0.00428965    0.0000
  9.7621     0.00389959    0.0000
  9.8849     0.00354035    0.0000
 10.0092     0.00320992    0.0000
 10.1351     0.00290641    0.0000
 10.2626     0.00262802    0.0000
 10.3917     0.00237302    0.0000
 10.5224     0.00213979    0.0000
 10.6547     0.00192676    0.0000
 10.7888     0.00173248    0.0000
 10.9245     0.00155554    0.0000
 11.0619     0.00139464    0.0000
 11.2010     0.00124854    0.0000
 11.3419     0.00111609    0.0000
 11.4846     0.00099618    0.0000
 11.6290     0.00088781    0.0000
 11.7753     0.00079001    0.0000
 11.9234     0.00070189    0.0000
 12.0734     0.00062262    0.0000
 12.2253     0.00055142    0.0000
 12.3791     0.00048758    0.0000
 12.5348     0.00043043    0.0000
 12.6924     0.00037935    0.0000
 12.8521     0.00033378    0.0000
 13.0138     0.00029319    0.0000
 13.1774     0.00025710    0.0000
 13.3432     0.00022506    0.0000
 13.5110     0.00019667    0.0000
 13.6810     0.00017156    0.0000
 13.8531     0.00014939    0.0000
 14.0273     0.00012986    0.0000
 14.2038     0.00011267    0.0000
 14.3824     0.00009757    0.0000
 14.5633     0.00008434    0.0000
 14.7465     0.00007277    0.0000
 14.9320     0.00006267    0.0000
 15.1198     0.00005386    0.0000
 15.3100     0.00004620    0.0000
 15.5026     0.00003956    0.0000
 15.6976     0.00003380    0.0000
 15.8951     0.00002882    0.0000
 16.0950     0.00002452    0.0000
 16.2974     0.00002083    0.0000
 16.5024     0.00001765    0.0000
 16.7100     0.00001492    0.0000
 16.9202     0.00001259    0.0000
 17.1330     0.00001060    0.0000
 17.3485     0.00000891    0.0000
 17.5668     0.00000747    0.0000
 17.7877     0.00000625    0.0000
 18.0115     0.00000521    0.0000
 18.2380     0.00000434    0.0000
 18.4674     0.00000360    0.0000
 18.6997     0.00000299    0.0000
 18.9349     0.00000247    0.0000
 19.1731     0.00000204    0.0000
 19.4143     0.00000168    0.0000
 19.6585     0.00000138    0.0000
 19.9058     0.00000113    0.0000
 20.1561     0.00000092    0.0000
 20.4097     0.00000075    0.0000
 20.6664     0.00000061    0.0000
 20.9263     0.00000049    0.0000
 21.1896     0.00000040    0.0000
 21.4561     0.00000032    0.0000
 21.7260     0.00000026    0.0000
 21.9993     0.00000021    0.0000
 22.2760     0.00000017    0.0000
 22.5562     0.00000013    0.0000
 22.8399     0.00000010    0.0000
 23.1272     0.00000008    0.0000
 23.4181     0.00000007    0.0000
 23.7127     0.00000005    0.0000
 24.0109     0.00000004    0.0000
 24.3130     0.00000003    0.0000
 24.6188     0.00000002    0.0000
 24.9284     0.00000002    0.0000
 25.2420     0.00000001    0.0000
 25.5595     0.00000001    0.0000
 25.8810     0.00000001    0.0000
 26.2066     0.00000001    0.0000
 26.5362     0.00000001    0.0000
 26.8700     0.00000000    0.0000
 27.2080     0.00000000    0.0000
 27.5502     0.00000000    0.0000
 27.8967     0.00000000    0.0000
 28.2476     0.00000000    0.0000
 28.6030     0.00000000    0.0000
 28.9627     0.00000000    0.0000
 29.3270     0.00000000    0.0000
 29.6959     0.00000000    0.0000
 30.0695     0.00000000    0.0000
 30.4477     0.00000000    0.0000
 30.8307     0.00000000    0.0000
 31.2185     0.00000000    0.0000
 31.6112     0.00000000    0.0000
 32.0088     0.00000000    0.0000
 32.4114     0.00000000    0.0000
 32.8191     0.00000000    0.0000
 33.2319     0.00000000    0.0000
 33.6499     0.00000000    0.0000
 34.0732     0.00000000    0.0000
 34.5018     0.00000000    0.0000
 34.9357     0.00000000    0.0000
 35.3752     0.00000000    0.0000
 35.8201     0.00000000    0.0000
 36.2707     0.00000000    0.0000
 36.7269     0.00000000    0.0000
 37.1889     0.00000000    0.0000
 37.6567     0.00000000    0.0000
 38.1304     0.00000000    0.0000
 38.6100     0.00000000    0.0000
 39.0956     0.00000000    0.0000
 39.5874     0.00000000    0.0000
 40.0853     0.00000000    0.0000
 40.5896     0.00000000    0.0000
 41.1001     0.00000000    0.0000
