    0.0000010058              0.00000           0.00000           0.00000
    0.0000020242              0.00000           0.00000           0.00000
    0.0000030554              0.00000           0.00000           0.00000
    0.0000040996              0.00001           0.00000           0.00001
    0.0000051570              0.00001           0.00000           0.00001
    0.0000062276              0.00002           0.00000           0.00002
    0.0000073117              0.00002           0.00000           0.00002
    0.0000084094              0.00003           0.00000           0.00003
    0.0000095210              0.00004           0.00000           0.00004
    0.0000106465              0.00004           0.00000           0.00004
    0.0000117862              0.00005           0.00000           0.00005
    0.0000129402              0.00006           0.00000           0.00006
    0.0000141088              0.00008           0.00000           0.00008
    0.0000152920              0.00009           0.00000           0.00009
    0.0000164901              0.00010           0.00000           0.00010
    0.0000177033              0.00012           0.00000           0.00012
    0.0000189318              0.00014           0.00000           0.00014
    0.0000201757              0.00015           0.00000           0.00015
    0.0000214352              0.00017           0.00000           0.00017
    0.0000227106              0.00019           0.00000           0.00019
    0.0000240020              0.00022           0.00000           0.00022
    0.0000253097              0.00024           0.00000           0.00024
    0.0000266338              0.00026           0.00000           0.00026
    0.0000279746              0.00029           0.00000           0.00029
    0.0000293323              0.00032           0.00000           0.00032
    0.0000307070              0.00035           0.00000           0.00035
    0.0000320990              0.00038           0.00000           0.00038
    0.0000335085              0.00041           0.00000           0.00041
    0.0000349358              0.00045           0.00000           0.00045
    0.0000363810              0.00049           0.00000           0.00049
    0.0000378444              0.00053           0.00000           0.00053
    0.0000393262              0.00057           0.00000           0.00057
    0.0000408266              0.00061           0.00000           0.00061
    0.0000423459              0.00065           0.00000           0.00065
    0.0000438843              0.00070           0.00000           0.00070
    0.0000454421              0.00075           0.00000           0.00075
    0.0000470195              0.00080           0.00000           0.00080
    0.0000486167              0.00086           0.00000           0.00086
    0.0000502340              0.00091           0.00000           0.00091
    0.0000518716              0.00097           0.00000           0.00097
    0.0000535298              0.00103           0.00000           0.00103
    0.0000552089              0.00110           0.00000           0.00110
    0.0000569091              0.00116           0.00000           0.00116
    0.0000586307              0.00123           0.00000           0.00123
    0.0000603740              0.00130           0.00000           0.00130
    0.0000621392              0.00138           0.00000           0.00138
    0.0000639265              0.00146           0.00000           0.00146
    0.0000657364              0.00154           0.00000           0.00154
    0.0000675690              0.00162           0.00000           0.00162
    0.0000694247              0.00171           0.00000           0.00171
    0.0000713038              0.00180           0.00000           0.00180
    0.0000732064              0.00190           0.00000           0.00190
    0.0000751330              0.00199           0.00000           0.00199
    0.0000770838              0.00210           0.00000           0.00210
    0.0000790592              0.00220           0.00000           0.00220
    0.0000810594              0.00231           0.00000           0.00231
    0.0000830848              0.00242           0.00000           0.00242
    0.0000851356              0.00254           0.00000           0.00254
    0.0000872123              0.00266           0.00000           0.00266
    0.0000893150              0.00279           0.00000           0.00279
    0.0000914443              0.00292           0.00000           0.00292
    0.0000936003              0.00306           0.00000           0.00306
    0.0000957834              0.00320           0.00000           0.00320
    0.0000979939              0.00334           0.00000           0.00334
    0.0001002323              0.00349           0.00000           0.00349
    0.0001024989              0.00365           0.00000           0.00365
    0.0001047939              0.00381           0.00000           0.00381
    0.0001071178              0.00397           0.00000           0.00397
    0.0001094710              0.00414           0.00000           0.00414
    0.0001118537              0.00432           0.00000           0.00432
    0.0001142664              0.00450           0.00000           0.00450
    0.0001167095              0.00469           0.00000           0.00469
    0.0001191833              0.00489           0.00000           0.00489
    0.0001216882              0.00509           0.00000           0.00509
    0.0001242246              0.00529           0.00000           0.00529
    0.0001267929              0.00551           0.00000           0.00551
    0.0001293936              0.00573           0.00000           0.00573
    0.0001320269              0.00596           0.00001           0.00596
    0.0001346934              0.00619           0.00001           0.00619
    0.0001373934              0.00644           0.00001           0.00644
    0.0001401273              0.00669           0.00001           0.00669
    0.0001428957              0.00695           0.00001           0.00695
    0.0001456989              0.00721           0.00001           0.00721
    0.0001485373              0.00749           0.00001           0.00749
    0.0001514115              0.00777           0.00001           0.00777
    0.0001543217              0.00806           0.00001           0.00806
    0.0001572686              0.00837           0.00001           0.00837
    0.0001602526              0.00868           0.00001           0.00868
    0.0001632741              0.00900           0.00001           0.00900
    0.0001663336              0.00933           0.00001           0.00933
    0.0001694316              0.00967           0.00001           0.00966
    0.0001725686              0.01002           0.00001           0.01001
    0.0001757450              0.01038           0.00001           0.01037
    0.0001789613              0.01075           0.00001           0.01075
    0.0001822182              0.01113           0.00001           0.01113
    0.0001855160              0.01152           0.00001           0.01152
    0.0001888552              0.01193           0.00001           0.01193
    0.0001922365              0.01234           0.00001           0.01234
    0.0001956603              0.01277           0.00001           0.01277
    0.0001991272              0.01321           0.00001           0.01321
    0.0002026377              0.01367           0.00001           0.01367
    0.0002061923              0.01414           0.00001           0.01414
    0.0002097917              0.01462           0.00001           0.01462
    0.0002134363              0.01511           0.00001           0.01511
    0.0002171268              0.01562           0.00001           0.01562
    0.0002208636              0.01615           0.00001           0.01615
    0.0002246475              0.01669           0.00001           0.01669
    0.0002284790              0.01724           0.00001           0.01724
    0.0002323587              0.01781           0.00002           0.01781
    0.0002362872              0.01840           0.00002           0.01840
    0.0002402651              0.01900           0.00002           0.01900
    0.0002442930              0.01962           0.00002           0.01962
    0.0002483716              0.02026           0.00002           0.02026
    0.0002525015              0.02092           0.00002           0.02092
    0.0002566834              0.02159           0.00002           0.02159
    0.0002609178              0.02229           0.00002           0.02229
    0.0002652055              0.02300           0.00002           0.02300
    0.0002695472              0.02373           0.00002           0.02373
    0.0002739434              0.02449           0.00002           0.02448
    0.0002783950              0.02526           0.00002           0.02526
    0.0002829025              0.02606           0.00002           0.02605
    0.0002874668              0.02687           0.00002           0.02687
    0.0002920884              0.02771           0.00002           0.02771
    0.0002967682              0.02858           0.00002           0.02857
    0.0003015069              0.02946           0.00002           0.02946
    0.0003063051              0.03037           0.00003           0.03037
    0.0003111637              0.03131           0.00003           0.03131
    0.0003160835              0.03227           0.00003           0.03227
    0.0003210651              0.03326           0.00003           0.03326
    0.0003261094              0.03428           0.00003           0.03427
    0.0003312171              0.03532           0.00003           0.03532
    0.0003363890              0.03639           0.00003           0.03639
    0.0003416261              0.03749           0.00003           0.03748
    0.0003469290              0.03862           0.00003           0.03861
    0.0003522986              0.03978           0.00003           0.03977
    0.0003577357              0.04097           0.00003           0.04096
    0.0003632412              0.04219           0.00004           0.04219
    0.0003688160              0.04345           0.00004           0.04344
    0.0003744609              0.04473           0.00004           0.04473
    0.0003801768              0.04606           0.00004           0.04605
    0.0003859646              0.04742           0.00004           0.04741
    0.0003918252              0.04881           0.00004           0.04881
    0.0003977596              0.05024           0.00004           0.05024
    0.0004037685              0.05171           0.00004           0.05171
    0.0004098531              0.05322           0.00005           0.05322
    0.0004160142              0.05477           0.00005           0.05477
    0.0004222528              0.05636           0.00005           0.05636
    0.0004285698              0.05799           0.00005           0.05799
    0.0004349663              0.05967           0.00005           0.05966
    0.0004414433              0.06139           0.00005           0.06138
    0.0004480017              0.06315           0.00005           0.06314
    0.0004546427              0.06496           0.00006           0.06495
    0.0004613672              0.06681           0.00006           0.06681
    0.0004681762              0.06872           0.00006           0.06872
    0.0004750709              0.07067           0.00006           0.07067
    0.0004820523              0.07268           0.00006           0.07268
    0.0004891216              0.07474           0.00006           0.07473
    0.0004962797              0.07685           0.00007           0.07684
    0.0005035279              0.07902           0.00007           0.07901
    0.0005108673              0.08124           0.00007           0.08123
    0.0005182990              0.08352           0.00007           0.08351
    0.0005258242              0.08586           0.00007           0.08585
    0.0005334440              0.08825           0.00008           0.08825
    0.0005411597              0.09071           0.00008           0.09071
    0.0005489724              0.09324           0.00008           0.09323
    0.0005568834              0.09583           0.00008           0.09582
    0.0005648939              0.09848           0.00008           0.09847
    0.0005730051              0.10120           0.00009           0.10120
    0.0005812184              0.10400           0.00009           0.10399
    0.0005895350              0.10686           0.00009           0.10685
    0.0005979562              0.10979           0.00009           0.10979
    0.0006064834              0.11281           0.00010           0.11280
    0.0006151178              0.11589           0.00010           0.11589
    0.0006238608              0.11906           0.00010           0.11905
    0.0006327137              0.12230           0.00011           0.12230
    0.0006416781              0.12563           0.00011           0.12563
    0.0006507551              0.12905           0.00011           0.12904
    0.0006599464              0.13254           0.00011           0.13254
    0.0006692533              0.13613           0.00012           0.13612
    0.0006786772              0.13981           0.00012           0.13980
    0.0006882197              0.14358           0.00012           0.14357
    0.0006978822              0.14744           0.00013           0.14743
    0.0007076662              0.15140           0.00013           0.15139
    0.0007175734              0.15546           0.00013           0.15546
    0.0007276051              0.15963           0.00014           0.15962
    0.0007377630              0.16389           0.00014           0.16388
    0.0007480487              0.16827           0.00015           0.16826
    0.0007584638              0.17275           0.00015           0.17274
    0.0007690098              0.17734           0.00015           0.17733
    0.0007796886              0.18205           0.00016           0.18204
    0.0007905016              0.18688           0.00016           0.18687
    0.0008014507              0.19182           0.00017           0.19181
    0.0008125374              0.19689           0.00017           0.19688
    0.0008237637              0.20208           0.00018           0.20207
    0.0008351311              0.20740           0.00018           0.20739
    0.0008466415              0.21285           0.00019           0.21284
    0.0008582967              0.21844           0.00019           0.21843
    0.0008700986              0.22417           0.00020           0.22416
    0.0008820488              0.23003           0.00020           0.23002
    0.0008941494              0.23604           0.00021           0.23603
    0.0009064022              0.24220           0.00021           0.24219
    0.0009188091              0.24851           0.00022           0.24850
    0.0009313721              0.25497           0.00022           0.25496
    0.0009440930              0.26159           0.00023           0.26158
    0.0009569740              0.26838           0.00023           0.26836
    0.0009700171              0.27532           0.00024           0.27531
    0.0009832241              0.28244           0.00025           0.28243
    0.0009965973              0.28973           0.00025           0.28972
    0.0010101388              0.29720           0.00026           0.29719
    0.0010238505              0.30485           0.00027           0.30484
    0.0010377347              0.31269           0.00027           0.31267
    0.0010517936              0.32071           0.00028           0.32070
    0.0010660293              0.32893           0.00029           0.32892
    0.0010804441              0.33735           0.00030           0.33733
    0.0010950402              0.34597           0.00031           0.34596
    0.0011098198              0.35480           0.00031           0.35478
    0.0011247854              0.36384           0.00032           0.36383
    0.0011399393              0.37310           0.00033           0.37308
    0.0011552837              0.38258           0.00034           0.38256
    0.0011708212              0.39229           0.00035           0.39227
    0.0011865540              0.40223           0.00036           0.40221
    0.0012024848              0.41241           0.00037           0.41239
    0.0012186160              0.42283           0.00038           0.42281
    0.0012349501              0.43350           0.00039           0.43349
    0.0012514896              0.44442           0.00040           0.44441
    0.0012682372              0.45561           0.00041           0.45560
    0.0012851954              0.46706           0.00042           0.46705
    0.0013023669              0.47878           0.00043           0.47877
    0.0013197545              0.49078           0.00044           0.49077
    0.0013373607              0.50307           0.00045           0.50305
    0.0013551884              0.51564           0.00046           0.51563
    0.0013732403              0.52852           0.00047           0.52850
    0.0013915193              0.54169           0.00049           0.54168
    0.0014100283              0.55518           0.00050           0.55516
    0.0014287700              0.56898           0.00051           0.56897
    0.0014477475              0.58311           0.00053           0.58310
    0.0014669637              0.59757           0.00054           0.59755
    0.0014864216              0.61236           0.00055           0.61235
    0.0015061242              0.62751           0.00057           0.62750
    0.0015260747              0.64300           0.00058           0.64299
    0.0015462761              0.65886           0.00060           0.65885
    0.0015667317              0.67509           0.00061           0.67508
    0.0015874445              0.69169           0.00063           0.69168
    0.0016084179              0.70868           0.00065           0.70868
    0.0016296550              0.72607           0.00066           0.72606
    0.0016511593              0.74385           0.00068           0.74385
    0.0016729341              0.76205           0.00070           0.76205
    0.0016949828              0.78067           0.00072           0.78067
    0.0017173089              0.79972           0.00073           0.79971
    0.0017399157              0.81920           0.00075           0.81920
    0.0017628069              0.83914           0.00077           0.83913
    0.0017859861              0.85953           0.00079           0.85953
    0.0018094568              0.88038           0.00081           0.88038
    0.0018332227              0.90172           0.00083           0.90172
    0.0018572876              0.92354           0.00086           0.92354
    0.0018816552              0.94586           0.00088           0.94586
    0.0019063293              0.96868           0.00090           0.96869
    0.0019313137              0.99203           0.00092           0.99204
    0.0019566124              1.01590           0.00095           1.01591
    0.0019822293              1.04032           0.00097           1.04033
    0.0020081685              1.06528           0.00100           1.06530
    0.0020344339              1.09081           0.00102           1.09083
    0.0020610297              1.11692           0.00105           1.11694
    0.0020879600              1.14361           0.00108           1.14364
    0.0021152291              1.17090           0.00111           1.17093
    0.0021428412              1.19881           0.00113           1.19884
    0.0021708006              1.22733           0.00116           1.22737
    0.0021991116              1.25650           0.00119           1.25653
    0.0022277788              1.28631           0.00123           1.28635
    0.0022568066              1.31679           0.00126           1.31683
    0.0022861995              1.34794           0.00129           1.34799
    0.0023159621              1.37978           0.00132           1.37983
    0.0023460991              1.41233           0.00136           1.41239
    0.0023766152              1.44559           0.00139           1.44566
    0.0024075151              1.47959           0.00143           1.47966
    0.0024388037              1.51434           0.00147           1.51441
    0.0024704858              1.54984           0.00150           1.54992
    0.0025025665              1.58613           0.00154           1.58621
    0.0025350507              1.62321           0.00158           1.62329
    0.0025679434              1.66109           0.00162           1.66119
    0.0026012500              1.69980           0.00167           1.69990
    0.0026349754              1.73935           0.00171           1.73946
    0.0026691251              1.77975           0.00176           1.77987
    0.0027037043              1.82103           0.00180           1.82116
    0.0027387185              1.86320           0.00185           1.86333
    0.0027741731              1.90628           0.00190           1.90642
    0.0028100737              1.95028           0.00195           1.95043
    0.0028464258              1.99522           0.00200           1.99538
    0.0028832352              2.04112           0.00205           2.04129
    0.0029205076              2.08800           0.00210           2.08818
    0.0029582489              2.13587           0.00216           2.13607
    0.0029964648              2.18476           0.00221           2.18497
    0.0030351615              2.23469           0.00227           2.23491
    0.0030743449              2.28567           0.00233           2.28590
    0.0031140212              2.33772           0.00239           2.33796
    0.0031541965              2.39086           0.00246           2.39111
    0.0031948772              2.44511           0.00252           2.44538
    0.0032360696              2.50050           0.00259           2.50079
    0.0032777801              2.55704           0.00266           2.55734
    0.0033200152              2.61475           0.00273           2.61507
    0.0033627817              2.67365           0.00280           2.67399
    0.0034060860              2.73378           0.00287           2.73414
    0.0034499351              2.79513           0.00295           2.79551
    0.0034943357              2.85775           0.00303           2.85815
    0.0035392948              2.92165           0.00311           2.92207
    0.0035848194              2.98685           0.00319           2.98730
    0.0036309166              3.05338           0.00328           3.05385
    0.0036775937              3.12125           0.00336           3.12175
    0.0037248579              3.19050           0.00345           3.19102
    0.0037727166              3.26114           0.00355           3.26169
    0.0038211774              3.33320           0.00364           3.33378
    0.0038702476              3.40670           0.00374           3.40731
    0.0039199351              3.48166           0.00384           3.48231
    0.0039702476              3.55812           0.00394           3.55879
    0.0040211929              3.63608           0.00405           3.63680
    0.0040727791              3.71559           0.00416           3.71634
    0.0041250141              3.79666           0.00427           3.79744
    0.0041779062              3.87931           0.00439           3.88014
    0.0042314635              3.96358           0.00451           3.96445
    0.0042856946              4.04948           0.00463           4.05040
    0.0043406077              4.13705           0.00475           4.13801
    0.0043962116              4.22631           0.00488           4.22731
    0.0044525149              4.31728           0.00502           4.31834
    0.0045095264              4.40999           0.00516           4.41110
    0.0045672551              4.50446           0.00530           4.50563
    0.0046257098              4.60073           0.00544           4.60196
    0.0046848999              4.69881           0.00559           4.70010
    0.0047448344              4.79875           0.00575           4.80010
    0.0048055229              4.90055           0.00591           4.90196
    0.0048669747              5.00424           0.00607           5.00573
    0.0049291994              5.10987           0.00624           5.11143
    0.0049922069              5.21744           0.00641           5.21907
    0.0050560069              5.32698           0.00659           5.32870
    0.0051206094              5.43854           0.00678           5.44034
    0.0051860245              5.55212           0.00697           5.55400
    0.0052522625              5.66775           0.00716           5.66973
    0.0053193336              5.78547           0.00736           5.78755
    0.0053872483              5.90530           0.00757           5.90747
    0.0054560173              6.02726           0.00779           6.02954
    0.0055256513              6.15139           0.00801           6.15378
    0.0055961612              6.27770           0.00824           6.28020
    0.0056675581              6.40622           0.00847           6.40885
    0.0057398529              6.53699           0.00871           6.53973
    0.0058130572              6.67002           0.00896           6.67289
    0.0058871822              6.80534           0.00922           6.80835
    0.0059622396              6.94297           0.00949           6.94613
    0.0060382411              7.08295           0.00976           7.08625
    0.0061151986              7.22529           0.01005           7.22874
    0.0061931241              7.37001           0.01034           7.37363
    0.0062720298              7.51716           0.01064           7.52095
    0.0063519280              7.66673           0.01095           7.67070
    0.0064328312              7.81877           0.01127           7.82292
    0.0065147520              7.97329           0.01160           7.97763
    0.0065977032              8.13031           0.01194           8.13486
    0.0066816979              8.28986           0.01230           8.29462
    0.0067667491              8.45196           0.01266           8.45694
    0.0068528701              8.61662           0.01304           8.62183
    0.0069400743              8.78387           0.01343           8.78932
    0.0070283755              8.95373           0.01383           8.95943
    0.0071177874              9.12621           0.01425           9.13218
    0.0072083239              9.30134           0.01468           9.30758
    0.0072999992              9.47913           0.01512           9.48565
    0.0073928276              9.65959           0.01558           9.66641
    0.0074868237              9.84275           0.01605           9.84988
    0.0075820022             10.02861           0.01654          10.03607
    0.0076783778             10.21719           0.01705          10.22499
    0.0077759656             10.40851           0.01757          10.41666
    0.0078747810             10.60257           0.01811          10.61109
    0.0079748393             10.79938           0.01867          10.80829
    0.0080761562             10.99896           0.01925          11.00826
    0.0081787476             11.20130           0.01985          11.21103
    0.0082826293             11.40643           0.02047          11.41660
    0.0083878177             11.61434           0.02111          11.62497
    0.0084943293             11.82504           0.02177          11.83615
    0.0086021805             12.03853           0.02246          12.05014
    0.0087113884             12.25481           0.02317          12.26694
    0.0088219700             12.47389           0.02390          12.48656
    0.0089339425             12.69575           0.02466          12.70899
    0.0090473234             12.92041           0.02545          12.93423
    0.0091621305             13.14784           0.02626          13.16228
    0.0092783817             13.37805           0.02710          13.39314
    0.0093960951             13.61102           0.02798          13.62678
    0.0095152892             13.84675           0.02888          13.86321
    0.0096359826             14.08523           0.02981          14.10242
    0.0097581941             14.32643           0.03078          14.34438
    0.0098819428             14.57034           0.03179          14.58909
    0.0100072481             14.81695           0.03283          14.83653
    0.0101341296             15.06623           0.03390          15.08667
    0.0102626070             15.31816           0.03502          15.33950
    0.0103927005             15.57271           0.03617          15.59500
    0.0105244303             15.82986           0.03737          15.85313
    0.0106578171             16.08958           0.03861          16.11387
    0.0107928818             16.35183           0.03990          16.37718
    0.0109296453             16.61658           0.04123          16.64304
    0.0110681290             16.88379           0.04261          16.91140
    0.0112083547             17.15341           0.04404          17.18224
    0.0113503443             17.42542           0.04553          17.45550
    0.0114941198             17.69975           0.04707          17.73114
    0.0116397038             17.97636           0.04866          18.00912
    0.0117871190             18.25521           0.05031          18.28939
    0.0119363885             18.53622           0.05203          18.57189
    0.0120875355             18.81935           0.05381          18.85657
    0.0122405838             19.10454           0.05565          19.14336
    0.0123955571             19.39171           0.05756          19.43222
    0.0125524798             19.68081           0.05954          19.72306
    0.0127113764             19.97176           0.06160          20.01583
    0.0128722716             20.26448           0.06373          20.31045
    0.0130351906             20.55890           0.06594          20.60685
    0.0132001588             20.85494           0.06823          20.90495
    0.0133672022             21.15252           0.07061          21.20467
    0.0135363467             21.45154           0.07308          21.50592
    0.0137076187             21.75191           0.07563          21.80861
    0.0138810451             22.05353           0.07829          22.11266
    0.0140566529             22.35632           0.08104          22.41797
    0.0142344696             22.66016           0.08390          22.72443
    0.0144145230             22.96495           0.08686          23.03195
    0.0145968411             23.27058           0.08993          23.34042
    0.0147814525             23.57693           0.09312          23.64974
    0.0149683861             23.88389           0.09643          23.95978
    0.0151576710             24.19134           0.09986          24.27043
    0.0153493368             24.49914           0.10342          24.58157
    0.0155434134             24.80718           0.10711          24.89308
    0.0157399313             25.11531           0.11094          25.20482
    0.0159389210             25.42341           0.11492          25.51667
    0.0161404137             25.73133           0.11904          25.82850
    0.0163444409             26.03892           0.12332          26.14015
    0.0165510344             26.34604           0.12776          26.45150
    0.0167602266             26.65254           0.13236          26.76239
    0.0169720501             26.95826           0.13714          27.07269
    0.0171865379             27.26304           0.14209          27.38222
    0.0174037238             27.56672           0.14723          27.69084
    0.0176236414             27.86914           0.15257          27.99840
    0.0178463253             28.17012           0.15810          28.30472
    0.0180718102             28.46949           0.16383          28.60964
    0.0183001314             28.76708           0.16978          28.91300
    0.0185313245             29.06270           0.17596          29.21462
    0.0187654256             29.35618           0.18236          29.51433
    0.0190024714             29.64732           0.18900          29.81195
    0.0192424988             29.93595           0.19588          30.10730
    0.0194855454             30.22187           0.20302          30.40020
    0.0197316492             30.50488           0.21043          30.69047
    0.0199808485             30.78480           0.21810          30.97792
    0.0202331824             31.06141           0.22606          31.26236
    0.0204886903             31.33453           0.23432          31.54360
    0.0207474121             31.60395           0.24288          31.82145
    0.0210093882             31.86946           0.25175          32.09572
    0.0212746595             32.13087           0.26094          32.36622
    0.0215432675             32.38796           0.27048          32.63274
    0.0218152543             32.64052           0.28036          32.89509
    0.0220906621             32.88835           0.29059          33.15307
    0.0223695342             33.13124           0.30121          33.40650
    0.0226519141             33.36898           0.31220          33.65516
    0.0229378459             33.60135           0.32360          33.89887
    0.0232273742             33.82815           0.33540          34.13743
    0.0235205444             34.04917           0.34763          34.37064
    0.0238174022             34.26420           0.36030          34.59830
    0.0241179940             34.47303           0.37342          34.82024
    0.0244223668             34.67546           0.38701          35.03624
    0.0247305681             34.87128           0.40108          35.24614
    0.0250426462             35.06029           0.41565          35.44973
    0.0253586496             35.24229           0.43074          35.64683
    0.0256786280             35.41708           0.44635          35.83727
    0.0260026311             35.58447           0.46252          36.02087
    0.0263307097             35.74427           0.47925          36.19745
    0.0266629150             35.89628           0.49656          36.36685
    0.0269992990             36.04034           0.51448          36.52890
    0.0273399141             36.17625           0.53302          36.68344
    0.0276848137             36.30385           0.55219          36.83031
    0.0280340515             36.42298           0.57203          36.96938
    0.0283876823             36.53346           0.59254          37.10050
    0.0287457611             36.63514           0.61375          37.22353
    0.0291083441             36.72789           0.63568          37.33835
    0.0294754877             36.81154           0.65835          37.44484
    0.0298472495             36.88598           0.68178          37.54289
    0.0302236874             36.95108           0.70599          37.63239
    0.0306048604             37.00673           0.73101          37.71324
    0.0309908279             37.05280           0.75686          37.78538
    0.0313816503             37.08922           0.78356          37.84871
    0.0317773887             37.11588           0.81113          37.90319
    0.0321781048             37.13271           0.83961          37.94874
    0.0325838613             37.13966           0.86900          37.98534
    0.0329947216             37.13665           0.89935          38.01294
    0.0334107498             37.12365           0.93066          38.03154
    0.0338320111             37.10063           0.96297          38.04112
    0.0342585712             37.06756           0.99631          38.04169
    0.0346904967             37.02445           1.03069          38.03328
    0.0351278552             36.97129           1.06615          38.01591
    0.0355707150             36.90812           1.10271          37.98963
    0.0360191453             36.83497           1.14040          37.95451
    0.0364732162             36.75188           1.17924          37.91062
    0.0369329985             36.65893           1.21926          37.85804
    0.0373985642             36.55619           1.26048          37.79690
    0.0378699860             36.44375           1.30295          37.72731
    0.0383473376             36.32174           1.34667          37.64941
    0.0388306935             36.19027           1.39169          37.56335
    0.0393201292             36.04950           1.43802          37.46930
    0.0398157213             35.89957           1.48569          37.36745
    0.0403175472             35.74067           1.53473          37.25800
    0.0408256853             35.57299           1.58517          37.14118
    0.0413402150             35.39673           1.63704          37.01721
    0.0418612166             35.21214           1.69035          36.88635
    0.0423887717             35.01944           1.74514          36.74886
    0.0429229626             34.81891           1.80144          36.60505
    0.0434638728             34.61081           1.85926          36.45520
    0.0440115867             34.39545           1.91864          36.29963
    0.0445661901             34.17312           1.97959          36.13868
    0.0451277696             33.94418           2.04215          35.97271
    0.0456964128             33.70894           2.10633          35.80207
    0.0462722087             33.46778           2.17217          35.62714
    0.0468552472             33.22107           2.23967          35.44834
    0.0474456194             32.96921           2.30886          35.26606
    0.0480434176             32.71259           2.37977          35.08073
    0.0486487352             32.45165           2.45240          34.89279
    0.0492616667             32.18680           2.52679          34.70269
    0.0498823080             31.91851           2.60294          34.51090
    0.0505107559             31.64724           2.68088          34.31789
    0.0511471088             31.37346           2.76061          34.12415
    0.0517914660             31.09765           2.84215          33.93018
    0.0524439282             30.82031           2.92550          33.73648
    0.0531045974             30.54195           3.01070          33.54357
    0.0537735767             30.26308           3.09772          33.35197
    0.0544509708             29.98423           3.18660          33.16220
    0.0551368855             29.70593           3.27732          32.97481
    0.0558314279             29.42871           3.36989          32.79033
    0.0565347066             29.15313           3.46432          32.60931
    0.0572468314             28.87972           3.56059          32.43228
    0.0579679137             28.60905           3.65871          32.25980
    0.0586980661             28.34165           3.75867          32.09240
    0.0594374026             28.07809           3.86045          31.93063
    0.0601860389             27.81892           3.96405          31.77503
    0.0609440918             27.56468           4.06945          31.62612
    0.0617116799             27.31592           4.17664          31.48445
    0.0624889230             27.07320           4.28559          31.35053
    0.0632759427             26.83704           4.39628          31.22487
    0.0640728619             26.60797           4.50868          31.10797
    0.0648798050             26.38651           4.62276          31.00032
    0.0656968983             26.17317           4.73849          30.90239
    0.0665242693             25.96846           4.85583          30.81465
    0.0673620474             25.77285           4.97474          30.73754
    0.0682103634             25.58681           5.09518          30.67148
    0.0690693499             25.41080           5.21710          30.61687
    0.0699391411             25.24525           5.34044          30.57409
    0.0708198730             25.09058           5.46514          30.54351
    0.0717116831             24.94718           5.59116          30.52546
    0.0726147108             24.81542           5.71843          30.52024
    0.0735290972             24.69564           5.84687          30.52813
    0.0744549852             24.58818           5.97641          30.54938
    0.0753925193             24.49333           6.10698          30.58421
    0.0763418463             24.41135           6.23850          30.63281
    0.0773031143             24.34247           6.37088          30.69532
    0.0782764735             24.28692           6.50403          30.77187
    0.0792620761             24.24485           6.63786          30.86253
    0.0802600760             24.21642           6.77227          30.96735
    0.0812706293             24.20172           6.90715          31.08633
    0.0822938937             24.20083           7.04240          31.21943
    0.0833300293             24.21378           7.17791          31.36657
    0.0843791978             24.24058           7.31355          31.52765
    0.0854415632             24.28117           7.44922          31.70250
    0.0865172915             24.33547           7.58478          31.89091
    0.0876065508             24.40338           7.72011          32.09264
    0.0887095114             24.48472           7.85507          32.30740
    0.0898263454             24.57931           7.98953          32.53485
    0.0909572275             24.68689           8.12335          32.77462
    0.0921023344             24.80720           8.25637          33.02629
    0.0932618449             24.93989           8.38847          33.28938
    0.0944359403             25.08463           8.51947          33.56339
    0.0956248039             25.24099           8.64923          33.84776
    0.0968286217             25.40855           8.77760          34.14190
    0.0980475816             25.58681           8.90440          34.44517
    0.0992818741             25.77526           9.02949          34.75688
    0.1005316921             25.97334           9.15269          35.07633
    0.1017972309             26.18044           9.27384          35.40274
    0.1030786882             26.39595           9.39277          35.73534
    0.1043762642             26.61918           9.50931          36.07327
    0.1056901618             26.84945           9.62330          36.41568
    0.1070205861             27.08602           9.73456          36.76167
    0.1083677452             27.32811           9.84292          37.11032
    0.1097318494             27.57496           9.94821          37.46066
    0.1111131119             27.82572          10.05027          37.81171
    0.1125117486             28.07957          10.14892          38.16246
    0.1139279779             28.33562          10.24400          38.51190
    0.1153620212             28.59301          10.33534          38.85897
    0.1168141026             28.85082          10.42279          39.20261
    0.1182844489             29.10814          10.50618          39.54176
    0.1197732899             29.36403          10.58536          39.87532
    0.1212808582             29.61754          10.66018          40.20222
    0.1228073893             29.86774          10.73049          40.52136
    0.1243531219             30.11367          10.79615          40.83166
    0.1259182974             30.35437          10.85703          41.13203
    0.1275031603             30.58889          10.91299          41.42140
    0.1291079584             30.81628          10.96392          41.69869
    0.1307329424             31.03561          11.00970          41.96286
    0.1323783662             31.24594          11.05021          42.21288
    0.1340444868             31.44636          11.08537          42.44775
    0.1357315646             31.63598          11.11508          42.66647
    0.1374398633             31.81392          11.13925          42.86810
    0.1391696498             31.97934          11.15783          43.05173
    0.1409211942             32.13140          11.17074          43.21647
    0.1426947704             32.26932          11.17794          43.36149
    0.1444906554             32.39234          11.17939          43.48599
    0.1463091299             32.49975          11.17506          43.58924
    0.1481504780             32.59086          11.16494          43.67053
    0.1500149873             32.66504          11.14902          43.72923
    0.1519029494             32.72169          11.12731          43.76477
    0.1538146590             32.76029          11.09983          43.77662
    0.1557504150             32.78032          11.06664          43.76434
    0.1577105198             32.78138          11.02776          43.72753
    0.1596952797             32.76306          10.98327          43.66589
    0.1617050049             32.72505          10.93325          43.57917
    0.1637400092             32.66710          10.87778          43.46720
    0.1658006107             32.58901          10.81698          43.32989
    0.1678871315             32.49063          10.75096          43.16722
    0.1699998974             32.37191          10.67986          42.97925
    0.1721392386             32.23283          10.60384          42.76612
    0.1743054895             32.07347          10.52304          42.52807
    0.1764989884             31.89396          10.43765          42.26538
    0.1787200781             31.69450          10.34787          41.97846
    0.1809691057             31.47536          10.25389          41.66777
    0.1832464226             31.23688          10.15593          41.33384
    0.1855523846             30.97947          10.05423          40.97733
    0.1878873521             30.70359           9.94902          40.59892
    0.1902516898             30.40980           9.84056          40.19941
    0.1926457672             30.09870           9.72912          39.77965
    0.1950699585             29.77095           9.61497          39.34058
    0.1975246422             29.42729           9.49839          38.88321
    0.2000102022             29.06851           9.37969          38.40861
    0.2025270266             28.69546           9.25916          37.91792
    0.2050755087             28.30905           9.13713          37.41235
    0.2076560468             27.91023           9.01389          36.89314
    0.2102690441             27.50000           8.88979          36.36162
    0.2129149089             27.07943           8.76514          35.81914
    0.2155940545             26.64959           8.64028          35.26713
    0.2183068997             26.21162           8.51554          34.70702
    0.2210538682             25.76669           8.39127          34.14031
    0.2238353893             25.31598           8.26779          33.56850
    0.2266518977             24.86072           8.14544          32.99314
    0.2295038334             24.40215           8.02456          32.41579
    0.2323916420             23.94151           7.90548          31.83800
    0.2353157748             23.48008           7.78853          31.26137
    0.2382766886             23.01913           7.67403          30.68746
    0.2412748462             22.55993           7.56229          30.11786
    0.2443107159             22.10374           7.45362          29.55411
    0.2473847722             21.65182           7.34832          28.99776
    0.2504974953             21.20541           7.24668          28.45032
    0.2536493717             20.76574           7.14898          27.91329
    0.2568408938             20.33400           7.05547          27.38810
    0.2600725603             19.91135           6.96642          26.87617
    0.2633448761             19.49893           6.88206          26.37885
    0.2666583527             19.09782           6.80260          25.89744
    0.2700135076             18.70906           6.72826          25.43318
    0.2734108652             18.33366           6.65922          24.98724
    0.2768509563             17.97255           6.59565          24.56073
    0.2803343184             17.62661           6.53770          24.15467
    0.2838614958             17.29666           6.48550          23.77002
    0.2874330396             16.98345           6.43916          23.40762
    0.2910495080             16.68768           6.39876          23.06827
    0.2947114659             16.40995           6.36439          22.75262
    0.2984194855             16.15079           6.33607          22.46128
    0.3021741463             15.91068           6.31384          22.19473
    0.3059760350             15.68997           6.29769          21.95335
    0.3098257455             15.48899           6.28761          21.73743
    0.3137238794             15.30793           6.28355          21.54715
    0.3176710458             15.14693           6.28543          21.38259
    0.3216678614             15.00604           6.29318          21.24371
    0.3257149508             14.88522           6.30668          21.13037
    0.3298129462             14.78433           6.32578          21.04234
    0.3339624882             14.70318           6.35035          20.97926
    0.3381642249             14.64147           6.38018          20.94069
    0.3424188130             14.59882           6.41510          20.92606
    0.3467269172             14.57478           6.45487          20.93473
    0.3510892107             14.56881           6.49925          20.96594
    0.3555063751             14.58031           6.54798          21.01886
    0.3599791006             14.60859           6.60079          21.09254
    0.3645080860             14.65289           6.65739          21.18597
    0.3690940391             14.71241           6.71745          21.29806
    0.3737376764             14.78627           6.78067          21.42763
    0.3784397234             14.87352           6.84669          21.57345
    0.3832009149             14.97319           6.91518          21.73421
    0.3880219948             15.08425           6.98577          21.90856
    0.3929037164             15.20563           7.05811          22.09510
    0.3978468425             15.33622           7.13181          22.29238
    0.4028521455             15.47488           7.20651          22.49892
    0.4079204075             15.62046           7.28182          22.71323
    0.4130524203             15.77178           7.35736          22.93376
    0.4182489860             15.92765           7.43275          23.15899
    0.4235109163             16.08687           7.50761          23.38737
    0.4288390336             16.24824           7.58157          23.61734
    0.4342341704             16.41057           7.65425          23.84738
    0.4396971697             16.57268           7.72528          24.07596
    0.4452288850             16.73338           7.79430          24.30158
    0.4508301807             16.89154           7.86098          24.52276
    0.4565019320             17.04603           7.92495          24.73806
    0.4622450252             17.19575           7.98591          24.94609
    0.4680603577             17.33965           8.04353          25.14548
    0.4739488380             17.47671           8.09750          25.33492
    0.4799113862             17.60595           8.14755          25.51318
    0.4859489341             17.72644           8.19340          25.67907
    0.4920624250             17.83731           8.23480          25.83146
    0.4982528141             17.93775           8.27151          25.96931
    0.5045210688             18.02697           8.30331          26.09163
    0.5108681684             18.10430           8.33001          26.19753
    0.5172951046             18.16908           8.35143          26.28619
    0.5238028818             18.22073           8.36740          26.35687
    0.5303925167             18.25877           8.37780          26.40892
    0.5370650391             18.28273           8.38251          26.44176
    0.5438214914             18.29226           8.38143          26.45492
    0.5506629295             18.28705           8.37448          26.44801
    0.5575904222             18.26686           8.36162          26.42070
    0.5646050521             18.23153           8.34281          26.37278
    0.5717079151             18.18097           8.31804          26.30411
    0.5789001212             18.11513           8.28732          26.21465
    0.5861827941             18.03405           8.25068          26.10441
    0.5935570717             17.93784           8.20817          25.97351
    0.6010241064             17.82664           8.15985          25.82213
    0.6085850647             17.70067           8.10581          25.65054
    0.6162411283             17.56022           8.04615          25.45906
    0.6239934932             17.40560           7.98099          25.24811
    0.6318433709             17.23720           7.91047          25.01815
    0.6397919879             17.05545           7.83473          24.76971
    0.6478405862             16.86081           7.75394          24.50336
    0.6559904234             16.65380           7.66827          24.21975
    0.6642427729             16.43497           7.57792          23.91957
    0.6725989242             16.20491           7.48307          23.60354
    0.6810601829             15.96422           7.38394          23.27243
    0.6896278712             15.71355           7.28075          22.92704
    0.6983033277             15.45357           7.17372          22.56822
    0.7070879081             15.18495           7.06308          22.19682
    0.7159829848             14.90840           6.94907          21.81371
    0.7249899479             14.62463           6.83193          21.41981
    0.7341102046             14.33436           6.71190          21.01602
    0.7433451800             14.03830           6.58923          20.60326
    0.7526963171             13.73720           6.46417          20.18245
    0.7621650770             13.43177           6.33696          19.75452
    0.7717529392             13.12273           6.20787          19.32038
    0.7814614019             12.81080           6.07712          18.88096
    0.7912919821             12.49667           5.94497          18.43715
    0.8012462157             12.18104           5.81165          17.98984
    0.8113256582             11.86457           5.67742          17.53990
    0.8215318844             11.54793           5.54249          17.08818
    0.8318664892             11.23174           5.40709          16.63552
    0.8423310873             10.91662           5.27146          16.18271
    0.8529273138             10.60315           5.13580          15.73054
    0.8636568245             10.29191           5.00033          15.27976
    0.8745212958              9.98342           4.86524          14.83107
    0.8855224253              9.67820           4.73073          14.38517
    0.8966619320              9.37673           4.59699          13.94271
    0.9079415564              9.07945           4.46419          13.50430
    0.9193630610              8.78679           4.33250          13.07054
    0.9309282305              8.49913           4.20209          12.64196
    0.9426388719              8.21684           4.07310          12.21907
    0.9544968150              7.94024           3.94568          11.80235
    0.9665039127              7.66962           3.81995          11.39224
    0.9786620411              7.40526           3.69605          10.98914
    0.9909731000              7.14738           3.57409          10.59340
    1.0034390129              6.89619           3.45417          10.20537
    1.0160617276              6.65186           3.33639           9.82532
    1.0288432166              6.41454           3.22083           9.45352
    1.0417854769              6.18434           3.10757           9.09019
    1.0548905308              5.96136           2.99669           8.73553
    1.0681604260              5.74565           2.88823           8.38969
    1.0815972359              5.53726           2.78227           8.05280
    1.0952030601              5.33620           2.67883           7.72496
    1.1089800245              5.14245           2.57795           7.40624
    1.1229302818              4.95599           2.47967           7.09669
    1.1370560117              4.77676           2.38400           6.79633
    1.1513594214              4.60469           2.29097           6.50514
    1.1658427459              4.43969           2.20057           6.22311
    1.1805082481              4.28165           2.11281           5.95017
    1.1953582197              4.13046           2.02769           5.68627
    1.2103949809              3.98597           1.94519           5.43131
    1.2256208813              3.84804           1.86530           5.18520
    1.2410382999              3.71650           1.78800           4.94781
    1.2566496458              3.59118           1.71327           4.71900
    1.2724573582              3.47190           1.64108           4.49864
    1.2884639072              3.35848           1.57139           4.28656
    1.3046717938              3.25071           1.50417           4.08260
    1.3210835505              3.14841           1.43938           3.88658
    1.3377017417              3.05135           1.37697           3.69832
    1.3545289640              2.95935           1.31691           3.51763
    1.3715678467              2.87217           1.25914           3.34431
    1.3888210522              2.78962           1.20362           3.17816
    1.4062912762              2.71148           1.15029           3.01899
    1.4239812487              2.63753           1.09910           2.86658
    1.4418937336              2.56758           1.05000           2.72074
    1.4600315298              2.50140           1.00293           2.58125
    1.4783974714              2.43878           0.95783           2.44790
    1.4969944281              2.37954           0.91466           2.32050
    1.5158253058              2.32346           0.87336           2.19883
    1.5348930467              2.27036           0.83385           2.08270
    1.5542006303              2.22003           0.79610           1.97190
    1.5737510734              2.17229           0.76005           1.86624
    1.5935474308              2.12697           0.72563           1.76553
    1.6135927957              2.08389           0.69278           1.66956
    1.6338903002              2.04287           0.66147           1.57817
    1.6544431159              2.00376           0.63162           1.49115
    1.6752544543              1.96640           0.60319           1.40835
    1.6963275670              1.93064           0.57612           1.32958
    1.7176657469              1.89633           0.55036           1.25468
    1.7392723280              1.86335           0.52586           1.18348
    1.7611506865              1.83155           0.50256           1.11583
    1.7833042408              1.80082           0.48042           1.05157
    1.8057364526              1.77104           0.45939           0.99055
    1.8284508268              1.74211           0.43942           0.93264
    1.8514509127              1.71392           0.42046           0.87770
    1.8747403040              1.68637           0.40248           0.82559
    1.8983226399              1.65937           0.38542           0.77618
    1.9222016050              1.63285           0.36925           0.72936
    1.9463809305              1.60673           0.35392           0.68500
    1.9708643945              1.58094           0.33940           0.64299
    1.9956558225              1.55542           0.32564           0.60323
    2.0207590883              1.53010           0.31261           0.56561
    2.0461781144              1.50494           0.30028           0.53003
    2.0719168724              1.47989           0.28860           0.49639
    2.0979793842              1.45492           0.27754           0.46460
    2.1243697219              1.42998           0.26708           0.43458
    2.1510920093              1.40504           0.25718           0.40624
    2.1781504217              1.38009           0.24781           0.37950
    2.2055491870              1.35510           0.23894           0.35428
    2.2332925863              1.33005           0.23055           0.33051
    2.2613849547              1.30493           0.22260           0.30812
    2.2898306815              1.27974           0.21508           0.28704
    2.3186342115              1.25447           0.20795           0.26720
    2.3478000454              1.22911           0.20120           0.24855
    2.3773327402              1.20368           0.19480           0.23102
    2.4072369107              1.17816           0.18872           0.21456
    2.4375172293              1.15259           0.18296           0.19912
    2.4681784274              1.12695           0.17749           0.18463
    2.4992252959              1.10127           0.17229           0.17106
    2.5306626859              1.07556           0.16734           0.15834
    2.5624955097              1.04983           0.16263           0.14645
    2.5947287410              1.02411           0.15814           0.13533
    2.6273674165              0.99841           0.15385           0.12494
    2.6604166360              0.97275           0.14976           0.11524
    2.6938815635              0.94716           0.14584           0.10619
    2.7277674280              0.92165           0.14208           0.09776
    2.7620795242              0.89626           0.13847           0.08992
    2.7968232134              0.87099           0.13501           0.08262
    2.8320039244              0.84588           0.13167           0.07584
    2.8676271543              0.82095           0.12845           0.06954
    2.9036984693              0.79622           0.12534           0.06370
    2.9402235056              0.77171           0.12233           0.05829
    2.9772079702              0.74745           0.11941           0.05328
    3.0146576422              0.72347           0.11657           0.04865
    3.0525783730              0.69977           0.11381           0.04437
    3.0909760879              0.67639           0.11113           0.04043
    3.1298567866              0.65334           0.10850           0.03679
    3.1692265443              0.63064           0.10594           0.03344
    3.2090915126              0.60831           0.10343           0.03036
    3.2494579204              0.58637           0.10097           0.02753
    3.2903320752              0.56483           0.09855           0.02494
    3.3317203635              0.54371           0.09618           0.02256
    3.3736292524              0.52303           0.09384           0.02038
    3.4160652903              0.50278           0.09154           0.01839
    3.4590351077              0.48300           0.08928           0.01658
    3.5025454190              0.46368           0.08704           0.01492
    3.5466030226              0.44483           0.08483           0.01341
    3.5912148026              0.42647           0.08265           0.01204
    3.6363877297              0.40859           0.08050           0.01080
    3.6821288623              0.39121           0.07837           0.00967
    3.7284453476              0.37432           0.07627           0.00864
    3.7753444225              0.35793           0.07419           0.00772
    3.8228334151              0.34203           0.07213           0.00688
    3.8709197457              0.32664           0.07010           0.00613
    3.9196109280              0.31174           0.06809           0.00545
    3.9689145698              0.29734           0.06610           0.00484
    4.0188383752              0.28343           0.06413           0.00429
    4.0693901447              0.27001           0.06219           0.00380
    4.1205777772              0.25707           0.06028           0.00335
    4.1724092709              0.24460           0.05839           0.00296
    4.2248927245              0.23260           0.05652           0.00261
    4.2780363386              0.22107           0.05468           0.00230
    4.3318484172              0.20998           0.05287           0.00202
    4.3863373684              0.19935           0.05108           0.00177
    4.4415117062              0.18914           0.04932           0.00155
    4.4973800517              0.17936           0.04759           0.00135
    4.5539511345              0.16999           0.04589           0.00118
    4.6112337939              0.16103           0.04422           0.00103
    4.6692369805              0.15246           0.04258           0.00090
    4.7279697574              0.14427           0.04097           0.00078
    4.7874413016              0.13645           0.03939           0.00067
    4.8476609058              0.12898           0.03785           0.00058
    4.9086379794              0.12187           0.03633           0.00050
    4.9703820501              0.11509           0.03486           0.00043
    5.0329027656              0.10863           0.03341           0.00037
    5.0962098949              0.10248           0.03200           0.00032
    5.1603133299              0.09663           0.03063           0.00028
    5.2252230868              0.09108           0.02929           0.00024
    5.2909493080              0.08580           0.02799           0.00020
    5.3575022632              0.08078           0.02672           0.00017
    5.4248923516              0.07602           0.02549           0.00015
    5.4931301029              0.07151           0.02429           0.00012
    5.5622261795              0.06723           0.02313           0.00011
    5.6321913777              0.06318           0.02201           0.00009
    5.7030366298              0.05933           0.02092           0.00007
    5.7747730055              0.05570           0.01987           0.00006
    5.8474117136              0.05226           0.01885           0.00005
    5.9209641043              0.04900           0.01787           0.00004
    5.9954416701              0.04593           0.01692           0.00004
    6.0708560484              0.04302           0.01601           0.00003
    6.1472190228              0.04027           0.01514           0.00003
    6.2245425251              0.03768           0.01429           0.00002
    6.3028386374              0.03523           0.01348           0.00002
    6.3821195936              0.03293           0.01271           0.00001
    6.4623977814              0.03075           0.01196           0.00001
    6.5436857445              0.02870           0.01125           0.00001
    6.6259961843              0.02677           0.01057           0.00001
    6.7093419620              0.02495           0.00992           0.00001
    6.7937361005              0.02324           0.00930           0.00001
    6.8791917866              0.02163           0.00871           0.00000
    6.9657223729              0.02012           0.00815           0.00000
    7.0533413799              0.01870           0.00761           0.00000
    7.1420624985              0.01736           0.00711           0.00000
    7.2318995913              0.01611           0.00663           0.00000
    7.3228666956              0.01494           0.00617           0.00000
    7.4149780252              0.01383           0.00574           0.00000
    7.5082479728              0.01280           0.00533           0.00000
    7.6026911118              0.01184           0.00495           0.00000
    7.6983221993              0.01094           0.00458           0.00000
    7.7951561778              0.01009           0.00424           0.00000
    7.8932081778              0.00931           0.00392           0.00000
    7.9924935201              0.00857           0.00362           0.00000
    8.0930277183              0.00789           0.00334           0.00000
    8.1948264811              0.00725           0.00307           0.00000
    8.2979057146              0.00666           0.00282           0.00000
    8.4022815253              0.00610           0.00259           0.00000
    8.5079702221              0.00559           0.00238           0.00000
    8.6149883190              0.00512           0.00218           0.00000
    8.7233525379              0.00468           0.00199           0.00000
    8.8330798108              0.00427           0.00182           0.00000
    8.9441872829              0.00389           0.00166           0.00000
    9.0566923150              0.00354           0.00151           0.00000
    9.1706124862              0.00322           0.00137           0.00000
    9.2859655967              0.00293           0.00125           0.00000
    9.4027696707              0.00265           0.00113           0.00000
    9.5210429592              0.00240           0.00102           0.00000
    9.6408039424              0.00217           0.00092           0.00000
    9.7620713334              0.00196           0.00083           0.00000
    9.8848640804              0.00177           0.00075           0.00000
   10.0092013700              0.00159           0.00068           0.00000
   10.1351026301              0.00143           0.00061           0.00000
   10.2625875332              0.00129           0.00054           0.00000
   10.3916759989              0.00115           0.00049           0.00000
   10.5223881977              0.00103           0.00044           0.00000
   10.6547445535              0.00092           0.00039           0.00000
   10.7887657473              0.00082           0.00035           0.00000
   10.9244727202              0.00073           0.00031           0.00000
   11.0618866767              0.00065           0.00027           0.00000
   11.2010290880              0.00058           0.00024           0.00000
   11.3419216953              0.00051           0.00021           0.00000
   11.4845865135              0.00046           0.00019           0.00000
   11.6290458342              0.00040           0.00017           0.00000
   11.7753222295              0.00036           0.00015           0.00000
   11.9234385553              0.00031           0.00013           0.00000
   12.0734179551              0.00028           0.00011           0.00000
   12.2252838635              0.00024           0.00010           0.00000
   12.3790600100              0.00021           0.00009           0.00000
   12.5347704222              0.00019           0.00008           0.00000
   12.6924394303              0.00016           0.00007           0.00000
   12.8520916704              0.00014           0.00006           0.00000
   13.0137520884              0.00012           0.00005           0.00000
   13.1774459442              0.00011           0.00004           0.00000
   13.3431988152              0.00009           0.00004           0.00000
   13.5110366007              0.00008           0.00003           0.00000
   13.6809855256              0.00007           0.00003           0.00000
   13.8530721448              0.00006           0.00002           0.00000
   14.0273233472              0.00005           0.00002           0.00000
   14.2037663600              0.00004           0.00002           0.00000
   14.3824287526              0.00004           0.00001           0.00000
   14.5633384415              0.00003           0.00001           0.00000
   14.7465236941              0.00003           0.00001           0.00000
   14.9320131335              0.00002           0.00001           0.00000
   15.1198357429              0.00002           0.00001           0.00000
   15.3100208699              0.00002           0.00001           0.00000
   15.5025982312              0.00001           0.00001           0.00000
   15.6975979176              0.00001           0.00000           0.00000
   15.8950503981              0.00001           0.00000           0.00000
   16.0949865250              0.00001           0.00000           0.00000
   16.2974375389              0.00001           0.00000           0.00000
   16.5024350729              0.00001           0.00000           0.00000
   16.7100111586              0.00000           0.00000           0.00000
   16.9201982300              0.00000           0.00000           0.00000
   17.1330291292              0.00000           0.00000           0.00000
   17.3485371116              0.00000           0.00000           0.00000
   17.5667558508              0.00000           0.00000           0.00000
   17.7877194437              0.00000           0.00000           0.00000
   18.0114624165              0.00000           0.00000           0.00000
   18.2380197295              0.00000           0.00000           0.00000
   18.4674267826              0.00000           0.00000           0.00000
   18.6997194213              0.00000           0.00000           0.00000
   18.9349339416              0.00000           0.00000           0.00000
   19.1731070964              0.00000           0.00000           0.00000
   19.4142761006              0.00000           0.00000           0.00000
   19.6584786375              0.00000           0.00000           0.00000
   19.9057528642              0.00000           0.00000           0.00000
   20.1561374178              0.00000           0.00000           0.00000
   20.4096714213              0.00000           0.00000           0.00000
   20.6663944900              0.00000           0.00000           0.00000
   20.9263467374              0.00000           0.00000           0.00000
   21.1895687815              0.00000           0.00000           0.00000
   21.4561017514              0.00000           0.00000           0.00000
   21.7259872933              0.00000           0.00000           0.00000
   21.9992675774              0.00000           0.00000           0.00000
   22.2759853043              0.00000           0.00000           0.00000
   22.5561837117              0.00000           0.00000           0.00000
   22.8399065813              0.00000           0.00000           0.00000
   23.1271982452              0.00000           0.00000           0.00000
   23.4181035933              0.00000           0.00000           0.00000
   23.7126680803              0.00000           0.00000           0.00000
   24.0109377324              0.00000           0.00000           0.00000
   24.3129591549              0.00000           0.00000           0.00000
   24.6187795392              0.00000           0.00000           0.00000
   24.9284466704              0.00000           0.00000           0.00000
   25.2420089346              0.00000           0.00000           0.00000
   25.5595153266              0.00000           0.00000           0.00000
   25.8810154573              0.00000           0.00000           0.00000
   26.2065595618              0.00000           0.00000           0.00000
   26.5361985071              0.00000           0.00000           0.00000
   26.8699837998              0.00000           0.00000           0.00000
   27.2079675947              0.00000           0.00000           0.00000
   27.5502027024              0.00000           0.00000           0.00000
   27.8967425978              0.00000           0.00000           0.00000
   28.2476414285              0.00000           0.00000           0.00000
   28.6029540231              0.00000           0.00000           0.00000
   28.9627358999              0.00000           0.00000           0.00000
   29.3270432757              0.00000           0.00000           0.00000
   29.6959330742              0.00000           0.00000           0.00000
   30.0694629351              0.00000           0.00000           0.00000
   30.4476912232              0.00000           0.00000           0.00000
   30.8306770376              0.00000           0.00000           0.00000
   31.2184802204              0.00000           0.00000           0.00000
   31.6111613668              0.00000           0.00000           0.00000
   32.0087818340              0.00000           0.00000           0.00000
   32.4114037509              0.00000           0.00000           0.00000
   32.8190900281              0.00000           0.00000           0.00000
   33.2319043674              0.00000           0.00000           0.00000
   33.6499112719              0.00000           0.00000           0.00000
   34.0731760559              0.00000           0.00000           0.00000
   34.5017648555              0.00000           0.00000           0.00000
   34.9357446386              0.00000           0.00000           0.00000
   35.3751832154              0.00000           0.00000           0.00000
   35.8201492489              0.00000           0.00000           0.00000
   36.2707122662              0.00000           0.00000           0.00000
   36.7269426686              0.00000           0.00000           0.00000
   37.1889117429              0.00000           0.00000           0.00000
   37.6566916729              0.00000           0.00000           0.00000
   38.1303555501              0.00000           0.00000           0.00000
   38.6099773854              0.00000           0.00000           0.00000
   39.0956321207              0.00000           0.00000           0.00000
   39.5873956405              0.00000           0.00000           0.00000
   40.0853447840              0.00000           0.00000           0.00000
   40.5895573566              0.00000           0.00000           0.00000
   41.1001121426              0.00000           0.00000           0.00000
   41.6170889173              0.00000           0.00000           0.00000
   42.1405684593              0.00000           0.00000           0.00000
   42.6706325633              0.00000           0.00000           0.00000
   43.2073640530              0.00000           0.00000           0.00000
   43.7508467937              0.00000           0.00000           0.00000
   44.3011657057              0.00000           0.00000           0.00000
   44.8584067775              0.00000           0.00000           0.00000
   45.4226570791              0.00000           0.00000           0.00000
   45.9940047758              0.00000           0.00000           0.00000
   46.5725391418              0.00000           0.00000           0.00000
   47.1583505743              0.00000           0.00000           0.00000
   47.7515306075              0.00000           0.00000           0.00000
   48.3521719270              0.00000           0.00000           0.00000
   48.9603683842              0.00000           0.00000           0.00000
   49.5762150111              0.00000           0.00000           0.00000
   50.1998080350              0.00000           0.00000           0.00000
   50.8312448935              0.00000           0.00000           0.00000
   51.4706242499              0.00000           0.00000           0.00000
   52.1180460086              0.00000           0.00000           0.00000
   52.7736113304              0.00000           0.00000           0.00000
   53.4374226490              0.00000           0.00000           0.00000
   54.1095836860              0.00000           0.00000           0.00000
   54.7901994680              0.00000           0.00000           0.00000
   55.4793763427              0.00000           0.00000           0.00000
   56.1772219953              0.00000           0.00000           0.00000
   56.8838454656              0.00000           0.00000           0.00000
   57.5993571650              0.00000           0.00000           0.00000
   58.3238688937              0.00000           0.00000           0.00000
   59.0574938580              0.00000           0.00000           0.00000
   59.8003466884              0.00000           0.00000           0.00000
   60.5525434571              0.00000           0.00000           0.00000
   61.3142016964              0.00000           0.00000           0.00000
   62.0854404169              0.00000           0.00000           0.00000
   62.8663801264              0.00000           0.00000           0.00000
   63.6571428481              0.00000           0.00000           0.00000
   64.4578521404              0.00000           0.00000           0.00000
   65.2686331157              0.00000           0.00000           0.00000
   66.0896124603              0.00000           0.00000           0.00000
   66.9209184537              0.00000           0.00000           0.00000
   67.7626809893              0.00000           0.00000           0.00000
   68.6150315941              0.00000           0.00000           0.00000
   69.4781034498              0.00000           0.00000           0.00000
   70.3520314129              0.00000           0.00000           0.00000
   71.2369520366              0.00000           0.00000           0.00000
   72.1330035915              0.00000           0.00000           0.00000
   73.0403260874              0.00000           0.00000           0.00000
   73.9590612954              0.00000           0.00000           0.00000
   74.8893527696              0.00000           0.00000           0.00000
   75.8313458701              0.00000           0.00000           0.00000
   76.7851877852              0.00000           0.00000           0.00000
   77.7510275546              0.00000           0.00000           0.00000
   78.7290160927              0.00000           0.00000           0.00000
   79.7193062122              0.00000           0.00000           0.00000
   80.7220526480              0.00000           0.00000           0.00000
   81.7374120813              0.00000           0.00000           0.00000
   82.7655431640              0.00000           0.00000           0.00000
   83.8066065436              0.00000           0.00000           0.00000
   84.8607648886              0.00000           0.00000           0.00000
   85.9281829132              0.00000           0.00000           0.00000
   87.0090274038              0.00000           0.00000           0.00000
   88.1034672443              0.00000           0.00000           0.00000
   89.2116734434              0.00000           0.00000           0.00000
   90.3338191604              0.00000           0.00000           0.00000
   91.4700797330              0.00000           0.00000           0.00000
   92.6206327041              0.00000           0.00000           0.00000
   93.7856578500              0.00000           0.00000           0.00000
   94.9653372082              0.00000           0.00000           0.00000
   96.1598551061              0.00000           0.00000           0.00000
   97.3693981895              0.00000           0.00000           0.00000
   98.5941554519              0.00000           0.00000           0.00000
   99.8343182642              0.00000           0.00000           0.00000
  101.0900804044              0.00000           0.00000           0.00000
  102.3616380878              0.00000           0.00000           0.00000
  103.6491899978              0.00000           0.00000           0.00000
  104.9529373172              0.00000           0.00000           0.00000
  106.2730837591              0.00000           0.00000           0.00000
  107.6098355990              0.00000           0.00000           0.00000
  108.9634017071              0.00000           0.00000           0.00000
  110.3339935810              0.00000           0.00000           0.00000
  111.7218253783              0.00000           0.00000           0.00000
  113.1271139506              0.00000           0.00000           0.00000
  114.5500788772              0.00000           0.00000           0.00000
  115.9909424991              0.00000           0.00000           0.00000
  117.4499299542              0.00000           0.00000           0.00000
  118.9272692123              0.00000           0.00000           0.00000
