    0.00          9.4619
    0.05          9.4579
    0.10          9.4461
    0.15          9.4264
    0.20          9.3989
    0.25          9.3638
    0.30          9.3211
    0.35          9.2709
    0.40          9.2135
    0.45          9.1491
    0.50          9.0778
    0.55          8.9999
    0.60          8.9157
    0.65          8.8253
    0.70          8.7291
    0.75          8.6274
    0.80          8.5204
    0.85          8.4085
    0.90          8.2920
    0.95          8.1711
    1.00          8.0463
    1.05          7.9178
    1.10          7.7859
    1.15          7.6510
    1.20          7.5134
    1.25          7.3733
    1.30          7.2311
    1.35          7.0871
    1.40          6.9415
    1.45          6.7947
    1.50          6.6468
    1.55          6.4982
    1.60          6.3492
    1.65          6.1999
    1.70          6.0506
    1.75          5.9014
    1.80          5.7527
    1.85          5.6046
    1.90          5.4573
    1.95          5.3109
    2.00          5.1657
    2.05          5.0218
    2.10          4.8793
    2.15          4.7383
    2.20          4.5991
    2.25          4.4616
    2.30          4.3261
    2.35          4.1926
    2.40          4.0611
    2.45          3.9319
    2.50          3.8049
    2.55          3.6802
    2.60          3.5578
    2.65          3.4379
    2.70          3.3205
    2.75          3.2055
    2.80          3.0931
    2.85          2.9832
    2.90          2.8759
    2.95          2.7711
    3.00          2.6689
    3.05          2.5694
    3.10          2.4724
    3.15          2.3780
    3.20          2.2861
    3.25          2.1968
    3.30          2.1101
    3.35          2.0259
    3.40          1.9441
    3.45          1.8649
    3.50          1.7881
    3.55          1.7137
    3.60          1.6416
    3.65          1.5719
    3.70          1.5045
    3.75          1.4394
    3.80          1.3765
    3.85          1.3158
    3.90          1.2572
    3.95          1.2007
    4.00          1.1462
    4.05          1.0938
    4.10          1.0433
    4.15          0.9947
    4.20          0.9480
    4.25          0.9031
    4.30          0.8600
    4.35          0.8186
    4.40          0.7789
    4.45          0.7407
    4.50          0.7042
    4.55          0.6692
    4.60          0.6357
    4.65          0.6036
    4.70          0.5729
    4.75          0.5435
    4.80          0.5155
    4.85          0.4887
    4.90          0.4631
    4.95          0.4387
    5.00          0.4154
    5.05          0.3932
    5.10          0.3720
    5.15          0.3519
    5.20          0.3327
    5.25          0.3145
    5.30          0.2971
    5.35          0.2806
    5.40          0.2649
    5.45          0.2501
    5.50          0.2359
    5.55          0.2225
    5.60          0.2098
    5.65          0.1977
    5.70          0.1863
    5.75          0.1755
    5.80          0.1652
    5.85          0.1555
    5.90          0.1464
    5.95          0.1377
    6.00          0.1295
    6.05          0.1217
    6.10          0.1144
    6.15          0.1075
    6.20          0.1010
    6.25          0.0948
    6.30          0.0890
    6.35          0.0836
    6.40          0.0784
    6.45          0.0735
    6.50          0.0690
    6.55          0.0647
    6.60          0.0606
    6.65          0.0568
    6.70          0.0532
    6.75          0.0498
    6.80          0.0466
    6.85          0.0437
    6.90          0.0409
    6.95          0.0382
    7.00          0.0358
    7.05          0.0334
    7.10          0.0313
    7.15          0.0292
    7.20          0.0273
    7.25          0.0255
    7.30          0.0238
    7.35          0.0222
    7.40          0.0207
    7.45          0.0193
    7.50          0.0180
    7.55          0.0168
    7.60          0.0157
    7.65          0.0146
    7.70          0.0136
    7.75          0.0127
    7.80          0.0118
    7.85          0.0110
    7.90          0.0102
    7.95          0.0095
    8.00          0.0088
    8.05          0.0082
    8.10          0.0076
    8.15          0.0070
    8.20          0.0065
    8.25          0.0061
    8.30          0.0056
    8.35          0.0052
    8.40          0.0048
    8.45          0.0045
    8.50          0.0041
    8.55          0.0038
    8.60          0.0035
    8.65          0.0032
    8.70          0.0030
    8.75          0.0028
    8.80          0.0025
    8.85          0.0023
    8.90          0.0022
    8.95          0.0020
    9.00          0.0018
    9.05          0.0017
    9.10          0.0015
    9.15          0.0014
    9.20          0.0013
    9.25          0.0012
    9.30          0.0011
    9.35          0.0010
    9.40          0.0009
    9.45          0.0008
    9.50          0.0008
    9.55          0.0007
    9.60          0.0006
    9.65          0.0006
    9.70          0.0005
    9.75          0.0005
    9.80          0.0005
    9.85          0.0004
    9.90          0.0004
    9.95          0.0004
   10.00          0.0003
   10.05          0.0003
   10.10          0.0003
   10.15          0.0003
   10.20          0.0003
   10.25          0.0002
   10.30          0.0002
   10.35          0.0002
   10.40          0.0002
   10.45          0.0002
   10.50          0.0002
   10.55          0.0002
   10.60          0.0002
   10.65          0.0001
   10.70          0.0001
   10.75          0.0001
   10.80          0.0001
   10.85          0.0001
   10.90          0.0001
   10.95          0.0001
   11.00          0.0001
   11.05          0.0001
   11.10          0.0001
   11.15          0.0001
   11.20          0.0001
   11.25          0.0001
   11.30          0.0001
   11.35          0.0001
   11.40          0.0001
   11.45          0.0001
   11.50          0.0001
   11.55          0.0001
   11.60          0.0000
   11.65          0.0000
   11.70          0.0000
   11.75          0.0000
   11.80          0.0000
   11.85          0.0000
   11.90          0.0000
   11.95          0.0000
   12.00          0.0000
   12.05          0.0000
   12.10          0.0000
   12.15          0.0000
   12.20          0.0000
   12.25          0.0000
   12.30          0.0000
   12.35         -0.0000
   12.40         -0.0000
   12.45         -0.0000
   12.50         -0.0000
   12.55         -0.0000
   12.60         -0.0000
   12.65         -0.0000
   12.70         -0.0000
   12.75         -0.0000
   12.80         -0.0000
   12.85         -0.0000
   12.90         -0.0000
   12.95         -0.0000
   13.00         -0.0000
   13.05         -0.0000
   13.10         -0.0000
   13.15         -0.0000
   13.20         -0.0000
   13.25         -0.0000
   13.30         -0.0000
   13.35         -0.0000
   13.40         -0.0000
   13.45         -0.0000
   13.50         -0.0000
   13.55         -0.0000
   13.60         -0.0000
   13.65         -0.0000
   13.70         -0.0000
   13.75         -0.0000
   13.80         -0.0000
   13.85         -0.0000
   13.90         -0.0000
   13.95         -0.0000
   14.00          0.0000
   14.05          0.0000
   14.10          0.0000
   14.15          0.0000
   14.20          0.0000
   14.25          0.0000
   14.30          0.0000
   14.35          0.0000
   14.40          0.0000
   14.45          0.0000
   14.50          0.0000
   14.55          0.0000
   14.60          0.0000
   14.65          0.0000
   14.70          0.0000
   14.75          0.0000
   14.80          0.0000
   14.85          0.0000
   14.90          0.0000
   14.95          0.0000
   15.00          0.0000
   15.05          0.0000
   15.10          0.0000
   15.15          0.0000
   15.20          0.0000
   15.25          0.0000
   15.30          0.0000
   15.35          0.0000
   15.40          0.0000
   15.45          0.0000
   15.50          0.0000
   15.55          0.0000
   15.60          0.0000
   15.65          0.0000
   15.70          0.0000
   15.75          0.0000
   15.80          0.0000
   15.85          0.0000
   15.90         -0.0000
   15.95         -0.0000
   16.00         -0.0000
   16.05         -0.0000
   16.10         -0.0000
   16.15         -0.0000
   16.20         -0.0000
   16.25         -0.0000
   16.30         -0.0000
   16.35         -0.0000
   16.40         -0.0000
   16.45         -0.0000
   16.50         -0.0000
   16.55         -0.0000
   16.60         -0.0000
   16.65         -0.0000
   16.70         -0.0000
   16.75         -0.0000
   16.80         -0.0000
   16.85         -0.0000
   16.90         -0.0000
   16.95         -0.0000
   17.00         -0.0000
   17.05         -0.0000
   17.10         -0.0000
   17.15         -0.0000
   17.20         -0.0000
   17.25         -0.0000
   17.30         -0.0000
   17.35         -0.0000
   17.40         -0.0000
   17.45         -0.0000
   17.50         -0.0000
   17.55         -0.0000
   17.60         -0.0000
   17.65         -0.0000
   17.70         -0.0000
   17.75          0.0000
   17.80          0.0000
   17.85          0.0000
   17.90          0.0000
   17.95          0.0000
   18.00          0.0000
   18.05          0.0000
   18.10          0.0000
   18.15          0.0000
   18.20          0.0000
   18.25          0.0000
   18.30          0.0000
   18.35          0.0000
   18.40          0.0000
   18.45          0.0000
   18.50          0.0000
   18.55          0.0000
   18.60          0.0000
   18.65          0.0000
   18.70          0.0000
   18.75          0.0000
   18.80          0.0000
   18.85          0.0000
   18.90          0.0000
   18.95          0.0000
   19.00          0.0000
   19.05          0.0000
   19.10          0.0000
   19.15          0.0000
   19.20          0.0000
   19.25          0.0000
   19.30          0.0000
   19.35          0.0000
   19.40          0.0000
   19.45          0.0000
   19.50          0.0000
   19.55          0.0000
   19.60          0.0000
   19.65         -0.0000
   19.70         -0.0000
   19.75         -0.0000
   19.80         -0.0000
   19.85         -0.0000
   19.90         -0.0000
   19.95         -0.0000
   20.00         -0.0000
