    0.0000010058        0.00000000     0.00000000     0.00000000
    0.0000020242        0.00000000     0.00000000     0.00000000
    0.0000030554        0.00000000     0.00000000     0.00000000
    0.0000040996        0.00000000     0.00000000     0.00000000
    0.0000051570        0.00000000     0.00000000     0.00000000
    0.0000062276        0.00000000     0.00000000     0.00000000
    0.0000073117        0.00000000     0.00000000     0.00000000
    0.0000084094        0.00000000     0.00000000     0.00000000
    0.0000095210        0.00000000     0.00000000     0.00000001
    0.0000106465        0.00000000     0.00000000     0.00000001
    0.0000117862        0.00000000     0.00000000     0.00000001
    0.0000129402        0.00000000     0.00000000     0.00000001
    0.0000141088        0.00000000     0.00000000     0.00000001
    0.0000152920        0.00000000     0.00000000     0.00000001
    0.0000164901        0.00000000     0.00000000     0.00000002
    0.0000177033        0.00000000     0.00000000     0.00000002
    0.0000189318        0.00000000     0.00000000     0.00000002
    0.0000201757        0.00000000     0.00000000     0.00000002
    0.0000214352        0.00000000     0.00000000     0.00000003
    0.0000227106        0.00000000     0.00000000     0.00000003
    0.0000240020        0.00000000     0.00000000     0.00000003
    0.0000253097        0.00000000     0.00000000     0.00000004
    0.0000266338        0.00000000     0.00000000     0.00000004
    0.0000279746        0.00000000     0.00000000     0.00000004
    0.0000293323        0.00000000     0.00000000     0.00000005
    0.0000307070        0.00000000     0.00000000     0.00000005
    0.0000320990        0.00000000     0.00000000     0.00000006
    0.0000335085        0.00000000     0.00000000     0.00000006
    0.0000349358        0.00000000     0.00000000     0.00000007
    0.0000363810        0.00000000     0.00000000     0.00000007
    0.0000378444        0.00000000     0.00000000     0.00000008
    0.0000393262        0.00000000     0.00000000     0.00000009
    0.0000408266        0.00000000     0.00000000     0.00000009
    0.0000423459        0.00000000     0.00000000     0.00000010
    0.0000438843        0.00000000     0.00000000     0.00000011
    0.0000454421        0.00000000     0.00000000     0.00000012
    0.0000470195        0.00000000     0.00000000     0.00000012
    0.0000486167        0.00000000     0.00000000     0.00000013
    0.0000502340        0.00000000     0.00000000     0.00000014
    0.0000518716        0.00000000     0.00000000     0.00000015
    0.0000535298        0.00000000     0.00000000     0.00000016
    0.0000552089        0.00000000     0.00000000     0.00000017
    0.0000569091        0.00000000     0.00000000     0.00000018
    0.0000586307        0.00000000     0.00000000     0.00000019
    0.0000603740        0.00000000     0.00000000     0.00000021
    0.0000621392        0.00000000     0.00000000     0.00000022
    0.0000639265        0.00000000     0.00000000     0.00000023
    0.0000657364        0.00000000     0.00000000     0.00000024
    0.0000675690        0.00000000     0.00000000     0.00000026
    0.0000694247        0.00000000     0.00000000     0.00000027
    0.0000713038        0.00000000     0.00000000     0.00000029
    0.0000732064        0.00000000     0.00000000     0.00000030
    0.0000751330        0.00000000     0.00000000     0.00000032
    0.0000770838        0.00000000     0.00000000     0.00000034
    0.0000790592        0.00000000     0.00000000     0.00000035
    0.0000810594        0.00000000     0.00000000     0.00000037
    0.0000830848        0.00000000     0.00000000     0.00000039
    0.0000851356        0.00000000     0.00000000     0.00000041
    0.0000872123        0.00000000     0.00000000     0.00000043
    0.0000893150        0.00000000     0.00000000     0.00000045
    0.0000914443        0.00000000     0.00000000     0.00000047
    0.0000936003        0.00000000     0.00000000     0.00000049
    0.0000957834        0.00000000     0.00000000     0.00000052
    0.0000979939        0.00000000     0.00000000     0.00000054
    0.0001002323        0.00000000     0.00000000     0.00000057
    0.0001024989        0.00000000     0.00000000     0.00000059
    0.0001047939        0.00000000     0.00000000     0.00000062
    0.0001071178        0.00000000     0.00000000     0.00000065
    0.0001094710        0.00000000     0.00000000     0.00000068
    0.0001118537        0.00000000     0.00000000     0.00000071
    0.0001142664        0.00000000     0.00000000     0.00000074
    0.0001167095        0.00000000     0.00000000     0.00000077
    0.0001191833        0.00000000     0.00000000     0.00000080
    0.0001216882        0.00000000     0.00000000     0.00000084
    0.0001242246        0.00000000     0.00000000     0.00000087
    0.0001267929        0.00000000     0.00000000     0.00000091
    0.0001293936        0.00000000     0.00000000     0.00000094
    0.0001320269        0.00000000     0.00000000     0.00000098
    0.0001346934        0.00000000     0.00000000     0.00000102
    0.0001373934        0.00000000     0.00000000     0.00000107
    0.0001401273        0.00000000     0.00000000     0.00000111
    0.0001428957        0.00000000     0.00000000     0.00000115
    0.0001456989        0.00000000     0.00000000     0.00000120
    0.0001485373        0.00000000     0.00000000     0.00000124
    0.0001514115        0.00000000     0.00000000     0.00000129
    0.0001543217        0.00000000     0.00000000     0.00000134
    0.0001572686        0.00000000     0.00000000     0.00000140
    0.0001602526        0.00000000     0.00000000     0.00000145
    0.0001632741        0.00000000     0.00000000     0.00000150
    0.0001663336        0.00000000     0.00000000     0.00000156
    0.0001694316        0.00000000     0.00000000     0.00000162
    0.0001725686        0.00000000     0.00000000     0.00000168
    0.0001757450        0.00000000     0.00000000     0.00000174
    0.0001789613        0.00000000     0.00000000     0.00000181
    0.0001822182        0.00000000     0.00000000     0.00000187
    0.0001855160        0.00000000     0.00000000     0.00000194
    0.0001888552        0.00000000     0.00000000     0.00000201
    0.0001922365        0.00000000     0.00000000     0.00000209
    0.0001956603        0.00000000     0.00000000     0.00000216
    0.0001991272        0.00000000     0.00000000     0.00000224
    0.0002026377        0.00000000     0.00000000     0.00000232
    0.0002061923        0.00000000     0.00000000     0.00000240
    0.0002097917        0.00000000     0.00000000     0.00000248
    0.0002134363        0.00000000     0.00000000     0.00000257
    0.0002171268        0.00000000     0.00000000     0.00000266
    0.0002208636        0.00000000     0.00000000     0.00000275
    0.0002246475        0.00000001     0.00000000     0.00000285
    0.0002284790        0.00000001     0.00000000     0.00000295
    0.0002323587        0.00000001     0.00000000     0.00000305
    0.0002362872        0.00000001     0.00000000     0.00000315
    0.0002402651        0.00000001     0.00000000     0.00000326
    0.0002442930        0.00000001     0.00000000     0.00000337
    0.0002483716        0.00000001     0.00000000     0.00000348
    0.0002525015        0.00000001     0.00000000     0.00000360
    0.0002566834        0.00000001     0.00000000     0.00000372
    0.0002609178        0.00000001     0.00000000     0.00000384
    0.0002652055        0.00000001     0.00000000     0.00000397
    0.0002695472        0.00000001     0.00000000     0.00000410
    0.0002739434        0.00000001     0.00000000     0.00000423
    0.0002783950        0.00000001     0.00000000     0.00000437
    0.0002829025        0.00000001     0.00000000     0.00000452
    0.0002874668        0.00000001     0.00000000     0.00000466
    0.0002920884        0.00000001     0.00000000     0.00000481
    0.0002967682        0.00000001     0.00000000     0.00000497
    0.0003015069        0.00000001     0.00000000     0.00000513
    0.0003063051        0.00000001     0.00000000     0.00000529
    0.0003111637        0.00000001     0.00000000     0.00000546
    0.0003160835        0.00000001     0.00000000     0.00000564
    0.0003210651        0.00000001     0.00000000     0.00000582
    0.0003261094        0.00000001     0.00000000     0.00000600
    0.0003312171        0.00000001     0.00000000     0.00000619
    0.0003363890        0.00000001     0.00000000     0.00000638
    0.0003416261        0.00000001     0.00000000     0.00000658
    0.0003469290        0.00000001     0.00000000     0.00000679
    0.0003522986        0.00000001     0.00000000     0.00000700
    0.0003577357        0.00000001     0.00000000     0.00000722
    0.0003632412        0.00000001     0.00000000     0.00000744
    0.0003688160        0.00000001     0.00000000     0.00000767
    0.0003744609        0.00000001     0.00000000     0.00000791
    0.0003801768        0.00000001     0.00000000     0.00000815
    0.0003859646        0.00000002     0.00000000     0.00000841
    0.0003918252        0.00000002     0.00000000     0.00000866
    0.0003977596        0.00000002     0.00000000     0.00000893
    0.0004037685        0.00000002     0.00000000     0.00000920
    0.0004098531        0.00000002     0.00000000     0.00000948
    0.0004160142        0.00000002     0.00000000     0.00000976
    0.0004222528        0.00000002     0.00000000     0.00001006
    0.0004285698        0.00000002     0.00000000     0.00001036
    0.0004349663        0.00000002     0.00000000     0.00001067
    0.0004414433        0.00000002     0.00000000     0.00001099
    0.0004480017        0.00000002     0.00000000     0.00001132
    0.0004546427        0.00000002     0.00000000     0.00001166
    0.0004613672        0.00000002     0.00000000     0.00001201
    0.0004681762        0.00000002     0.00000000     0.00001237
    0.0004750709        0.00000002     0.00000000     0.00001273
    0.0004820523        0.00000002     0.00000000     0.00001311
    0.0004891216        0.00000002     0.00000000     0.00001350
    0.0004962797        0.00000003     0.00000000     0.00001390
    0.0005035279        0.00000003     0.00000000     0.00001431
    0.0005108673        0.00000003     0.00000000     0.00001473
    0.0005182990        0.00000003     0.00000000     0.00001516
    0.0005258242        0.00000003     0.00000000     0.00001560
    0.0005334440        0.00000003     0.00000000     0.00001606
    0.0005411597        0.00000003     0.00000000     0.00001652
    0.0005489724        0.00000003     0.00000000     0.00001700
    0.0005568834        0.00000003     0.00000000     0.00001750
    0.0005648939        0.00000003     0.00000000     0.00001800
    0.0005730051        0.00000003     0.00000000     0.00001853
    0.0005812184        0.00000003     0.00000000     0.00001906
    0.0005895350        0.00000004     0.00000000     0.00001961
    0.0005979562        0.00000004     0.00000000     0.00002017
    0.0006064834        0.00000004     0.00000000     0.00002075
    0.0006151178        0.00000004     0.00000000     0.00002135
    0.0006238608        0.00000004     0.00000000     0.00002196
    0.0006327137        0.00000004     0.00000000     0.00002259
    0.0006416781        0.00000004     0.00000000     0.00002323
    0.0006507551        0.00000004     0.00000000     0.00002389
    0.0006599464        0.00000004     0.00000000     0.00002457
    0.0006692533        0.00000005     0.00000000     0.00002527
    0.0006786772        0.00000005     0.00000000     0.00002599
    0.0006882197        0.00000005     0.00000000     0.00002672
    0.0006978822        0.00000005     0.00000000     0.00002748
    0.0007076662        0.00000005     0.00000000     0.00002826
    0.0007175734        0.00000005     0.00000000     0.00002905
    0.0007276051        0.00000005     0.00000000     0.00002987
    0.0007377630        0.00000006     0.00000000     0.00003071
    0.0007480487        0.00000006     0.00000000     0.00003157
    0.0007584638        0.00000006     0.00000000     0.00003246
    0.0007690098        0.00000006     0.00000000     0.00003337
    0.0007796886        0.00000006     0.00000000     0.00003430
    0.0007905016        0.00000006     0.00000000     0.00003526
    0.0008014507        0.00000007     0.00000000     0.00003624
    0.0008125374        0.00000007     0.00000000     0.00003725
    0.0008237637        0.00000007     0.00000000     0.00003829
    0.0008351311        0.00000007     0.00000000     0.00003935
    0.0008466415        0.00000007     0.00000000     0.00004044
    0.0008582967        0.00000008     0.00000000     0.00004156
    0.0008700986        0.00000008     0.00000000     0.00004271
    0.0008820488        0.00000008     0.00000000     0.00004390
    0.0008941494        0.00000008     0.00000000     0.00004511
    0.0009064022        0.00000008     0.00000000     0.00004635
    0.0009188091        0.00000009     0.00000000     0.00004763
    0.0009313721        0.00000009     0.00000000     0.00004894
    0.0009440930        0.00000009     0.00000000     0.00005029
    0.0009569740        0.00000009     0.00000000     0.00005167
    0.0009700171        0.00000010     0.00000000     0.00005309
    0.0009832241        0.00000010     0.00000000     0.00005454
    0.0009965973        0.00000010     0.00000000     0.00005604
    0.0010101388        0.00000010     0.00000000     0.00005757
    0.0010238505        0.00000011     0.00000000     0.00005914
    0.0010377347        0.00000011     0.00000000     0.00006076
    0.0010517936        0.00000011     0.00000000     0.00006242
    0.0010660293        0.00000012     0.00000000     0.00006412
    0.0010804441        0.00000012     0.00000000     0.00006586
    0.0010950402        0.00000012     0.00000000     0.00006766
    0.0011098198        0.00000013     0.00000000     0.00006949
    0.0011247854        0.00000013     0.00000000     0.00007138
    0.0011399393        0.00000013     0.00000000     0.00007332
    0.0011552837        0.00000014     0.00000000     0.00007530
    0.0011708212        0.00000014     0.00000000     0.00007734
    0.0011865540        0.00000014     0.00000000     0.00007944
    0.0012024848        0.00000015     0.00000000     0.00008158
    0.0012186160        0.00000015     0.00000000     0.00008379
    0.0012349501        0.00000016     0.00000000     0.00008605
    0.0012514896        0.00000016     0.00000000     0.00008837
    0.0012682372        0.00000016     0.00000000     0.00009075
    0.0012851954        0.00000017     0.00000000     0.00009319
    0.0013023669        0.00000017     0.00000000     0.00009570
    0.0013197545        0.00000018     0.00000000     0.00009827
    0.0013373607        0.00000018     0.00000000     0.00010091
    0.0013551884        0.00000019     0.00000000     0.00010362
    0.0013732403        0.00000019     0.00000000     0.00010640
    0.0013915193        0.00000020     0.00000000     0.00010925
    0.0014100283        0.00000020     0.00000000     0.00011218
    0.0014287700        0.00000021     0.00000000     0.00011518
    0.0014477475        0.00000021     0.00000000     0.00011826
    0.0014669637        0.00000022     0.00000000     0.00012142
    0.0014864216        0.00000023     0.00000000     0.00012466
    0.0015061242        0.00000023     0.00000000     0.00012799
    0.0015260747        0.00000024     0.00000000     0.00013140
    0.0015462761        0.00000024     0.00000000     0.00013490
    0.0015667317        0.00000025     0.00000000     0.00013849
    0.0015874445        0.00000026     0.00000000     0.00014218
    0.0016084179        0.00000026     0.00000000     0.00014596
    0.0016296550        0.00000027     0.00000000     0.00014984
    0.0016511593        0.00000028     0.00000000     0.00015382
    0.0016729341        0.00000029     0.00000000     0.00015791
    0.0016949828        0.00000029     0.00000000     0.00016210
    0.0017173089        0.00000030     0.00000000     0.00016639
    0.0017399157        0.00000031     0.00000000     0.00017080
    0.0017628069        0.00000032     0.00000000     0.00017533
    0.0017859861        0.00000033     0.00000000     0.00017997
    0.0018094568        0.00000033     0.00000000     0.00018473
    0.0018332227        0.00000034     0.00000000     0.00018961
    0.0018572876        0.00000035     0.00000000     0.00019462
    0.0018816552        0.00000036     0.00000000     0.00019977
    0.0019063293        0.00000037     0.00000000     0.00020504
    0.0019313137        0.00000038     0.00000000     0.00021045
    0.0019566124        0.00000039     0.00000000     0.00021600
    0.0019822293        0.00000040     0.00000000     0.00022169
    0.0020081685        0.00000041     0.00000000     0.00022753
    0.0020344339        0.00000042     0.00000000     0.00023352
    0.0020610297        0.00000043     0.00000000     0.00023967
    0.0020879600        0.00000044     0.00000000     0.00024597
    0.0021152291        0.00000046     0.00000000     0.00025244
    0.0021428412        0.00000047     0.00000000     0.00025907
    0.0021708006        0.00000048     0.00000000     0.00026588
    0.0021991116        0.00000049     0.00000000     0.00027286
    0.0022277788        0.00000051     0.00000000     0.00028002
    0.0022568066        0.00000052     0.00000000     0.00028736
    0.0022861995        0.00000053     0.00000000     0.00029489
    0.0023159621        0.00000055     0.00000000     0.00030262
    0.0023460991        0.00000056     0.00000000     0.00031055
    0.0023766152        0.00000058     0.00000000     0.00031868
    0.0024075151        0.00000059     0.00000000     0.00032702
    0.0024388037        0.00000061     0.00000000     0.00033558
    0.0024704858        0.00000062     0.00000000     0.00034435
    0.0025025665        0.00000064     0.00000000     0.00035335
    0.0025350507        0.00000066     0.00000000     0.00036259
    0.0025679434        0.00000067     0.00000000     0.00037206
    0.0026012500        0.00000069     0.00000000     0.00038177
    0.0026349754        0.00000071     0.00000000     0.00039173
    0.0026691251        0.00000073     0.00000000     0.00040195
    0.0027037043        0.00000075     0.00000000     0.00041243
    0.0027387185        0.00000076     0.00000000     0.00042319
    0.0027741731        0.00000078     0.00000000     0.00043421
    0.0028100737        0.00000080     0.00000000     0.00044552
    0.0028464258        0.00000083     0.00000000     0.00045713
    0.0028832352        0.00000085     0.00000000     0.00046902
    0.0029205076        0.00000087     0.00000000     0.00048123
    0.0029582489        0.00000089     0.00000000     0.00049375
    0.0029964648        0.00000092     0.00000000     0.00050659
    0.0030351615        0.00000094     0.00000000     0.00051975
    0.0030743449        0.00000096     0.00000000     0.00053326
    0.0031140212        0.00000099     0.00000000     0.00054711
    0.0031541965        0.00000101     0.00000000     0.00056132
    0.0031948772        0.00000104     0.00000000     0.00057589
    0.0032360696        0.00000107     0.00000000     0.00059084
    0.0032777801        0.00000110     0.00000000     0.00060617
    0.0033200152        0.00000112     0.00000000     0.00062189
    0.0033627817        0.00000115     0.00000000     0.00063801
    0.0034060860        0.00000118     0.00000000     0.00065455
    0.0034499351        0.00000121     0.00000000     0.00067151
    0.0034943357        0.00000124     0.00000000     0.00068891
    0.0035392948        0.00000128     0.00000000     0.00070675
    0.0035848194        0.00000131     0.00000000     0.00072505
    0.0036309166        0.00000134     0.00000000     0.00074381
    0.0036775937        0.00000138     0.00000000     0.00076306
    0.0037248579        0.00000141     0.00000000     0.00078280
    0.0037727166        0.00000145     0.00000000     0.00080304
    0.0038211774        0.00000149     0.00000000     0.00082380
    0.0038702476        0.00000153     0.00000000     0.00084510
    0.0039199351        0.00000157     0.00000000     0.00086693
    0.0039702476        0.00000161     0.00000000     0.00088933
    0.0040211929        0.00000165     0.00000000     0.00091230
    0.0040727791        0.00000169     0.00000000     0.00093586
    0.0041250141        0.00000173     0.00000000     0.00096001
    0.0041779062        0.00000178     0.00000000     0.00098479
    0.0042314635        0.00000183     0.00000000     0.00101020
    0.0042856946        0.00000187     0.00000000     0.00103626
    0.0043406077        0.00000192     0.00000000     0.00106298
    0.0043962116        0.00000197     0.00000000     0.00109039
    0.0044525149        0.00000202     0.00000000     0.00111850
    0.0045095264        0.00000207     0.00000000     0.00114732
    0.0045672551        0.00000213     0.00000000     0.00117688
    0.0046257098        0.00000218     0.00000000     0.00120720
    0.0046848999        0.00000224     0.00000000     0.00123829
    0.0047448344        0.00000229     0.00000000     0.00127018
    0.0048055229        0.00000235     0.00000000     0.00130287
    0.0048669747        0.00000241     0.00000000     0.00133641
    0.0049291994        0.00000248     0.00000000     0.00137080
    0.0049922069        0.00000254     0.00000000     0.00140606
    0.0050560069        0.00000261     0.00000000     0.00144223
    0.0051206094        0.00000267     0.00000000     0.00147932
    0.0051860245        0.00000274     0.00000000     0.00151735
    0.0052522625        0.00000281     0.00000000     0.00155636
    0.0053193336        0.00000288     0.00000000     0.00159636
    0.0053872483        0.00000296     0.00000000     0.00163738
    0.0054560173        0.00000303     0.00000000     0.00167945
    0.0055256513        0.00000311     0.00000000     0.00172259
    0.0055961612        0.00000319     0.00000000     0.00176683
    0.0056675581        0.00000327     0.00000000     0.00181219
    0.0057398529        0.00000336     0.00000000     0.00185872
    0.0058130572        0.00000344     0.00000000     0.00190643
    0.0058871822        0.00000353     0.00000000     0.00195535
    0.0059622396        0.00000362     0.00000000     0.00200553
    0.0060382411        0.00000372     0.00000000     0.00205698
    0.0061151986        0.00000381     0.00000000     0.00210974
    0.0061931241        0.00000391     0.00000000     0.00216385
    0.0062720298        0.00000401     0.00000000     0.00221933
    0.0063519280        0.00000411     0.00000000     0.00227623
    0.0064328312        0.00000422     0.00000000     0.00233458
    0.0065147520        0.00000433     0.00000000     0.00239441
    0.0065977032        0.00000444     0.00000000     0.00245577
    0.0066816979        0.00000455     0.00000000     0.00251869
    0.0067667491        0.00000467     0.00000000     0.00258321
    0.0068528701        0.00000479     0.00000000     0.00264938
    0.0069400743        0.00000491     0.00000000     0.00271723
    0.0070283755        0.00000504     0.00000000     0.00278680
    0.0071177874        0.00000516     0.00000000     0.00285815
    0.0072083239        0.00000530     0.00000000     0.00293131
    0.0072999992        0.00000543     0.00000000     0.00300634
    0.0073928276        0.00000557     0.00000000     0.00308328
    0.0074868237        0.00000571     0.00000000     0.00316217
    0.0075820022        0.00000586     0.00000000     0.00324307
    0.0076783778        0.00000601     0.00000000     0.00332603
    0.0077759656        0.00000616     0.00000000     0.00341110
    0.0078747810        0.00000632     0.00000000     0.00349833
    0.0079748393        0.00000648     0.00000000     0.00358779
    0.0080761562        0.00000665     0.00000000     0.00367951
    0.0081787476        0.00000682     0.00000000     0.00377358
    0.0082826293        0.00000699     0.00000000     0.00387003
    0.0083878177        0.00000717     0.00000000     0.00396894
    0.0084943293        0.00000736     0.00000000     0.00407036
    0.0086021805        0.00000754     0.00000000     0.00417436
    0.0087113884        0.00000774     0.00000000     0.00428100
    0.0088219700        0.00000793     0.00000000     0.00439036
    0.0089339425        0.00000814     0.00000000     0.00450250
    0.0090473234        0.00000834     0.00000000     0.00461748
    0.0091621305        0.00000856     0.00000000     0.00473539
    0.0092783817        0.00000878     0.00000000     0.00485630
    0.0093960951        0.00000900     0.00000000     0.00498028
    0.0095152892        0.00000923     0.00000000     0.00510741
    0.0096359826        0.00000947     0.00000000     0.00523777
    0.0097581941        0.00000971     0.00000000     0.00537145
    0.0098819428        0.00000995     0.00000000     0.00550852
    0.0100072481        0.00001021     0.00000000     0.00564907
    0.0101341296        0.00001047     0.00000000     0.00579320
    0.0102626070        0.00001074     0.00000000     0.00594098
    0.0103927005        0.00001101     0.00000000     0.00609252
    0.0105244303        0.00001129     0.00000000     0.00624791
    0.0106578171        0.00001158     0.00000000     0.00640725
    0.0107928818        0.00001188     0.00000000     0.00657063
    0.0109296453        0.00001218     0.00000000     0.00673816
    0.0110681290        0.00001249     0.00000000     0.00690995
    0.0112083547        0.00001281     0.00000000     0.00708610
    0.0113503443        0.00001313     0.00000000     0.00726672
    0.0114941198        0.00001347     0.00000000     0.00745193
    0.0116397038        0.00001381     0.00000000     0.00764184
    0.0117871190        0.00001416     0.00000000     0.00783657
    0.0119363885        0.00001453     0.00000000     0.00803625
    0.0120875355        0.00001490     0.00000000     0.00824099
    0.0122405838        0.00001528     0.00000000     0.00845093
    0.0123955571        0.00001566     0.00000000     0.00866620
    0.0125524798        0.00001606     0.00000000     0.00888694
    0.0127113764        0.00001647     0.00000000     0.00911327
    0.0128722716        0.00001689     0.00000000     0.00934535
    0.0130351906        0.00001732     0.00000000     0.00958332
    0.0132001588        0.00001776     0.00000000     0.00982733
    0.0133672022        0.00001822     0.00000000     0.01007753
    0.0135363467        0.00001868     0.00000000     0.01033407
    0.0137076187        0.00001916     0.00000000     0.01059713
    0.0138810451        0.00001965     0.00000000     0.01086686
    0.0140566529        0.00002015     0.00000000     0.01114343
    0.0142344696        0.00002066     0.00000000     0.01142701
    0.0144145230        0.00002118     0.00000000     0.01171779
    0.0145968411        0.00002172     0.00000000     0.01201595
    0.0147814525        0.00002228     0.00000000     0.01232166
    0.0149683861        0.00002284     0.00000000     0.01263513
    0.0151576710        0.00002343     0.00000000     0.01295655
    0.0153493368        0.00002402     0.00000000     0.01328611
    0.0155434134        0.00002463     0.00000000     0.01362404
    0.0157399313        0.00002526     0.00000000     0.01397053
    0.0159389210        0.00002590     0.00000000     0.01432580
    0.0161404137        0.00002656     0.00000000     0.01469009
    0.0163444409        0.00002724     0.00000000     0.01506360
    0.0165510344        0.00002793     0.00000000     0.01544659
    0.0167602266        0.00002864     0.00000000     0.01583928
    0.0169720501        0.00002937     0.00000000     0.01624192
    0.0171865379        0.00003012     0.00000000     0.01665477
    0.0174037238        0.00003089     0.00000000     0.01707808
    0.0176236414        0.00003167     0.00000000     0.01751212
    0.0178463253        0.00003248     0.00000000     0.01795715
    0.0180718102        0.00003330     0.00000000     0.01841346
    0.0183001314        0.00003415     0.00000000     0.01888133
    0.0185313245        0.00003502     0.00000000     0.01936105
    0.0187654256        0.00003591     0.00000000     0.01985293
    0.0190024714        0.00003682     0.00000000     0.02035726
    0.0192424988        0.00003776     0.00000000     0.02087437
    0.0194855454        0.00003872     0.00000000     0.02140458
    0.0197316492        0.00003971     0.00000000     0.02194821
    0.0199808485        0.00004072     0.00000000     0.02250561
    0.0202331824        0.00004175     0.00000000     0.02307712
    0.0204886903        0.00004281     0.00000000     0.02366310
    0.0207474121        0.00004390     0.00000000     0.02426392
    0.0210093882        0.00004502     0.00000000     0.02487995
    0.0212746595        0.00004616     0.00000000     0.02551157
    0.0215432675        0.00004734     0.00000000     0.02615918
    0.0218152543        0.00004854     0.00000000     0.02682319
    0.0220906621        0.00004977     0.00000000     0.02750399
    0.0223695342        0.00005104     0.00000000     0.02820203
    0.0226519141        0.00005234     0.00000000     0.02891773
    0.0229378459        0.00005367     0.00000000     0.02965154
    0.0232273742        0.00005503     0.00000000     0.03040391
    0.0235205444        0.00005643     0.00000001     0.03117532
    0.0238174022        0.00005787     0.00000001     0.03196624
    0.0241179940        0.00005934     0.00000001     0.03277717
    0.0244223668        0.00006085     0.00000001     0.03360860
    0.0247305681        0.00006239     0.00000001     0.03446107
    0.0250426462        0.00006398     0.00000001     0.03533509
    0.0253586496        0.00006561     0.00000001     0.03623121
    0.0256786280        0.00006727     0.00000001     0.03714998
    0.0260026311        0.00006898     0.00000001     0.03809199
    0.0263307097        0.00007074     0.00000001     0.03905780
    0.0266629150        0.00007253     0.00000001     0.04004803
    0.0269992990        0.00007438     0.00000001     0.04106329
    0.0273399141        0.00007627     0.00000001     0.04210420
    0.0276848137        0.00007821     0.00000001     0.04317141
    0.0280340515        0.00008019     0.00000001     0.04426559
    0.0283876823        0.00008223     0.00000001     0.04538740
    0.0287457611        0.00008432     0.00000001     0.04653756
    0.0291083441        0.00008647     0.00000001     0.04771676
    0.0294754877        0.00008866     0.00000001     0.04892575
    0.0298472495        0.00009092     0.00000001     0.05016527
    0.0302236874        0.00009323     0.00000001     0.05143608
    0.0306048604        0.00009560     0.00000001     0.05273897
    0.0309908279        0.00009803     0.00000002     0.05407476
    0.0313816503        0.00010052     0.00000002     0.05544425
    0.0317773887        0.00010307     0.00000002     0.05684831
    0.0321781048        0.00010569     0.00000002     0.05828780
    0.0325838613        0.00010838     0.00000002     0.05976361
    0.0329947216        0.00011113     0.00000002     0.06127665
    0.0334107498        0.00011396     0.00000002     0.06282785
    0.0338320111        0.00011686     0.00000002     0.06441817
    0.0342585712        0.00011983     0.00000002     0.06604859
    0.0346904967        0.00012287     0.00000002     0.06772013
    0.0351278552        0.00012600     0.00000003     0.06943379
    0.0355707150        0.00012920     0.00000003     0.07119066
    0.0360191453        0.00013248     0.00000003     0.07299179
    0.0364732162        0.00013585     0.00000003     0.07483831
    0.0369329985        0.00013930     0.00000003     0.07673135
    0.0373985642        0.00014284     0.00000003     0.07867208
    0.0378699860        0.00014648     0.00000003     0.08066168
    0.0383473376        0.00015020     0.00000004     0.08270137
    0.0388306935        0.00015402     0.00000004     0.08479242
    0.0393201292        0.00015793     0.00000004     0.08693611
    0.0398157213        0.00016195     0.00000004     0.08913374
    0.0403175472        0.00016607     0.00000004     0.09138667
    0.0408256853        0.00017029     0.00000005     0.09369628
    0.0413402150        0.00017462     0.00000005     0.09606398
    0.0418612166        0.00017906     0.00000005     0.09849122
    0.0423887717        0.00018361     0.00000005     0.10097948
    0.0429229626        0.00018828     0.00000006     0.10353029
    0.0434638728        0.00019307     0.00000006     0.10614521
    0.0440115867        0.00019798     0.00000006     0.10882583
    0.0445661901        0.00020301     0.00000007     0.11157378
    0.0451277696        0.00020818     0.00000007     0.11439075
    0.0456964128        0.00021347     0.00000007     0.11727844
    0.0462722087        0.00021890     0.00000008     0.12023862
    0.0468552472        0.00022447     0.00000008     0.12327309
    0.0474456194        0.00023018     0.00000008     0.12638369
    0.0480434176        0.00023604     0.00000009     0.12957231
    0.0486487352        0.00024204     0.00000009     0.13284089
    0.0492616667        0.00024820     0.00000010     0.13619141
    0.0498823080        0.00025452     0.00000010     0.13962590
    0.0505107559        0.00026099     0.00000011     0.14314644
    0.0511471088        0.00026764     0.00000011     0.14675516
    0.0517914660        0.00027445     0.00000012     0.15045424
    0.0524439282        0.00028143     0.00000013     0.15424592
    0.0531045974        0.00028860     0.00000013     0.15813248
    0.0537735767        0.00029594     0.00000014     0.16211627
    0.0544509708        0.00030348     0.00000015     0.16619968
    0.0551368855        0.00031121     0.00000015     0.17038518
    0.0558314279        0.00031913     0.00000016     0.17467527
    0.0565347066        0.00032726     0.00000017     0.17907254
    0.0572468314        0.00033559     0.00000018     0.18357961
    0.0579679137        0.00034414     0.00000019     0.18819920
    0.0586980661        0.00035291     0.00000020     0.19293405
    0.0594374026        0.00036190     0.00000021     0.19778701
    0.0601860389        0.00037112     0.00000022     0.20276098
    0.0609440918        0.00038058     0.00000023     0.20785890
    0.0617116799        0.00039027     0.00000024     0.21308383
    0.0624889230        0.00040022     0.00000025     0.21843887
    0.0632759427        0.00041042     0.00000027     0.22392720
    0.0640728619        0.00042089     0.00000028     0.22955207
    0.0648798050        0.00043162     0.00000029     0.23531681
    0.0656968983        0.00044263     0.00000031     0.24122484
    0.0665242693        0.00045392     0.00000033     0.24727964
    0.0673620474        0.00046549     0.00000034     0.25348479
    0.0682103634        0.00047737     0.00000036     0.25984393
    0.0690693499        0.00048955     0.00000038     0.26636080
    0.0699391411        0.00050204     0.00000040     0.27303923
    0.0708198730        0.00051486     0.00000042     0.27988314
    0.0717116831        0.00052800     0.00000044     0.28689651
    0.0726147108        0.00054148     0.00000046     0.29408345
    0.0735290972        0.00055531     0.00000049     0.30144814
    0.0744549852        0.00056949     0.00000051     0.30899487
    0.0753925193        0.00058404     0.00000054     0.31672802
    0.0763418463        0.00059897     0.00000056     0.32465207
    0.0773031143        0.00061427     0.00000059     0.33277160
    0.0782764735        0.00062997     0.00000062     0.34109129
    0.0792620761        0.00064608     0.00000066     0.34961594
    0.0802600760        0.00066260     0.00000069     0.35835044
    0.0812706293        0.00067955     0.00000073     0.36729980
    0.0822938937        0.00069693     0.00000076     0.37646913
    0.0833300293        0.00071477     0.00000080     0.38586367
    0.0843791978        0.00073306     0.00000084     0.39548877
    0.0854415632        0.00075183     0.00000089     0.40534988
    0.0865172915        0.00077108     0.00000093     0.41545259
    0.0876065508        0.00079083     0.00000098     0.42580260
    0.0887095114        0.00081109     0.00000103     0.43640575
    0.0898263454        0.00083188     0.00000108     0.44726799
    0.0909572275        0.00085320     0.00000114     0.45839540
    0.0921023344        0.00087508     0.00000120     0.46979420
    0.0932618449        0.00089752     0.00000126     0.48147072
    0.0944359403        0.00092055     0.00000132     0.49343145
    0.0956248039        0.00094417     0.00000139     0.50568299
    0.0968286217        0.00096841     0.00000146     0.51823212
    0.0980475816        0.00099328     0.00000154     0.53108571
    0.0992818741        0.00101880     0.00000161     0.54425081
    0.1005316921        0.00104498     0.00000170     0.55773459
    0.1017972309        0.00107184     0.00000178     0.57154439
    0.1030786882        0.00109940     0.00000188     0.58568768
    0.1043762642        0.00112768     0.00000197     0.60017209
    0.1056901618        0.00115670     0.00000207     0.61500539
    0.1070205861        0.00118648     0.00000218     0.63019552
    0.1083677452        0.00121703     0.00000229     0.64575057
    0.1097318494        0.00124839     0.00000241     0.66167878
    0.1111131119        0.00128056     0.00000253     0.67798856
    0.1125117486        0.00131358     0.00000266     0.69468849
    0.1139279779        0.00134747     0.00000280     0.71178728
    0.1153620212        0.00138224     0.00000294     0.72929384
    0.1168141026        0.00141793     0.00000309     0.74721723
    0.1182844489        0.00145455     0.00000325     0.76556666
    0.1197732899        0.00149214     0.00000342     0.78435155
    0.1212808582        0.00153072     0.00000359     0.80358145
    0.1228073893        0.00157032     0.00000378     0.82326609
    0.1243531219        0.00161097     0.00000397     0.84341539
    0.1259182974        0.00165268     0.00000417     0.86403942
    0.1275031603        0.00169550     0.00000439     0.88514843
    0.1291079584        0.00173946     0.00000461     0.90675285
    0.1307329424        0.00178457     0.00000485     0.92886326
    0.1323783662        0.00183089     0.00000510     0.95149045
    0.1340444868        0.00187843     0.00000536     0.97464534
    0.1357315646        0.00192724     0.00000563     0.99833906
    0.1374398633        0.00197735     0.00000592     1.02258289
    0.1391696498        0.00202880     0.00000623     1.04738828
    0.1409211942        0.00208162     0.00000654     1.07276687
    0.1426947704        0.00213585     0.00000688     1.09873044
    0.1444906554        0.00219153     0.00000723     1.12529096
    0.1463091299        0.00224870     0.00000760     1.15246057
    0.1481504780        0.00230740     0.00000799     1.18025154
    0.1500149873        0.00236768     0.00000840     1.20867632
    0.1519029494        0.00242959     0.00000883     1.23774754
    0.1538146590        0.00249316     0.00000928     1.26747793
    0.1557504150        0.00255844     0.00000976     1.29788043
    0.1577105198        0.00262549     0.00001026     1.32896808
    0.1596952797        0.00269436     0.00001078     1.36075407
    0.1617050049        0.00276509     0.00001134     1.39325176
    0.1637400092        0.00283773     0.00001192     1.42647459
    0.1658006107        0.00291236     0.00001253     1.46043617
    0.1678871315        0.00298901     0.00001317     1.49515018
    0.1699998974        0.00306776     0.00001384     1.53063046
    0.1721392386        0.00314866     0.00001455     1.56689092
    0.1743054895        0.00323177     0.00001529     1.60394558
    0.1764989884        0.00331716     0.00001608     1.64180852
    0.1787200781        0.00340490     0.00001690     1.68049393
    0.1809691057        0.00349505     0.00001776     1.72001605
    0.1832464226        0.00358769     0.00001867     1.76038916
    0.1855523846        0.00368289     0.00001963     1.80162759
    0.1878873521        0.00378072     0.00002063     1.84374570
    0.1902516898        0.00388127     0.00002169     1.88675787
    0.1926457672        0.00398461     0.00002280     1.93067847
    0.1950699585        0.00409083     0.00002396     1.97552184
    0.1975246422        0.00420002     0.00002519     2.02130232
    0.2000102022        0.00431226     0.00002648     2.06803417
    0.2025270266        0.00442764     0.00002783     2.11573158
    0.2050755087        0.00454627     0.00002925     2.16440867
    0.2076560468        0.00466824     0.00003075     2.21407944
    0.2102690441        0.00479366     0.00003232     2.26475775
    0.2129149089        0.00492262     0.00003397     2.31645729
    0.2155940545        0.00505525     0.00003571     2.36919160
    0.2183068997        0.00519164     0.00003753     2.42297399
    0.2210538682        0.00533193     0.00003945     2.47781754
    0.2238353893        0.00547623     0.00004146     2.53373505
    0.2266518977        0.00562466     0.00004358     2.59073905
    0.2295038334        0.00577737     0.00004581     2.64884172
    0.2323916420        0.00593447     0.00004815     2.70805488
    0.2353157748        0.00609611     0.00005060     2.76838997
    0.2382766886        0.00626245     0.00005319     2.82985797
    0.2412748462        0.00643361     0.00005590     2.89246941
    0.2443107159        0.00660977     0.00005876     2.95623429
    0.2473847722        0.00679108     0.00006176     3.02116206
    0.2504974953        0.00697771     0.00006491     3.08726158
    0.2536493717        0.00716983     0.00006822     3.15454104
    0.2568408938        0.00736762     0.00007170     3.22300797
    0.2600725603        0.00757127     0.00007536     3.29266912
    0.2633448761        0.00778098     0.00007920     3.36353048
    0.2666583527        0.00799693     0.00008324     3.43559715
    0.2700135076        0.00821934     0.00008749     3.50887337
    0.2734108652        0.00844843     0.00009195     3.58336238
    0.2768509563        0.00868442     0.00009663     3.65906643
    0.2803343184        0.00892755     0.00010156     3.73598664
    0.2838614958        0.00917805     0.00010673     3.81412303
    0.2874330396        0.00943618     0.00011217     3.89347437
    0.2910495080        0.00970219     0.00011789     3.97403816
    0.2947114659        0.00997637     0.00012389     4.05581055
    0.2984194855        0.01025899     0.00013020     4.13878626
    0.3021741463        0.01055035     0.00013683     4.22295849
    0.3059760350        0.01085075     0.00014379     4.30831889
    0.3098257455        0.01116051     0.00015111     4.39485744
    0.3137238794        0.01147996     0.00015880     4.48256238
    0.3176710458        0.01180944     0.00016688     4.57142016
    0.3216678614        0.01214932     0.00017537     4.66141528
    0.3257149508        0.01249997     0.00018428     4.75253029
    0.3298129462        0.01286177     0.00019365     4.84474566
    0.3339624882        0.01323513     0.00020350     4.93803968
    0.3381642249        0.01362048     0.00021384     5.03238841
    0.3424188130        0.01401824     0.00022470     5.12776555
    0.3467269172        0.01442888     0.00023611     5.22414238
    0.3510892107        0.01485288     0.00024810     5.32148764
    0.3555063751        0.01529073     0.00026070     5.41976747
    0.3599791006        0.01574296     0.00027393     5.51894529
    0.3645080860        0.01621010     0.00028783     5.61898171
    0.3690940391        0.01669272     0.00030243     5.71983445
    0.3737376764        0.01719141     0.00031777     5.82145824
    0.3784397234        0.01770678     0.00033388     5.92380474
    0.3832009149        0.01823948     0.00035080     6.02682243
    0.3880219948        0.01879017     0.00036857     6.13045655
    0.3929037164        0.01935957     0.00038724     6.23464897
    0.3978468425        0.01994840     0.00040685     6.33933818
    0.4028521455        0.02055742     0.00042744     6.44445912
    0.4079204075        0.02118743     0.00044907     6.54994319
    0.4130524203        0.02183928     0.00047178     6.65571812
    0.4182489860        0.02251383     0.00049564     6.76170791
    0.4235109163        0.02321201     0.00052069     6.86783281
    0.4288390336        0.02393475     0.00054700     6.97400920
    0.4342341704        0.02468307     0.00057462     7.08014959
    0.4396971697        0.02545801     0.00060363     7.18616257
    0.4452288850        0.02626067     0.00063409     7.29195274
    0.4508301807        0.02709218     0.00066608     7.39742074
    0.4565019320        0.02795376     0.00069966     7.50246318
    0.4622450252        0.02884666     0.00073492     7.60697268
    0.4680603577        0.02977219     0.00077195     7.71083784
    0.4739488380        0.03073174     0.00081081     7.81394329
    0.4799113862        0.03172674     0.00085162     7.91616967
    0.4859489341        0.03275872     0.00089446     8.01739375
    0.4920624250        0.03382926     0.00093943     8.11748839
    0.4982528141        0.03494001     0.00098663     8.21632272
    0.5045210688        0.03609273     0.00103618     8.31376215
    0.5108681684        0.03728924     0.00108819     8.40966852
    0.5172951046        0.03853147     0.00114278     8.50390018
    0.5238028818        0.03982141     0.00120007     8.59631222
    0.5303925167        0.04116118     0.00126020     8.68675652
    0.5370650391        0.04255300     0.00132330     8.77508204
    0.5438214914        0.04399918     0.00138952     8.86113497
    0.5506629295        0.04550215     0.00145900     8.94475897
    0.5575904222        0.04706448     0.00153191     9.02579540
    0.5646050521        0.04868885     0.00160841     9.10408366
    0.5717079151        0.05037808     0.00168867     9.17946141
    0.5789001212        0.05213511     0.00177288     9.25176496
    0.5861827941        0.05396304     0.00186121     9.32082956
    0.5935570717        0.05586515     0.00195387     9.38648982
    0.6010241064        0.05784483     0.00205106     9.44858008
    0.6085850647        0.05990569     0.00215300     9.50693486
    0.6162411283        0.06205148     0.00225991     9.56138928
    0.6239934932        0.06428615     0.00237204     9.61177955
    0.6318433709        0.06661386     0.00248961     9.65794346
    0.6397919879        0.06903896     0.00261289     9.69972093
    0.6478405862        0.07156601     0.00274215     9.73695450
    0.6559904234        0.07419980     0.00287767     9.76948995
    0.6642427729        0.07694537     0.00301973     9.79717684
    0.6725989242        0.07980798     0.00316864     9.81986916
    0.6810601829        0.08279317     0.00332472     9.83742593
    0.6896278712        0.08590673     0.00348829     9.84971181
    0.6983033277        0.08915474     0.00365971     9.85659781
    0.7070879081        0.09254357     0.00383932     9.85796190
    0.7159829848        0.09607987     0.00402750     9.85368970
    0.7249899479        0.09977063     0.00422464     9.84367515
    0.7341102046        0.10362316     0.00443114     9.82782117
    0.7433451800        0.10764509     0.00464743     9.80604036
    0.7526963171        0.11184442     0.00487393     9.77825564
    0.7621650770        0.11622948     0.00511111     9.74440090
    0.7717529392        0.12080898     0.00535943     9.70442167
    0.7814614019        0.12559202     0.00561938     9.65827571
    0.7912919821        0.13058807     0.00589146     9.60593363
    0.8012462157        0.13580698     0.00617622     9.54737944
    0.8113256582        0.14125903     0.00647418     9.48261110
    0.8215318844        0.14695487     0.00678591     9.41164100
    0.8318664892        0.15290558     0.00711199     9.33449643
    0.8423310873        0.15912262     0.00745304     9.25121996
    0.8529273138        0.16561788     0.00780966     9.16186984
    0.8636568245        0.17240362     0.00818251     9.06652022
    0.8745212958        0.17949250     0.00857224     8.96526142
    0.8855224253        0.18689755     0.00897953     8.85820009
    0.8966619320        0.19463215     0.00940510     8.74545928
    0.9079415564        0.20271001     0.00984965     8.62717843
    0.9193630610        0.21114514     0.01031394     8.50351333
    0.9309282305        0.21995183     0.01079871     8.37463594
    0.9426388719        0.22914455     0.01130475     8.24073415
    0.9544968150        0.23873799     0.01183285     8.10201141
    0.9665039127        0.24874691     0.01238382     7.95868636
    0.9786620411        0.25918610     0.01295848     7.81099224
    0.9909731000        0.27007032     0.01355767     7.65917634
    1.0034390129        0.28141418     0.01418225     7.50349921
    1.0160617276        0.29323205     0.01483306     7.34423395
    1.0288432166        0.30553790     0.01551099     7.18166522
    1.0417854769        0.31834523     0.01621691     7.01608836
    1.0548905308        0.33166685     0.01695168     6.84780825
    1.0681604260        0.34551477     0.01771620     6.67713821
    1.0815972359        0.35989999     0.01851132     6.50439877
    1.0952030601        0.37483229     0.01933792     6.32991641
    1.1089800245        0.39032005     0.02019685     6.15402222
    1.1229302818        0.40636999     0.02108894     5.97705050
    1.1370560117        0.42298692     0.02201502     5.79933735
    1.1513594214        0.44017348     0.02297587     5.62121920
    1.1658427459        0.45792991     0.02397225     5.44303136
    1.1805082481        0.47625368     0.02500487     5.26510649
    1.1953582197        0.49513925     0.02607441     5.08777315
    1.2103949809        0.51457778     0.02718148     4.91135432
    1.2256208813        0.53455679     0.02832663     4.73616597
    1.2410382999        0.55505987     0.02951035     4.56251561
    1.2566496458        0.57606642     0.03073305     4.39070099
    1.2724573582        0.59755136     0.03199502     4.22100876
    1.2884639072        0.61948488     0.03329650     4.05371328
    1.3046717938        0.64183224     0.03463758     3.88907546
    1.3210835505        0.66455356     0.03601825     3.72734171
    1.3377017417        0.68760374     0.03743835     3.56874302
    1.3545289640        0.71093234     0.03889761     3.41349413
    1.3715678467        0.73448362     0.04039556     3.26179277
    1.3888210522        0.75819661     0.04193160     3.11381913
    1.4062912762        0.78200524     0.04350494     2.96973535
    1.4239812487        0.80583864     0.04511459     2.82968523
    1.4418937336        0.82962145     0.04675938     2.69379400
    1.4600315298        0.85327431     0.04843791     2.56216828
    1.4783974714        0.87671443     0.05014858     2.43489612
    1.4969944281        0.89985622     0.05188955     2.31204727
    1.5158253058        0.92261209     0.05365875     2.19367341
    1.5348930467        0.94489332     0.05545387     2.07980868
    1.5542006303        0.96661098     0.05727235     1.97047021
    1.5737510734        0.98767696     0.05911139     1.86565879
    1.5935474308        1.00800504     0.06096795     1.76535966
    1.6135927957        1.02751195     0.06283873     1.66954336
    1.6338903002        1.04611848     0.06472022     1.57816665
    1.6544431159        1.06375048     0.06660866     1.49115463
    1.6752544543        1.08033992     0.06850009     1.40835017
    1.6963275670        1.09582571     0.07039034     1.32958054
    1.7176657469        1.11015449     0.07227506     1.25467785
    1.7392723280        1.12328123     0.07414977     1.18347915
    1.7611506865        1.13516959     0.07600982     1.11582656
    1.7833042408        1.14579218     0.07785048     1.05156727
    1.8057364526        1.15513045     0.07966696     0.99055359
    1.8284508268        1.16317443     0.08145442     0.93264295
    1.8514509127        1.16992221     0.08320803     0.87769789
    1.8747403040        1.17537914     0.08492303     0.82558595
    1.8983226399        1.17955685     0.08659471     0.77617968
    1.9222016050        1.18247211     0.08821852     0.72935652
    1.9463809305        1.18414553     0.08979009     0.68499868
    1.9708643945        1.18460022     0.09130523     0.64299307
    1.9956558225        1.18386047     0.09276004     0.60323114
    2.0207590883        1.18195066     0.09415089     0.56560879
    2.0461781144        1.17889438     0.09547448     0.53002618
    2.0719168724        1.17471411     0.09672784     0.49638765
    2.0979793842        1.16943157     0.09790837     0.46460150
    2.1243697219        1.16306897     0.09901386     0.43457993
    2.1510920093        1.15565070     0.10004245     0.40623880
    2.1781504217        1.14720409     0.10099266     0.37949759
    2.2055491870        1.13775888     0.10186336     0.35427915
    2.2332925863        1.12734727     0.10265375     0.33050963
    2.2613849547        1.11600373     0.10336330     0.30811832
    2.2898306815        1.10376473     0.10399175     0.28703753
    2.3186342115        1.09066849     0.10453899     0.26720244
    2.3478000454        1.07675479     0.10500508     0.24855098
    2.3773327402        1.06206463     0.10539014     0.23102376
    2.4072369107        1.04664005     0.10569433     0.21456387
    2.4375172293        1.03052384     0.10591781     0.19911686
    2.4681784274        1.01375938     0.10606068     0.18463059
    2.4992252959        0.99639049     0.10612308     0.17105513
    2.5306626859        0.97846138     0.10610515     0.15834270
    2.5624955097        0.96001668     0.10600719     0.14644757
    2.5947287410        0.94110132     0.10582965     0.13532597
    2.6273674165        0.92176035     0.10557312     0.12493601
    2.6604166360        0.90203885     0.10523838     0.11523763
    2.6938815635        0.88198173     0.10482632     0.10619252
    2.7277674280        0.86163360     0.10433802     0.09776405
    2.7620795242        0.84103865     0.10377468     0.08991720
    2.7968232134        0.82024046     0.10313766     0.08261854
    2.8320039244        0.79928196     0.10242846     0.07583612
    2.8676271543        0.77820519     0.10164870     0.06953947
    2.9036984693        0.75705128     0.10080015     0.06369951
    2.9402235056        0.73586028     0.09988470     0.05828854
    2.9772079702        0.71467108     0.09890435     0.05328014
    3.0146576422        0.69352130     0.09786122     0.04864919
    3.0525783730        0.67244720     0.09675755     0.04437176
    3.0909760879        0.65148360     0.09559564     0.04042514
    3.1298567866        0.63066382     0.09437794     0.03678774
    3.1692265443        0.61001960     0.09310694     0.03343907
    3.2090915126        0.58958102     0.09178522     0.03035973
    3.2494579204        0.56937652     0.09041543     0.02753132
    3.2903320752        0.54943277     0.08900029     0.02493644
    3.3317203635        0.52977472     0.08754257     0.02255866
    3.3736292524        0.51042554     0.08604507     0.02038245
    3.4160652903        0.49140660     0.08451063     0.01839318
    3.4590351077        0.47273746     0.08294213     0.01657705
    3.5025454190        0.45443594     0.08134246     0.01492109
    3.5466030226        0.43651803     0.07971452     0.01341313
    3.5912148026        0.41899797     0.07806120     0.01204171
    3.6363877297        0.40188837     0.07638542     0.01079613
    3.6821288623        0.38520007     0.07469006     0.00966635
    3.7284453476        0.36894223     0.07297798     0.00864299
    3.7753444225        0.35312239     0.07125201     0.00771730
    3.8228334151        0.33774648     0.06951493     0.00688113
    3.8709197457        0.32281894     0.06776947     0.00612688
    3.9196109280        0.30834274     0.06601833     0.00544750
    3.9689145698        0.29431948     0.06426413     0.00483643
    4.0188383752        0.28074944     0.06250943     0.00428761
    4.0693901447        0.26763165     0.06075672     0.00379543
    4.1205777772        0.25496396     0.05900843     0.00335471
    4.1724092709        0.24274315     0.05726689     0.00296066
    4.2248927245        0.23096495     0.05553437     0.00260887
    4.2780363386        0.21962419     0.05381303     0.00229531
    4.3318484172        0.20871480     0.05210496     0.00201626
    4.3863373684        0.19822993     0.05041216     0.00176831
    4.4415117062        0.18816202     0.04873651     0.00154835
    4.4973800517        0.17850289     0.04707983     0.00135354
    4.5539511345        0.16924378     0.04544383     0.00118129
    4.6112337939        0.16037542     0.04383010     0.00102923
    4.6692369805        0.15188816     0.04224015     0.00089523
    4.7279697574        0.14377194     0.04067540     0.00077735
    4.7874413016        0.13601646     0.03913716     0.00067381
    4.8476609058        0.12861113     0.03762664     0.00058304
    4.9086379794        0.12154523     0.03614496     0.00050361
    4.9703820501        0.11480789     0.03469312     0.00043421
    5.0329027656        0.10838817     0.03327205     0.00037370
    5.0962098949        0.10227512     0.03188259     0.00032102
    5.1603133299        0.09645778     0.03052544     0.00027526
    5.2252230868        0.09092527     0.02920127     0.00023557
    5.2909493080        0.08566680     0.02791063     0.00020122
    5.3575022632        0.08067169     0.02665396     0.00017155
    5.4248923516        0.07592944     0.02543167     0.00014596
    5.4931301029        0.07142972     0.02424403     0.00012395
    5.5622261795        0.06716240     0.02309127     0.00010504
    5.6321913777        0.06311759     0.02197353     0.00008884
    5.7030366298        0.05928563     0.02089087     0.00007498
    5.7747730055        0.05565711     0.01984328     0.00006315
    5.8474117136        0.05222292     0.01883069     0.00005307
    5.9209641043        0.04897419     0.01785295     0.00004451
    5.9954416701        0.04590236     0.01690986     0.00003725
    6.0708560484        0.04299916     0.01600115     0.00003110
    6.1472190228        0.04025658     0.01512651     0.00002591
    6.2245425251        0.03766696     0.01428554     0.00002154
    6.3028386374        0.03522288     0.01347784     0.00001786
    6.3821195936        0.03291723     0.01270292     0.00001478
    6.4623977814        0.03074320     0.01196026     0.00001220
    6.5436857445        0.02869425     0.01124932     0.00001005
    6.6259961843        0.02676411     0.01056949     0.00000825
    6.7093419620        0.02494680     0.00992014     0.00000676
    6.7937361005        0.02323659     0.00930061     0.00000553
    6.8791917866        0.02162801     0.00871021     0.00000451
    6.9657223729        0.02011583     0.00814822     0.00000367
    7.0533413799        0.01869507     0.00761391     0.00000297
    7.1420624985        0.01736097     0.00710651     0.00000241
    7.2318995913        0.01610901     0.00662524     0.00000194
    7.3228666956        0.01493486     0.00616932     0.00000156
    7.4149780252        0.01383440     0.00573795     0.00000125
    7.5082479728        0.01280370     0.00533031     0.00000100
    7.6026911118        0.01183903     0.00494559     0.00000080
    7.6983221993        0.01093682     0.00458295     0.00000064
    7.7951561778        0.01009367     0.00424158     0.00000051
    7.8932081778        0.00930635     0.00392066     0.00000040
    7.9924935201        0.00857178     0.00361936     0.00000032
    8.0930277183        0.00788700     0.00333686     0.00000025
    8.1948264811        0.00724922     0.00307236     0.00000020
    8.2979057146        0.00665577     0.00282504     0.00000015
    8.4022815253        0.00610410     0.00259413     0.00000012
    8.5079702221        0.00559178     0.00237883     0.00000009
    8.6149883190        0.00511650     0.00217838     0.00000007
    8.7233525379        0.00467605     0.00199203     0.00000006
    8.8330798108        0.00426834     0.00181905     0.00000004
    8.9441872829        0.00389135     0.00165870     0.00000003
    9.0566923150        0.00354318     0.00151031     0.00000002
    9.1706124862        0.00322201     0.00137317     0.00000002
    9.2859655967        0.00292612     0.00124664     0.00000001
    9.4027696707        0.00265386     0.00113008     0.00000001
    9.5210429592        0.00240368     0.00102287     0.00000001
    9.6408039424        0.00217408     0.00092442     0.00000001
    9.7620713334        0.00196365     0.00083416     0.00000000
    9.8848640804        0.00177108     0.00075154     0.00000000
   10.0092013700        0.00159508     0.00067604     0.00000000
   10.1351026301        0.00143447     0.00060716     0.00000000
   10.2625875332        0.00128811     0.00054442     0.00000000
   10.3916759989        0.00115495     0.00048738     0.00000000
   10.5223881977        0.00103397     0.00043560     0.00000000
   10.6547445535        0.00092423     0.00038868     0.00000000
   10.7887657473        0.00082484     0.00034623     0.00000000
   10.9244727202        0.00073498     0.00030791     0.00000000
   11.0618866767        0.00065385     0.00027336     0.00000000
   11.2010290880        0.00058073     0.00024227     0.00000000
   11.3419216953        0.00051494     0.00021435     0.00000000
   11.4845865135        0.00045585     0.00018931     0.00000000
   11.6290458342        0.00040285     0.00016691     0.00000000
   11.7753222295        0.00035541     0.00014690     0.00000000
   11.9234385553        0.00031302     0.00012905     0.00000000
   12.0734179551        0.00027521     0.00011317     0.00000000
   12.2252838635        0.00024154     0.00009906     0.00000000
   12.3790600100        0.00021161     0.00008655     0.00000000
   12.5347704222        0.00018505     0.00007548     0.00000000
   12.6924394303        0.00016154     0.00006570     0.00000000
   12.8520916704        0.00014075     0.00005708     0.00000000
   13.0137520884        0.00012241     0.00004950     0.00000000
   13.1774459442        0.00010627     0.00004284     0.00000000
   13.3431988152        0.00009207     0.00003701     0.00000000
   13.5110366007        0.00007962     0.00003190     0.00000000
   13.6809855256        0.00006872     0.00002745     0.00000000
   13.8530721448        0.00005920     0.00002357     0.00000000
   14.0273233472        0.00005090     0.00002020     0.00000000
   14.2037663600        0.00004367     0.00001727     0.00000000
   14.3824287526        0.00003740     0.00001474     0.00000000
   14.5633384415        0.00003196     0.00001255     0.00000000
   14.7465236941        0.00002725     0.00001067     0.00000000
   14.9320131335        0.00002319     0.00000905     0.00000000
   15.1198357429        0.00001970     0.00000766     0.00000000
   15.3100208699        0.00001669     0.00000646     0.00000000
   15.5025982312        0.00001411     0.00000545     0.00000000
   15.6975979176        0.00001191     0.00000458     0.00000000
   15.8950503981        0.00001003     0.00000384     0.00000000
   16.0949865250        0.00000842     0.00000321     0.00000000
   16.2974375389        0.00000706     0.00000268     0.00000000
   16.5024350729        0.00000591     0.00000224     0.00000000
   16.7100111586        0.00000493     0.00000186     0.00000000
   16.9201982300        0.00000410     0.00000154     0.00000000
   17.1330291292        0.00000341     0.00000127     0.00000000
   17.3485371116        0.00000282     0.00000105     0.00000000
   17.5667558508        0.00000233     0.00000087     0.00000000
   17.7877194437        0.00000192     0.00000071     0.00000000
   18.0114624165        0.00000158     0.00000058     0.00000000
   18.2380197295        0.00000130     0.00000048     0.00000000
   18.4674267826        0.00000106     0.00000039     0.00000000
   18.6997194213        0.00000087     0.00000032     0.00000000
   18.9349339416        0.00000071     0.00000026     0.00000000
   19.1731070964        0.00000057     0.00000021     0.00000000
   19.4142761006        0.00000047     0.00000017     0.00000000
   19.6584786375        0.00000038     0.00000013     0.00000000
   19.9057528642        0.00000030     0.00000011     0.00000000
   20.1561374178        0.00000024     0.00000009     0.00000000
   20.4096714213        0.00000020     0.00000007     0.00000000
   20.6663944900        0.00000016     0.00000005     0.00000000
   20.9263467374        0.00000012     0.00000004     0.00000000
   21.1895687815        0.00000010     0.00000003     0.00000000
   21.4561017514        0.00000008     0.00000003     0.00000000
   21.7259872933        0.00000006     0.00000002     0.00000000
   21.9992675774        0.00000005     0.00000002     0.00000000
   22.2759853043        0.00000004     0.00000001     0.00000000
   22.5561837117        0.00000003     0.00000001     0.00000000
   22.8399065813        0.00000002     0.00000001     0.00000000
   23.1271982452        0.00000002     0.00000001     0.00000000
   23.4181035933        0.00000001     0.00000000     0.00000000
   23.7126680803        0.00000001     0.00000000     0.00000000
   24.0109377324        0.00000001     0.00000000     0.00000000
   24.3129591549        0.00000001     0.00000000     0.00000000
   24.6187795392        0.00000000     0.00000000     0.00000000
   24.9284466704        0.00000000     0.00000000     0.00000000
   25.2420089346        0.00000000     0.00000000     0.00000000
   25.5595153266        0.00000000     0.00000000     0.00000000
   25.8810154573        0.00000000     0.00000000     0.00000000
   26.2065595618        0.00000000     0.00000000     0.00000000
   26.5361985071        0.00000000     0.00000000     0.00000000
   26.8699837998        0.00000000     0.00000000     0.00000000
   27.2079675947        0.00000000     0.00000000     0.00000000
   27.5502027024        0.00000000     0.00000000     0.00000000
   27.8967425978        0.00000000     0.00000000     0.00000000
   28.2476414285        0.00000000     0.00000000     0.00000000
   28.6029540231        0.00000000     0.00000000     0.00000000
   28.9627358999        0.00000000     0.00000000     0.00000000
   29.3270432757        0.00000000     0.00000000     0.00000000
   29.6959330742        0.00000000     0.00000000     0.00000000
   30.0694629351        0.00000000     0.00000000     0.00000000
   30.4476912232        0.00000000     0.00000000     0.00000000
   30.8306770376        0.00000000     0.00000000     0.00000000
   31.2184802204        0.00000000     0.00000000     0.00000000
   31.6111613668        0.00000000     0.00000000     0.00000000
   32.0087818340        0.00000000     0.00000000     0.00000000
   32.4114037509        0.00000000     0.00000000     0.00000000
   32.8190900281        0.00000000     0.00000000     0.00000000
   33.2319043674        0.00000000     0.00000000     0.00000000
   33.6499112719        0.00000000     0.00000000     0.00000000
   34.0731760559        0.00000000     0.00000000     0.00000000
   34.5017648555        0.00000000     0.00000000     0.00000000
   34.9357446386        0.00000000     0.00000000     0.00000000
   35.3751832154        0.00000000     0.00000000     0.00000000
   35.8201492489        0.00000000     0.00000000     0.00000000
   36.2707122662        0.00000000     0.00000000     0.00000000
   36.7269426686        0.00000000     0.00000000     0.00000000
   37.1889117429        0.00000000     0.00000000     0.00000000
   37.6566916729        0.00000000     0.00000000     0.00000000
   38.1303555501        0.00000000     0.00000000     0.00000000
   38.6099773854        0.00000000     0.00000000     0.00000000
   39.0956321207        0.00000000     0.00000000     0.00000000
   39.5873956405        0.00000000     0.00000000     0.00000000
   40.0853447840        0.00000000     0.00000000     0.00000000
   40.5895573566        0.00000000     0.00000000     0.00000000
   41.1001121426        0.00000000     0.00000000     0.00000000
   41.6170889173        0.00000000     0.00000000     0.00000000
   42.1405684593        0.00000000     0.00000000     0.00000000
   42.6706325633        0.00000000     0.00000000     0.00000000
   43.2073640530        0.00000000     0.00000000     0.00000000
   43.7508467937        0.00000000     0.00000000     0.00000000
   44.3011657057        0.00000000     0.00000000     0.00000000
   44.8584067775        0.00000000     0.00000000     0.00000000
   45.4226570791        0.00000000     0.00000000     0.00000000
   45.9940047758        0.00000000     0.00000000     0.00000000
   46.5725391418        0.00000000     0.00000000     0.00000000
   47.1583505743        0.00000000     0.00000000     0.00000000
   47.7515306075        0.00000000     0.00000000     0.00000000
   48.3521719270        0.00000000     0.00000000     0.00000000
   48.9603683842        0.00000000     0.00000000     0.00000000
   49.5762150111        0.00000000     0.00000000     0.00000000
   50.1998080350        0.00000000     0.00000000     0.00000000
   50.8312448935        0.00000000     0.00000000     0.00000000
   51.4706242499        0.00000000     0.00000000     0.00000000
   52.1180460086        0.00000000     0.00000000     0.00000000
   52.7736113304        0.00000000     0.00000000     0.00000000
   53.4374226490        0.00000000     0.00000000     0.00000000
   54.1095836860        0.00000000     0.00000000     0.00000000
   54.7901994680        0.00000000     0.00000000     0.00000000
   55.4793763427        0.00000000     0.00000000     0.00000000
   56.1772219953        0.00000000     0.00000000     0.00000000
   56.8838454656        0.00000000     0.00000000     0.00000000
   57.5993571650        0.00000000     0.00000000     0.00000000
   58.3238688937        0.00000000     0.00000000     0.00000000
   59.0574938580        0.00000000     0.00000000     0.00000000
   59.8003466884        0.00000000     0.00000000     0.00000000
   60.5525434571        0.00000000     0.00000000     0.00000000
   61.3142016964        0.00000000     0.00000000     0.00000000
   62.0854404169        0.00000000     0.00000000     0.00000000
   62.8663801264        0.00000000     0.00000000     0.00000000
   63.6571428481        0.00000000     0.00000000     0.00000000
   64.4578521404        0.00000000     0.00000000     0.00000000
   65.2686331157        0.00000000     0.00000000     0.00000000
   66.0896124603        0.00000000     0.00000000     0.00000000
   66.9209184537        0.00000000     0.00000000     0.00000000
   67.7626809893        0.00000000     0.00000000     0.00000000
   68.6150315941        0.00000000     0.00000000     0.00000000
   69.4781034498        0.00000000     0.00000000     0.00000000
   70.3520314129        0.00000000     0.00000000     0.00000000
   71.2369520366        0.00000000     0.00000000     0.00000000
   72.1330035915        0.00000000     0.00000000     0.00000000
   73.0403260874        0.00000000     0.00000000     0.00000000
   73.9590612954        0.00000000     0.00000000     0.00000000
   74.8893527696        0.00000000     0.00000000     0.00000000
   75.8313458701        0.00000000     0.00000000     0.00000000
   76.7851877852        0.00000000     0.00000000     0.00000000
   77.7510275546        0.00000000     0.00000000     0.00000000
   78.7290160927        0.00000000     0.00000000     0.00000000
   79.7193062122        0.00000000     0.00000000     0.00000000
   80.7220526480        0.00000000     0.00000000     0.00000000
   81.7374120813        0.00000000     0.00000000     0.00000000
   82.7655431640        0.00000000     0.00000000     0.00000000
   83.8066065436        0.00000000     0.00000000     0.00000000
   84.8607648886        0.00000000     0.00000000     0.00000000
   85.9281829132        0.00000000     0.00000000     0.00000000
   87.0090274038        0.00000000     0.00000000     0.00000000
   88.1034672443        0.00000000     0.00000000     0.00000000
   89.2116734434        0.00000000     0.00000000     0.00000000
   90.3338191604        0.00000000     0.00000000     0.00000000
   91.4700797330        0.00000000     0.00000000     0.00000000
   92.6206327041        0.00000000     0.00000000     0.00000000
   93.7856578500        0.00000000     0.00000000     0.00000000
   94.9653372082        0.00000000     0.00000000     0.00000000
   96.1598551061        0.00000000     0.00000000     0.00000000
   97.3693981895        0.00000000     0.00000000     0.00000000
   98.5941554519        0.00000000     0.00000000     0.00000000
   99.8343182642        0.00000000     0.00000000     0.00000000
  101.0900804044        0.00000000     0.00000000     0.00000000
  102.3616380878        0.00000000     0.00000000     0.00000000
  103.6491899978        0.00000000     0.00000000     0.00000000
  104.9529373172        0.00000000     0.00000000     0.00000000
  106.2730837591        0.00000000     0.00000000     0.00000000
  107.6098355990        0.00000000     0.00000000     0.00000000
  108.9634017071        0.00000000     0.00000000     0.00000000
  110.3339935810        0.00000000     0.00000000     0.00000000
  111.7218253783        0.00000000     0.00000000     0.00000000
  113.1271139506        0.00000000     0.00000000     0.00000000
  114.5500788772        0.00000000     0.00000000     0.00000000
  115.9909424991        0.00000000     0.00000000     0.00000000
  117.4499299542        0.00000000     0.00000000     0.00000000
  118.9272692123        0.00000000     0.00000000     0.00000000
