    -2.186988       1.198990      -0.186988
    -2.106988       1.169608      -0.186988
    -2.026988       1.139733      -0.186988
    -1.946988       1.109343      -0.186988
    -1.866988       1.078417      -0.186988
    -1.786988       1.046933      -0.186988
    -1.706988       1.014866      -0.186988
    -1.626988       0.982189      -0.186988
    -1.546988       0.948877      -0.186988
    -1.466988       0.914897      -0.186988
    -1.386988       0.880221      -0.186988
    -1.306988       0.844812      -0.186988
    -1.226988       0.808636      -0.186988
    -1.146988       0.771654      -0.186988
    -1.066988       0.733825      -0.186988
    -0.986988       0.695103      -0.186988
    -0.906988       0.655441      -0.186988
    -0.826988       0.614787      -0.186988
    -0.746988       0.573085      -0.186988
    -0.666988       0.530275      -0.186988
    -0.586988       0.486290      -0.186988
    -0.506988       0.441061      -0.186988
    -0.426988       0.394510      -0.186988
    -0.346988       0.346552      -0.186988
    -0.266988       0.297096      -0.186988
    -0.186988       0.246041      -0.186988
    -0.106988       0.193278      -0.186988
    -0.026988       0.138684      -0.186988
     0.053012       0.082128      -0.186988
     0.133012       0.023461      -0.186988
     0.213012      -0.037479      -0.186988
     0.293012      -0.100872      -0.186988
     0.373012      -0.166920      -0.186988
     0.453012      -0.235847      -0.186988
     0.533012      -0.307904      -0.186988
     0.613012      -0.383374      -0.186988
     0.693012      -0.462576      -0.186988
     0.773012      -0.545869      -0.186988
     0.853012      -0.633665      -0.186988
     0.933012      -0.726431      -0.186988
     1.013012      -0.824705      -0.186988
     1.093012      -0.929104      -0.186988
     1.173012      -1.040348      -0.186988
     1.253012      -1.159272      -0.186988
     1.333012      -1.286856      -0.186988
     1.413012      -1.424260      -0.186988
     1.493012      -1.572858      -0.186988
     1.573012      -1.734305      -0.186988
     1.653012      -1.910594      -0.186988
     1.733012      -2.104164      -0.186988
     1.813012      -2.318024      -0.186988
