    -2.000000       1.581826       0.000000
    -1.920000       1.557342       0.000000
    -1.840000       1.532540       0.000000
    -1.760000       1.507409       0.000000
    -1.680000       1.481937       0.000000
    -1.600000       1.456112       0.000000
    -1.520000       1.429923       0.000000
    -1.440000       1.403357       0.000000
    -1.360000       1.376399       0.000000
    -1.280000       1.349035       0.000000
    -1.200000       1.321251       0.000000
    -1.120000       1.293030       0.000000
    -1.040000       1.264354       0.000000
    -0.960000       1.235208       0.000000
    -0.880000       1.205570       0.000000
    -0.800000       1.175422       0.000000
    -0.720000       1.144742       0.000000
    -0.640000       1.113508       0.000000
    -0.560000       1.081694       0.000000
    -0.480000       1.049278       0.000000
    -0.400000       1.016230       0.000000
    -0.320000       0.982522       0.000000
    -0.240000       0.948124       0.000000
    -0.160000       0.913002       0.000000
    -0.080000       0.877121       0.000000
     0.000000       0.840444       0.000000
     0.080000       0.802930       0.000000
     0.160000       0.764537       0.000000
     0.240000       0.725217       0.000000
     0.320000       0.684920       0.000000
     0.400000       0.643594       0.000000
     0.480000       0.601178       0.000000
     0.560000       0.557612       0.000000
     0.640000       0.512826       0.000000
     0.720000       0.466747       0.000000
     0.800000       0.419294       0.000000
     0.880000       0.370380       0.000000
     0.960000       0.319911       0.000000
     1.040000       0.267781       0.000000
     1.120000       0.213877       0.000000
     1.200000       0.158075       0.000000
     1.280000       0.100236       0.000000
     1.360000       0.040208       0.000000
     1.440000      -0.022174       0.000000
     1.520000      -0.087098       0.000000
     1.600000      -0.154769       0.000000
     1.680000      -0.225417       0.000000
     1.760000      -0.299301       0.000000
     1.840000      -0.376706       0.000000
     1.920000      -0.457961       0.000000
     2.000000      -0.543429       0.000000
