    -2.000000       1.950907       0.000000
    -1.920000       1.931929       0.000000
    -1.840000       1.912806       0.000000
    -1.760000       1.893534       0.000000
    -1.680000       1.874111       0.000000
    -1.600000       1.854534       0.000000
    -1.520000       1.834799       0.000000
    -1.440000       1.814903       0.000000
    -1.360000       1.794843       0.000000
    -1.280000       1.774615       0.000000
    -1.200000       1.754216       0.000000
    -1.120000       1.733642       0.000000
    -1.040000       1.712890       0.000000
    -0.960000       1.691955       0.000000
    -0.880000       1.670833       0.000000
    -0.800000       1.649520       0.000000
    -0.720000       1.628013       0.000000
    -0.640000       1.606305       0.000000
    -0.560000       1.584393       0.000000
    -0.480000       1.562272       0.000000
    -0.400000       1.539937       0.000000
    -0.320000       1.517383       0.000000
    -0.240000       1.494605       0.000000
    -0.160000       1.471596       0.000000
    -0.080000       1.448352       0.000000
     0.000000       1.424866       0.000000
     0.080000       1.401132       0.000000
     0.160000       1.377144       0.000000
     0.240000       1.352895       0.000000
     0.320000       1.328379       0.000000
     0.400000       1.303588       0.000000
     0.480000       1.278514       0.000000
     0.560000       1.253151       0.000000
     0.640000       1.227490       0.000000
     0.720000       1.201522       0.000000
     0.800000       1.175240       0.000000
     0.880000       1.148634       0.000000
     0.960000       1.121695       0.000000
     1.040000       1.094413       0.000000
     1.120000       1.066777       0.000000
     1.200000       1.038776       0.000000
     1.280000       1.010401       0.000000
     1.360000       0.981639       0.000000
     1.440000       0.952478       0.000000
     1.520000       0.922905       0.000000
     1.600000       0.892906       0.000000
     1.680000       0.862469       0.000000
     1.760000       0.831579       0.000000
     1.840000       0.800219       0.000000
     1.920000       0.768375       0.000000
     2.000000       0.736028       0.000000
