    -2.656309       1.045514      -0.656309
    -2.576309       1.011491      -0.656309
    -2.496309       0.976745      -0.656309
    -2.416309       0.941241      -0.656309
    -2.336309       0.904939      -0.656309
    -2.256309       0.867798      -0.656309
    -2.176309       0.829773      -0.656309
    -2.096309       0.790816      -0.656309
    -2.016309       0.750875      -0.656309
    -1.936309       0.709892      -0.656309
    -1.856309       0.667806      -0.656309
    -1.776309       0.624552      -0.656309
    -1.696309       0.580056      -0.656309
    -1.616309       0.534239      -0.656309
    -1.536309       0.487017      -0.656309
    -1.456309       0.438294      -0.656309
    -1.376309       0.387968      -0.656309
    -1.296309       0.335925      -0.656309
    -1.216309       0.282040      -0.656309
    -1.136309       0.226176      -0.656309
    -1.056309       0.168180      -0.656309
    -0.976309       0.107881      -0.656309
    -0.896309       0.045093      -0.656309
    -0.816309      -0.020397      -0.656309
    -0.736309      -0.088825      -0.656309
    -0.656309      -0.160455      -0.656309
    -0.576309      -0.235589      -0.656309
    -0.496309      -0.314566      -0.656309
    -0.416309      -0.397772      -0.656309
    -0.336309      -0.485650      -0.656309
    -0.256309      -0.578707      -0.656309
    -0.176309      -0.677528      -0.656309
    -0.096309      -0.782794      -0.656309
    -0.016309      -0.895296      -0.656309
     0.063691      -1.015967      -0.656309
     0.143691      -1.145909      -0.656309
     0.223691      -1.286435      -0.656309
     0.303691      -1.439123      -0.656309
     0.383691      -1.605884      -0.656309
     0.463691      -1.789060      -0.656309
     0.543691      -1.991544      -0.656309
     0.623691      -2.216971      -0.656309
     0.703691      -2.469941      -0.656309
     0.783691      -2.756398      -0.656309
     0.863691      -3.084130      -0.656309
     0.943691      -3.463567      -0.656309
     1.023691      -3.908997      -0.656309
     1.103691      -4.440519      -0.656309
     1.183691      -5.087362      -0.656309
     1.263691      -5.893711      -0.656309
     1.343691      -6.929686      -0.656309
