  0.2500    -0.967922  0.000000
  0.5000    -0.882897  0.000000
  0.7500    -0.773459  0.000000
  1.0000    -0.672446  0.000000
  1.2500    -0.601855  0.000000
  1.5000    -0.562408  0.000000
  1.7500    -0.532724  0.000000
  2.0000    -0.478848  0.000000
  2.2500    -0.370317  0.000000
  2.5000    -0.195953  0.000000
  2.7500     0.027592  0.000000
  3.0000     0.258601  0.000000
  3.2500     0.443762  0.000000
  3.5000     0.537212  0.000000
  3.7500     0.517629  0.000000
  4.0000     0.396548  0.000000
  4.2500     0.214647  0.000000
  4.5000     0.027530  0.000000
  4.7500    -0.113333  0.000000
  5.0000    -0.177189  0.000000
  5.2500    -0.162058  0.000000
  5.5000    -0.091868  0.000000
  5.7500    -0.004632  0.000000
  6.0000     0.063089  0.000000
  6.2500     0.089200  0.000000
  6.5000     0.071911  0.000000
  6.7500     0.027005  0.000000
  7.0000    -0.021327  0.000000
  7.2500    -0.051644  0.000000
  7.5000    -0.053674  0.000000
  7.7500    -0.030916  0.000000
  8.0000     0.002878  0.000000
  8.2500     0.031082  0.000000
  8.5000     0.041822  0.000000
  8.7500     0.032539  0.000000
  9.0000     0.009913  0.000000
  9.2500    -0.014266  0.000000
  9.5000    -0.028984  0.000000
  9.7500    -0.028819  0.000000
 10.0000    -0.015686  0.000000
 10.2500     0.002915  0.000000
 10.5000     0.017956  0.000000
 10.7500     0.023134  0.000000
 11.0000     0.017386  0.000000
 11.2500     0.004716  0.000000
 11.5000    -0.008272  0.000000
 11.7500    -0.015720  0.000000
 12.0000    -0.015110  0.000000
 12.2500    -0.007993  0.000000
 12.5000     0.001270  0.000000
 12.7500     0.007926  0.000000
 13.0000     0.009143  0.000000
 13.2500     0.005138  0.000000
 13.5000    -0.001290  0.000000
 13.7500    -0.006416  0.000000
 14.0000    -0.007524  0.000000
 14.2500    -0.004172  0.000000
 14.5000     0.001777  0.000000
 14.7500     0.007236  0.000000
 15.0000     0.009496  0.000000
 15.2500     0.007519  0.000000
 15.5000     0.002327  0.000000
 15.7500    -0.003617  0.000000
 16.0000    -0.007672  0.000000
 16.2500    -0.008268  0.000000
 16.5000    -0.005543  0.000000
 16.7500    -0.001118  0.000000
 17.0000     0.002817  0.000000
 17.2500     0.004598  0.000000
 17.5000     0.003821  0.000000
 17.7500     0.001390  0.000000
 18.0000    -0.001089  0.000000
 18.2500    -0.002200  0.000000
 18.5000    -0.001440  0.000000
 18.7500     0.000602  0.000000
 19.0000     0.002636  0.000000
 19.2500     0.003410  0.000000
 19.5000     0.002376  0.000000
 19.7500    -0.000040  0.000000
 20.0000    -0.002692  0.000000
 20.2500    -0.004317  0.000000
 20.5000    -0.004170  0.000000
 20.7500    -0.002369  0.000000
 21.0000     0.000211  0.000000
 21.2500     0.002408  0.000000
 21.5000     0.003341  0.000000
 21.7500     0.002800  0.000000
 22.0000     0.001278  0.000000
 22.2500    -0.000345  0.000000
 22.5000    -0.001275  0.000000
 22.7500    -0.001185  0.000000
 23.0000    -0.000325  0.000000
 23.2500     0.000662  0.000000
 23.5000     0.001119  0.000000
