  0.0000     -0.11550    -1463548.878    
  0.0100     -0.11574    -599.5654271    
  0.0202     -0.11636    -296.5425741    
  0.0302     -0.11739    -198.5197872    
  0.0403     -0.11884    -148.8185768    
  0.0505     -0.12072    -118.7865810    
  0.0602     -0.12290    -99.69089363    
  0.0708     -0.12574    -84.72198193    
  0.0803     -0.12864    -74.75696879    
  0.0910     -0.13237    -65.96507130    
  0.1005     -0.13610    -59.68267195    
  0.1111     -0.14066    -53.99902764    
  0.1213     -0.14547    -49.47194546    
  0.1307     -0.15032    -45.89508879    
  0.1409     -0.15596    -42.57698803    
  0.1500     -0.16135    -39.99600377    
  0.1617     -0.16877    -37.10460295    
  0.1721     -0.17587    -34.85550447    
  0.1810     -0.18222    -33.15483036    
  0.1903     -0.18925    -31.53717061    
  0.2000     -0.19701    -29.99846975    
  0.2103     -0.20559    -28.53487076    
  0.2211     -0.21508    -27.14270530    
  0.2324     -0.22556    -25.81848447    
  0.2413     -0.23414    -24.86790519    
  0.2505     -0.24339    -23.95233530    
  0.2601     -0.25336    -23.07048461    
  0.2700     -0.26411    -22.22111054    
  0.2803     -0.27569    -21.40301635    
  0.2910     -0.28818    -20.61504945    
  0.3022     -0.30163    -19.85609978    
  0.3137     -0.31613    -19.12509820    
  0.3217     -0.32641    -18.65278046    
  0.3340     -0.34283    -17.96608964    
  0.3424     -0.35448    -17.52240173    
  0.3511     -0.36672    -17.08967356    
  0.3645     -0.38625    -16.46054019    
  0.3737     -0.40011    -16.05404105    
  0.3832     -0.41466    -15.65758266    
  0.3929     -0.42995    -15.27091689    
  0.4029     -0.44602    -14.89380177    
  0.4131     -0.46289    -14.52600131    
  0.4235     -0.48061    -14.16728535    
  0.4342     -0.49923    -13.81742942    
  0.4452     -0.51877    -13.47621460    
  0.4508     -0.52890    -13.30878068    
  0.4622     -0.54993    -12.98012888    
  0.4739     -0.57199    -12.65959428    
  0.4859     -0.59516    -12.34697636    
  0.4921     -0.60716    -12.19357483    
  0.5045     -0.63206    -11.89246668    
  0.5109     -0.64496    -11.74471296    
  0.5238     -0.67170    -11.45469070    
  0.5304     -0.68556    -11.31237680    
  0.5438     -0.71428    -11.03303215    
  0.5507     -0.72916    -10.89595772    
  0.5646     -0.75998    -10.62689747    
  0.5717     -0.77594    -10.49486957    
  0.5862     -0.80900    -10.23571497    
  0.5936     -0.82611    -10.10854775    
  0.6010     -0.84362    -9.982960644    
  0.6162     -0.87988    -9.736448486    
  0.6240     -0.89863    -9.615484881    
  0.6318     -0.91782    -9.496024294    
  0.6478     -0.95751    -9.261537681    
  0.6560     -0.97804    -9.146474989    
  0.6642     -0.99902    -9.032841974    
  0.6726     -1.02048    -8.920620870    
  0.6811     -1.04241    -8.809794128    
  0.6983     -1.08774    -8.592254629    
  0.7071     -1.11115    -8.485507858    
  0.7160     -1.13506    -8.380087414    
  0.7250     -1.15949    -8.275976816    
  0.7341     -1.18445    -8.173159783    
  0.7433     -1.20992    -8.071620240    
  0.7527     -1.23594    -7.971342312    
  0.7622     -1.26249    -7.872310319    
  0.7718     -1.28959    -7.774508777    
  0.7815     -1.31724    -7.677922396    
  0.7913     -1.34544    -7.582536075    
  0.8012     -1.37421    -7.488334899    
  0.8113     -1.40354    -7.395304141    
  0.8215     -1.43344    -7.303429257    
  0.8319     -1.46391    -7.212695881    
  0.8423     -1.49495    -7.123089828    
  0.8529     -1.52656    -7.034597090    
  0.8637     -1.55875    -6.947203831    
  0.8745     -1.59151    -6.860896389    
  0.8855     -1.62484    -6.775661269    
  0.8967     -1.65873    -6.691485148    
  0.9079     -1.69319    -6.608354864    
  0.9194     -1.72821    -6.526257421    
  0.9309     -1.76378    -6.445179986    
  0.9426     -1.79988    -6.365109883    
  0.9545     -1.83652    -6.286034595    
  0.9665     -1.87367    -6.207941759    
  0.9787     -1.91132    -6.130819167    
  0.9910     -1.94945    -6.054654763    
  1.0034     -1.98805    -5.979436640    
  1.0161     -2.02709    -5.905153040    
  1.0288     -2.06654    -5.831792350    
  1.0418     -2.10638    -5.759343102    
  1.0549     -2.14657    -5.687793970    
  1.0682     -2.18709    -5.617133769    
  1.0816     -2.22789    -5.547351455    
  1.0952     -2.26893    -5.478436117    
  1.1090     -2.31016    -5.410376984    
  1.1229     -2.35155    -5.343163416    
  1.1371     -2.39303    -5.276784906    
  1.1514     -2.43455    -5.211231079    
  1.1658     -2.47605    -5.146491687    
  1.1805     -2.51747    -5.082556610    
  1.1954     -2.55875    -5.019415855    
  1.2104     -2.59981    -4.957059551    
  1.2256     -2.64059    -4.895477951    
  1.2410     -2.68101    -4.834661429    
  1.2566     -2.72099    -4.774600478    
  1.2725     -2.76046    -4.715285712    
  1.2885     -2.79934    -4.656707857    
  1.3047     -2.83754    -4.598857758    
  1.3211     -2.87498    -4.541726371    
  1.3377     -2.91157    -4.485304768    
  1.3545     -2.94723    -4.429584128    
  1.3716     -2.98187    -4.374555742    
  1.3888     -3.01540    -4.320211010    
  1.4063     -3.04773    -4.266541435    
  1.4240     -3.07876    -4.213538630    
  1.4419     -3.10839    -4.161194310    
  1.4600     -3.13652    -4.109500293    
  1.4784     -3.16306    -4.058448500    
  1.4970     -3.18789    -4.008030950    
  1.5158     -3.21092    -3.958239764    
  1.5349     -3.23203    -3.909067158    
  1.5542     -3.25112    -3.860505448    
  1.5738     -3.26808    -3.812547042    
  1.5935     -3.28277    -3.765184446    
  1.6136     -3.29526    -3.718410256    
  1.6339     -3.30492    -3.672217161    
  1.6544     -3.31089    -3.626597942    
  1.6753     -3.31392    -3.581545469    
  1.6963     -3.31456    -3.537052699    
  1.7177     -3.31258    -3.493112680    
  1.7393     -3.30802    -3.449718542    
  1.7612     -3.30086    -3.406863505    
  1.7833     -3.29110    -3.364540869    
  1.8057     -3.27873    -3.322744020    
  1.8285     -3.26375    -3.281466426    
  1.8515     -3.24619    -3.240701635    
  1.8747     -3.22606    -3.200443276    
  1.8983     -3.20340    -3.160685056    
  1.9222     -3.17825    -3.121420763    
  1.9464     -3.15069    -3.082644258    
  1.9709     -3.12080    -3.044349483    
  1.9957     -3.08869    -3.006530451    
  2.0208     -3.05451    -2.969181252    
  2.0462     -3.01844    -2.932296049    
  2.0719     -2.98068    -2.895869077    
  2.0980     -2.94151    -2.859894642    
  2.1244     -2.90126    -2.824367123    
  2.1511     -2.86019    -2.789280967    
  2.1782     -2.81860    -2.754630690    
  2.2055     -2.77684    -2.720410878    
  2.2333     -2.73520    -2.686616181    
  2.2614     -2.69401    -2.653241319    
  2.2898     -2.65358    -2.620281075    
  2.3186     -2.61421    -2.587730298    
  2.3478     -2.57612    -2.555583902    
  2.3773     -2.53951    -2.523836861    
  2.4072     -2.50449    -2.492484214    
  2.4375     -2.47102    -2.461521062    
  2.4682     -2.43895    -2.430942566    
  2.4992     -2.40790    -2.400743946    
  2.5307     -2.37740    -2.370920484    
  2.5625     -2.34734    -2.341467518    
  2.5947     -2.31769    -2.312380445    
  2.6274     -2.28845    -2.283654719    
  2.6604     -2.25961    -2.255285852    
  2.6939     -2.23117    -2.227269410    
  2.7278     -2.20312    -2.199601014    
  2.7621     -2.17544    -2.172276340    
  2.7968     -2.14814    -2.145291119    
  2.8320     -2.12119    -2.118641132    
  2.8676     -2.09461    -2.092322215    
  2.9037     -2.06838    -2.066330256    
  2.9402     -2.04250    -2.040661191    
  2.9772     -2.01695    -2.015311010    
  3.0147     -1.99174    -1.990275750    
  3.0526     -1.96686    -1.965551500    
  3.0910     -1.94230    -1.941134396    
  3.1299     -1.91806    -1.917020621    
  3.1692     -1.89413    -1.893206407    
  3.2091     -1.87051    -1.869688034    
  3.2495     -1.84719    -1.846461824    
  3.2903     -1.82417    -1.823524150    
  3.3317     -1.80144    -1.800871425    
  3.3736     -1.77900    -1.778500111    
  3.4161     -1.75685    -1.756406711    
  3.4590     -1.73498    -1.734587772    
  3.5025     -1.71338    -1.713039885    
  3.5466     -1.69206    -1.691759682    
  3.5912     -1.67096    -1.670743837    
  3.6364     -1.65014    -1.649989068    
  3.6821     -1.62960    -1.629492129    
  3.7284     -1.60932    -1.609249819    
  3.7753     -1.58931    -1.589258973    
  3.8228     -1.56955    -1.569516468    
  3.8709     -1.55004    -1.550019219    
  3.9196     -1.53078    -1.530764178    
  3.9689     -1.51176    -1.511748337    
  4.0188     -1.49298    -1.492968724    
  4.0694     -1.47443    -1.474422404    
  4.1206     -1.45611    -1.456106479    
  4.1724     -1.43802    -1.438018088    
  4.2249     -1.42016    -1.420154402    
  4.2780     -1.40251    -1.402512631    
  4.3318     -1.38509    -1.385090018    
  4.3863     -1.36788    -1.367883839    
  4.4415     -1.35089    -1.350891407    
  4.4974     -1.33411    -1.334110067    
  4.5540     -1.31754    -1.317537194    
  4.6112     -1.30117    -1.301170200    
  4.6692     -1.28501    -1.285006528    
  4.7280     -1.26904    -1.269043650    
  4.7874     -1.25328    -1.253279074    
  4.8477     -1.23771    -1.237710334    
  4.9086     -1.22234    -1.222334999    
  4.9704     -1.20715    -1.207150666    
  5.0329     -1.19215    -1.192154961    
  5.0962     -1.17735    -1.177345542    
  5.1603     -1.16272    -1.162720094    
  5.2252     -1.14828    -1.148276332    
  5.2909     -1.13401    -1.134011999    
  5.3575     -1.11992    -1.119924865    
  5.4249     -1.10601    -1.106012730    
  5.4931     -1.09227    -1.092273419    
  5.5622     -1.07870    -1.078704786    
  5.6322     -1.06530    -1.065304710    
  5.7030     -1.05207    -1.052071096    
  5.7748     -1.03900    -1.039001878    
  5.8474     -1.02610    -1.026095013    
  5.9210     -1.01335    -1.013348484    
  5.9954     -1.00076    -1.000760299    
  6.0709     -0.98833   -0.9883284914    
  6.1472     -0.97605   -0.9760511180    
  6.2245     -0.96393   -0.9639262606    
  6.3028     -0.95195   -0.9519520243    
  6.3821     -0.94013   -0.9401265382    
  6.4624     -0.92845   -0.9284479543    
  6.5437     -0.91691   -0.9169144477    
  6.6260     -0.90552   -0.9055242160    
  6.7093     -0.89428   -0.8942754795    
  6.7937     -0.88317   -0.8831664803    
  6.8792     -0.87220   -0.8721954826    
  6.9657     -0.86136   -0.8613607719    
  7.0533     -0.85066   -0.8506606553    
  7.1421     -0.84009   -0.8400934606    
  7.2319     -0.82966   -0.8296575366    
  7.3229     -0.81935   -0.8193512526    
  7.4150     -0.80917   -0.8091729982    
  7.5082     -0.79912   -0.7991211827    
  7.6027     -0.78919   -0.7891942355    
  7.6983     -0.77939   -0.7793906055    
  7.7952     -0.76971   -0.7697087606    
  7.8932     -0.76015   -0.7601471879    
  7.9925     -0.75070   -0.7507043934    
  8.0930     -0.74138   -0.7413789015    
  8.1948     -0.73217   -0.7321692551    
  8.2979     -0.72307   -0.7230740149    
  8.4023     -0.71409   -0.7140917597    
  8.5080     -0.70522   -0.7052210860    
  8.6150     -0.69646   -0.6964606077    
  8.7234     -0.68781   -0.6878089558    
  8.8331     -0.67926   -0.6792647784    
  8.9442     -0.67083   -0.6708267403    
  9.0567     -0.66249   -0.6624935232    
  9.1706     -0.65426   -0.6542638247    
  9.2860     -0.64614   -0.6461363590    
  9.4028     -0.63811   -0.6381098559    
  9.5210     -0.63018   -0.6301830614    
  9.6408     -0.62235   -0.6223547368    
  9.7621     -0.61462   -0.6146236588    
  9.8849     -0.60699   -0.6069886193    
 10.0092     -0.59945   -0.5994484253    
 10.1351     -0.59200   -0.5920018986    
 10.2626     -0.58465   -0.5846478757    
 10.3917     -0.57739   -0.5773852072    
 10.5224     -0.57021   -0.5702127585    
 10.6547     -0.56313   -0.5631294087    
 10.7888     -0.55613   -0.5561340510    
 10.9245     -0.54923   -0.5492255923    
 11.0619     -0.54240   -0.5424029531    
 11.2010     -0.53567   -0.5356650673    
 11.3419     -0.52901   -0.5290108820    
 11.4846     -0.52244   -0.5224393576    
 11.6290     -0.51595   -0.5159494670    
 11.7753     -0.50954   -0.5095401963    
 11.9234     -0.50321   -0.5032105439    
 12.0734     -0.49696   -0.4969595207    
 12.2253     -0.49079   -0.4907861500    
 12.3791     -0.48469   -0.4846894671    
 12.5348     -0.47867   -0.4786685195    
 12.6924     -0.47272   -0.4727223662    
 12.8521     -0.46685   -0.4668500781    
 13.0138     -0.46105   -0.4610507377    
 13.1774     -0.45532   -0.4553234387    
 13.3432     -0.44967   -0.4496672862    
 13.5110     -0.44408   -0.4440813964    
 13.6810     -0.43856   -0.4385648964    
 13.8531     -0.43312   -0.4331169243    
 14.0273     -0.42774   -0.4277366288    
 14.2038     -0.42242   -0.4224231692    
 14.3824     -0.41718   -0.4171757151    
 14.5633     -0.41199   -0.4119934467    
 14.7465     -0.40688   -0.4068755542    
 14.9320     -0.40182   -0.4018212378    
 15.1198     -0.39683   -0.3968297078    
 15.3100     -0.39190   -0.3919001843    
 15.5026     -0.38703   -0.3870318969    
 15.6976     -0.38222   -0.3822240850    
 15.8951     -0.37748   -0.3774759972    
 16.0950     -0.37279   -0.3727868918    
 16.2974     -0.36816   -0.3681560359    
 16.5024     -0.36358   -0.3635827060    
 16.7100     -0.35907   -0.3590661875    
 16.9202     -0.35461   -0.3546057746    
 17.1330     -0.35020   -0.3502007704    
 17.3485     -0.34585   -0.3458504865    
 17.5668     -0.34155   -0.3415542432    
 17.7877     -0.33731   -0.3373113692    
 18.0115     -0.33312   -0.3331212014    
 18.2380     -0.32898   -0.3289830853    
 18.4674     -0.32490   -0.3248963741    
 18.6997     -0.32086   -0.3208604292    
 18.9349     -0.31687   -0.3168746201    
 19.1731     -0.31294   -0.3129383240    
 19.4143     -0.30905   -0.3090509257    
 19.6585     -0.30521   -0.3052118178    
 19.9058     -0.30142   -0.3014204005    
 20.1561     -0.29768   -0.2976760813    
 20.4097     -0.29398   -0.2939782751    
 20.6664     -0.29033   -0.2903264042    
 20.9263     -0.28672   -0.2867198979    
 21.1896     -0.28316   -0.2831581927    
 21.4561     -0.27964   -0.2796407320    
 21.7260     -0.27617   -0.2761669663    
 21.9993     -0.27274   -0.2727363526    
 22.2760     -0.26935   -0.2693483551    
 22.5562     -0.26600   -0.2660024442    
 22.8399     -0.26270   -0.2626980972    
 23.1272     -0.25943   -0.2594347978    
 23.4181     -0.25621   -0.2562120360    
 23.7127     -0.25303   -0.2530293082    
 24.0109     -0.24989   -0.2498861172    
 24.3130     -0.24678   -0.2467819718    
 24.6188     -0.24372   -0.2437163869    
 24.9284     -0.24069   -0.2406888836    
 25.2420     -0.23770   -0.2376989888    
 25.5595     -0.23475   -0.2347462353    
 25.8810     -0.23183   -0.2318301618    
 26.2066     -0.22895   -0.2289503125    
 26.5362     -0.22611   -0.2261062374    
