  0.2500    -0.984122  0.000000
  0.5000    -0.935912  0.000000
  0.7500    -0.854178  0.000000
  1.0000    -0.738513  0.000000
  1.2500    -0.591051  0.000000
  1.5000    -0.417941  0.000000
  1.7500    -0.229960  0.000000
  2.0000    -0.041956  0.000000
  2.2500     0.128903  0.000000
  2.5000     0.265812  0.000000
  2.7500     0.355435  0.000000
  3.0000     0.390734  0.000000
  3.2500     0.372800  0.000000
  3.5000     0.311062  0.000000
  3.7500     0.221592  0.000000
  4.0000     0.123765  0.000000
  4.2500     0.036045  0.000000
  4.5000    -0.027968  0.000000
  4.7500    -0.062106  0.000000
  5.0000    -0.068082  0.000000
  5.2500    -0.053794  0.000000
  5.5000    -0.030134  0.000000
  5.7500    -0.007405  0.000000
  6.0000     0.007495  0.000000
  6.2500     0.012341  0.000000
  6.5000     0.009119  0.000000
  6.7500     0.002262  0.000000
  7.0000    -0.003600  0.000000
  7.2500    -0.005502  0.000000
  7.5000    -0.003003  0.000000
  7.7500     0.002113  0.000000
  8.0000     0.006993  0.000000
  8.2500     0.009158  0.000000
  8.5000     0.007584  0.000000
  8.7500     0.003029  0.000000
  9.0000    -0.002458  0.000000
  9.2500    -0.006545  0.000000
  9.5000    -0.007658  0.000000
  9.7500    -0.005598  0.000000
 10.0000    -0.001502  0.000000
 10.2500     0.002774  0.000000
 10.5000     0.005515  0.000000
 10.7500     0.005850  0.000000
 11.0000     0.004005  0.000000
 11.2500     0.001043  0.000000
 11.5000    -0.001718  0.000000
 11.7500    -0.003311  0.000000
 12.0000    -0.003469  0.000000
 12.2500    -0.002598  0.000000
 12.5000    -0.001446  0.000000
 12.7500    -0.000673  0.000000
 13.0000    -0.000532  0.000000
 13.2500    -0.000815  0.000000
 13.5000    -0.001034  0.000000
 13.7500    -0.000730  0.000000
 14.0000     0.000258  0.000000
 14.2500     0.001695  0.000000
 14.5000     0.003049  0.000000
 14.7500     0.003743  0.000000
 15.0000     0.003415  0.000000
 15.2500     0.002086  0.000000
 15.5000     0.000158  0.000000
 15.7500    -0.001754  0.000000
 16.0000    -0.003064  0.000000
 16.2500    -0.003441  0.000000
 16.5000    -0.002908  0.000000
 16.7500    -0.001790  0.000000
 17.0000    -0.000545  0.000000
 17.2500     0.000446  0.000000
 17.5000     0.001012  0.000000
 17.7500     0.001213  0.000000
 18.0000     0.001241  0.000000
 18.2500     0.001271  0.000000
 18.5000     0.001348  0.000000
 18.7500     0.001364  0.000000
 19.0000     0.001147  0.000000
 19.2500     0.000588  0.000000
 19.5000    -0.000262  0.000000
 19.7500    -0.001184  0.000000
 20.0000    -0.001876  0.000000
 20.2500    -0.002094  0.000000
 20.5000    -0.001761  0.000000
 20.7500    -0.001000  0.000000
 21.0000    -0.000077  0.000000
 21.2500     0.000723  0.000000
 21.5000     0.001206  0.000000
 21.7500     0.001324  0.000000
 22.0000     0.001163  0.000000
 22.2500     0.000868  0.000000
 22.5000     0.000565  0.000000
 22.7500     0.000309  0.000000
 23.0000     0.000088  0.000000
 23.2500    -0.000146  0.000000
 23.5000    -0.000423  0.000000
