  0.0000     0.00000000    2.9772
  0.0100     0.00000000    2.9772
  0.0202     0.00000000    2.9772
  0.0302     0.00000000    2.9772
  0.0403     0.00000000    2.9772
  0.0505     0.00000000    2.9772
  0.0602     0.00000000    2.9772
  0.0708     0.00000000    2.9772
  0.0803     0.00000001    2.9772
  0.0910     0.00000001    2.9772
  0.1005     0.00000001    2.9772
  0.1111     0.00000001    2.9772
  0.1213     0.00000002    2.9772
  0.1307     0.00000002    2.9772
  0.1409     0.00000003    2.9772
  0.1500     0.00000003    2.9772
  0.1617     0.00000004    2.9772
  0.1721     0.00000005    2.9772
  0.1810     0.00000006    2.9772
  0.1903     0.00000007    2.9772
  0.2000     0.00000008    2.9772
  0.2103     0.00000009    2.9772
  0.2211     0.00000010    2.9772
  0.2324     0.00000012    2.9772
  0.2413     0.00000013    2.9772
  0.2505     0.00000015    2.9772
  0.2601     0.00000017    2.9772
  0.2700     0.00000019    2.9772
  0.2803     0.00000021    2.9772
  0.2910     0.00000023    2.9772
  0.3022     0.00000026    2.9772
  0.3137     0.00000029    2.9772
  0.3217     0.00000031    2.9772
  0.3340     0.00000035    2.9772
  0.3424     0.00000037    2.9772
  0.3511     0.00000040    2.9772
  0.3645     0.00000045    2.9772
  0.3737     0.00000048    2.9772
  0.3832     0.00000052    2.9772
  0.3929     0.00000056    2.9772
  0.4029     0.00000060    2.9772
  0.4131     0.00000065    2.9772
  0.4235     0.00000069    2.9772
  0.4342     0.00000074    2.9772
  0.4452     0.00000080    2.9772
  0.4508     0.00000083    2.9772
  0.4622     0.00000089    2.9772
  0.4739     0.00000096    2.9772
  0.4859     0.00000103    2.9772
  0.4921     0.00000106    2.9772
  0.5045     0.00000114    2.9772
  0.5109     0.00000118    2.9772
  0.5238     0.00000127    2.9772
  0.5304     0.00000131    2.9772
  0.5438     0.00000141    2.9772
  0.5507     0.00000146    2.9772
  0.5646     0.00000156    2.9772
  0.5717     0.00000162    2.9772
  0.5862     0.00000173    2.9772
  0.5936     0.00000179    2.9772
  0.6010     0.00000185    2.9772
  0.6162     0.00000199    2.9772
  0.6240     0.00000205    2.9772
  0.6318     0.00000213    2.9772
  0.6478     0.00000227    2.9772
  0.6560     0.00000235    2.9772
  0.6642     0.00000243    2.9772
  0.6726     0.00000251    2.9772
  0.6811     0.00000260    2.9772
  0.6983     0.00000278    2.9772
  0.7071     0.00000287    2.9772
  0.7160     0.00000297    2.9772
  0.7250     0.00000307    2.9772
  0.7341     0.00000317    2.9772
  0.7433     0.00000327    2.9772
  0.7527     0.00000338    2.9772
  0.7622     0.00000349    2.9772
  0.7718     0.00000361    2.9772
  0.7815     0.00000373    2.9772
  0.7913     0.00000385    2.9772
  0.8012     0.00000397    2.9772
  0.8113     0.00000410    2.9772
  0.8215     0.00000423    2.9772
  0.8319     0.00000436    2.9772
  0.8423     0.00000450    2.9772
  0.8529     0.00000464    2.9772
  0.8637     0.00000479    2.9772
  0.8745     0.00000494    2.9772
  0.8855     0.00000509    2.9772
  0.8967     0.00000525    2.9772
  0.9079     0.00000541    2.9772
  0.9194     0.00000558    2.9772
  0.9309     0.00000575    2.9772
  0.9426     0.00000592    2.9772
  0.9545     0.00000610    2.9772
  0.9665     0.00000628    2.9772
  0.9787     0.00000647    2.9772
  0.9910     0.00000666    2.9772
  1.0034     0.00000685    2.9772
  1.0161     0.00000705    2.9772
  1.0288     0.00000726    2.9772
  1.0418     0.00000746    2.9772
  1.0549     0.00000768    2.9772
  1.0682     0.00000789    2.9772
  1.0816     0.00000811    2.9772
  1.0952     0.00000834    2.9772
  1.1090     0.00000857    2.9772
  1.1229     0.00000880    2.9772
  1.1371     0.00000904    2.9772
  1.1514     0.00000929    2.9772
  1.1658     0.00000954    2.9772
  1.1805     0.00000979    2.9772
  1.1954     0.00001004    2.9772
  1.2104     0.00001031    2.9772
  1.2256     0.00001057    2.9772
  1.2410     0.00001084    2.9772
  1.2566     0.00001112    2.9772
  1.2725     0.00001140    2.9772
  1.2885     0.00001168    2.9772
  1.3047     0.00001197    2.9772
  1.3211     0.00001226    2.9772
  1.3377     0.00001256    2.9772
  1.3545     0.00001286    2.9772
  1.3716     0.00001317    2.9772
  1.3888     0.00001348    2.9772
  1.4063     0.00001379    2.9772
  1.4240     0.00001411    2.9772
  1.4419     0.00001444    2.9772
  1.4600     0.00001477    2.9772
  1.4784     0.00001510    2.9772
  1.4970     0.00001544    2.9772
  1.5158     0.00001579    2.9772
  1.5349     0.00001613    2.9772
  1.5542     0.00001649    2.9772
  1.5738     0.00001685    2.9772
  1.5935     0.00001721    2.9772
  1.6136     0.00001758    2.9772
  1.6339     0.00001796    2.9772
  1.6544     0.00001834    2.9772
  1.6753     0.00001873    2.9772
  1.6963     0.00001913    2.9772
  1.7177     0.00001954    2.9772
  1.7393     0.00001995    2.9772
  1.7612     0.00002037    2.9772
  1.7833     0.00002079    2.9772
  1.8057     0.00002123    2.9772
  1.8285     0.00002168    2.9772
  1.8515     0.00002214    2.9772
  1.8747     0.00002260    2.9772
  1.8983     0.00002308    2.9772
  1.9222     0.00002357    2.9772
  1.9464     0.00002408    2.9772
  1.9709     0.00002459    2.9772
  1.9957     0.00002512    2.9772
  2.0208     0.00002567    2.9772
  2.0462     0.00002623    2.9772
  2.0719     0.00002681    2.9772
  2.0980     0.00002740    2.9772
  2.1244     0.00002802    2.9772
  2.1511     0.00002865    2.9772
  2.1782     0.00002930    2.9772
  2.2055     0.00002997    2.9772
  2.2333     0.00003067    2.9772
  2.2614     0.00003138    2.9772
  2.2898     0.00003212    2.9772
  2.3186     0.00003288    2.9772
  2.3478     0.00003367    2.9772
  2.3773     0.00003448    2.9772
  2.4072     0.00003531    2.9772
  2.4375     0.00003617    2.9772
  2.4682     0.00003706    2.9772
  2.4992     0.00003796    2.9772
  2.5307     0.00003890    2.9772
  2.5625     0.00003986    2.9772
  2.5947     0.00004084    2.9772
  2.6274     0.00004184    2.9772
  2.6604     0.00004287    2.9772
  2.6939     0.00004392    2.9772
  2.7278     0.00004499    2.9772
  2.7621     0.00004608    2.9772
  2.7968     0.00004719    2.9772
  2.8320     0.00004832    2.9772
  2.8676     0.00004947    2.9772
  2.9037     0.00005063    2.9772
  2.9402     0.00005182    2.9772
  2.9772     0.00005302    2.9772
  3.0147     0.00005425    2.9772
  3.0526     0.00005549    2.9772
  3.0910     0.00005675    2.9772
  3.1299     0.00005804    2.9772
  3.1692     0.00005934    2.9772
  3.2091     0.00006067    2.9772
  3.2495     0.00006201    2.9772
  3.2903     0.00006338    2.9772
  3.3317     0.00006478    2.9772
  3.3736     0.00006619    2.9772
  3.4161     0.00006763    2.9772
  3.4590     0.00006910    2.9772
  3.5025     0.00007059    2.9772
  3.5466     0.00007211    2.9772
  3.5912     0.00007365    2.9772
  3.6364     0.00007522    2.9772
  3.6821     0.00007682    2.9772
  3.7284     0.00007845    2.9772
  3.7753     0.00008011    2.9772
  3.8228     0.00008179    2.9772
  3.8709     0.00008351    2.9772
  3.9196     0.00008526    2.9772
  3.9689     0.00008704    2.9772
  4.0188     0.00008886    2.9772
  4.0694     0.00009071    2.9772
  4.1206     0.00009259    2.9772
  4.1724     0.00009451    2.9772
  4.2249     0.00009647    2.9772
  4.2780     0.00009847    2.9772
  4.3318     0.00010050    2.9772
  4.3863     0.00010257    2.9772
  4.4415     0.00010468    2.9772
  4.4974     0.00010684    2.9772
  4.5540     0.00010903    2.9772
  4.6112     0.00011127    2.9772
  4.6692     0.00011356    2.9772
  4.7280     0.00011588    2.9772
  4.7874     0.00011826    2.9772
  4.8477     0.00012068    2.9772
  4.9086     0.00012315    2.9772
  4.9704     0.00012567    2.9772
  5.0329     0.00012823    2.9772
  5.0962     0.00013085    2.9772
  5.1603     0.00013352    2.9772
  5.2252     0.00013625    2.9772
  5.2909     0.00013902    2.9772
  5.3575     0.00014186    2.9772
  5.4249     0.00014474    2.9772
  5.4931     0.00014769    2.9772
  5.5622     0.00015069    2.9772
  5.6322     0.00015376    2.9772
  5.7030     0.00015688    2.9772
  5.7748     0.00016006    2.9772
  5.8474     0.00016331    2.9772
  5.9210     0.00016662    2.9772
  5.9954     0.00017000    2.9772
  6.0709     0.00017344    2.9772
  6.1472     0.00017695    2.9772
  6.2245     0.00018052    2.9772
  6.3028     0.00018417    2.9772
  6.3821     0.00018789    2.9772
  6.4624     0.00019168    2.9772
  6.5437     0.00019554    2.9772
  6.6260     0.00019947    2.9772
  6.7093     0.00020348    2.9772
  6.7937     0.00020757    2.9772
  6.8792     0.00021174    2.9772
  6.9657     0.00021599    2.9772
  7.0533     0.00022032    2.9772
  7.1421     0.00022473    2.9772
  7.2319     0.00022923    2.9772
  7.3229     0.00023382    2.9772
  7.4150     0.00023849    2.9772
  7.5082     0.00024326    2.9772
  7.6027     0.00024812    2.9772
  7.6983     0.00025307    2.9772
  7.7952     0.00025813    2.9772
  7.8932     0.00026328    2.9772
  7.9925     0.00026854    2.9772
  8.0930     0.00027391    2.9772
  8.1948     0.00027938    2.9772
  8.2979     0.00028497    2.9772
  8.4023     0.00029068    2.9772
  8.5080     0.00029651    2.9772
  8.6150     0.00030246    2.9772
  8.7234     0.00030855    2.9772
  8.8331     0.00031477    2.9772
  8.9442     0.00032112    2.9772
  9.0567     0.00032763    2.9772
  9.1706     0.00033428    2.9772
  9.2860     0.00034109    2.9772
  9.4028     0.00034806    2.9772
  9.5210     0.00035520    2.9772
  9.6408     0.00036252    2.9772
  9.7621     0.00037003    2.9772
  9.8849     0.00037772    2.9772
 10.0092     0.00038562    2.9772
 10.1351     0.00039372    2.9772
 10.2626     0.00040204    2.9772
 10.3917     0.00041059    2.9772
 10.5224     0.00041938    2.9772
 10.6547     0.00042841    2.9772
 10.7888     0.00043771    2.9772
 10.9245     0.00044727    2.9772
 11.0619     0.00045712    2.9772
 11.2010     0.00046726    2.9772
 11.3419     0.00047772    2.9772
 11.4846     0.00048849    2.9772
 11.6290     0.00049960    2.9772
 11.7753     0.00051107    2.9772
 11.9234     0.00052290    2.9772
 12.0734     0.00053511    2.9772
 12.2253     0.00054773    2.9772
 12.3791     0.00056076    2.9772
 12.5348     0.00057423    2.9772
 12.6924     0.00058816    2.9772
 12.8521     0.00060256    2.9772
 13.0138     0.00061746    2.9772
 13.1774     0.00063288    2.9772
 13.3432     0.00064884    2.9772
 13.5110     0.00066537    2.9772
 13.6810     0.00068248    2.9772
 13.8531     0.00070021    2.9772
 14.0273     0.00071858    2.9772
 14.2038     0.00073761    2.9772
 14.3824     0.00075734    2.9772
 14.5633     0.00077780    2.9772
 14.7465     0.00079901    2.9772
 14.9320     0.00082101    2.9772
 15.1198     0.00084383    2.9772
 15.3100     0.00086751    2.9772
 15.5026     0.00089208    2.9772
 15.6976     0.00091757    2.9772
 15.8951     0.00094403    2.9772
 16.0950     0.00097150    2.9772
 16.2974     0.00100001    2.9772
 16.5024     0.00102961    2.9772
 16.7100     0.00106035    2.9772
 16.9202     0.00109227    2.9772
 17.1330     0.00112542    2.9772
 17.3485     0.00115985    2.9772
 17.5668     0.00119561    2.9772
 17.7877     0.00123275    2.9772
 18.0115     0.00127133    2.9772
 18.2380     0.00131141    2.9772
 18.4674     0.00135305    2.9772
 18.6997     0.00139632    2.9772
 18.9349     0.00144126    2.9772
 19.1731     0.00148796    2.9772
 19.4143     0.00153648    2.9772
 19.6585     0.00158690    2.9772
 19.9058     0.00163928    2.9772
 20.1561     0.00169371    2.9772
 20.4097     0.00175027    2.9772
 20.6664     0.00180905    2.9772
 20.9263     0.00187012    2.9772
 21.1896     0.00193358    2.9772
 21.4561     0.00199953    2.9772
 21.7260     0.00206806    2.9772
 21.9993     0.00213927    2.9772
 22.2760     0.00221326    2.9772
 22.5562     0.00229015    2.9772
 22.8399     0.00237005    2.9772
 23.1272     0.00245307    2.9772
 23.4181     0.00253934    2.9772
 23.7127     0.00262898    2.9772
 24.0109     0.00272212    2.9772
 24.3130     0.00281890    2.9772
 24.6188     0.00291946    2.9772
 24.9284     0.00302395    2.9772
 25.2420     0.00313249    2.9772
 25.5595     0.00324524    2.9772
 25.8810     0.00336235    2.9772
 26.2066     0.00348399    2.9772
 26.5362     0.00361030    2.9772
 26.8700     0.00374147    2.9772
 27.2080     0.00387767    2.9772
 27.5502     0.00401908    2.9772
 27.8967     0.00416589    2.9772
 28.2476     0.00431829    2.9772
 28.6030     0.00447650    2.9772
 28.9627     0.00464071    2.9772
 29.3270     0.00481115    2.9772
 29.6959     0.00498804    2.9772
 30.0695     0.00517162    2.9772
 30.4477     0.00536212    2.9772
 30.8307     0.00555980    2.9772
 31.2185     0.00576492    2.9772
 31.6112     0.00597774    2.9772
 32.0088     0.00619854    2.9772
 32.4114     0.00642762    2.9772
 32.8191     0.00666526    2.9772
 33.2319     0.00691178    2.9772
 33.6499     0.00716750    2.9772
 34.0732     0.00743274    2.9772
 34.5018     0.00770785    2.9772
 34.9357     0.00799317    2.9772
 35.3752     0.00828908    2.9772
 35.8201     0.00859596    2.9772
 36.2707     0.00891419    2.9772
 36.7269     0.00924418    2.9772
 37.1889     0.00958634    2.9772
 37.6567     0.00994111    2.9772
 38.1304     0.01030893    2.9772
 38.6100     0.01069027    2.9772
 39.0956     0.01108560    2.9772
 39.5874     0.01149541    2.9772
 40.0853     0.01192022    2.9772
 40.5896     0.01236055    2.9772
 41.1001     0.01281694    2.9772
