  0.2500     1.513913
  0.5000     0.418833
  0.7500    -0.332235
  1.0000     0.063965
  1.2500     0.084194
  1.5000    -0.084203
  1.7500     0.015286
  2.0000     0.036072
  2.2500    -0.035524
  2.5000     0.003587
  2.7500     0.020982
  3.0000    -0.018772
  3.2500    -0.000274
  3.5000     0.014103
  3.7500    -0.011278
  4.0000    -0.001538
  4.2500     0.010005
  4.5000    -0.007048
  4.7500    -0.002143
  5.0000     0.007497
  5.2500    -0.004544
  5.5000    -0.002372
  5.7500     0.005823
  6.0000    -0.002989
  6.2500    -0.002356
  6.5000     0.004558
  6.7500    -0.001897
  7.0000    -0.002294
  7.2500     0.003628
  7.5000    -0.001143
  7.7500    -0.002187
  8.0000     0.002918
  8.2500    -0.000624
  8.5000    -0.002033
  8.7500     0.002331
  9.0000    -0.000229
  9.2500    -0.001886
  9.5000     0.001864
  9.7500     0.000057
 10.0000    -0.001735
 10.2500     0.001485
 10.5000     0.000257
 10.7500    -0.001575
 11.0000     0.001160
 11.2500     0.000410
 11.5000    -0.001426
 11.7500     0.000892
 12.0000     0.000517
