  0.2500     1.701330
  0.5000     0.454152
  0.7500    -0.363719
  1.0000     0.068692
  1.2500     0.094493
  1.5000    -0.093934
  1.7500     0.017239
  2.0000     0.039868
  2.2500    -0.039361
  2.5000     0.004017
  2.7500     0.023192
  3.0000    -0.020736
  3.2500    -0.000368
  3.5000     0.015685
  3.7500    -0.012539
  4.0000    -0.001679
  4.2500     0.011077
  4.5000    -0.007810
  4.7500    -0.002370
  5.0000     0.008300
  5.2500    -0.005023
  5.5000    -0.002643
  5.7500     0.006466
  6.0000    -0.003323
  6.2500    -0.002604
  6.5000     0.005048
  6.7500    -0.002101
  7.0000    -0.002542
  7.2500     0.004018
  7.5000    -0.001263
  7.7500    -0.002429
  8.0000     0.003239
  8.2500    -0.000695
  8.5000    -0.002251
  8.7500     0.002582
  9.0000    -0.000253
  9.2500    -0.002090
  9.5000     0.002065
  9.7500     0.000065
 10.0000    -0.001925
 10.2500     0.001648
 10.5000     0.000283
 10.7500    -0.001744
 11.0000     0.001284
 11.2500     0.000455
 11.5000    -0.001580
 11.7500     0.000988
 12.0000     0.000574
