  0.0000     0.00000000    2.4992
  0.0100     0.00002100    2.4992
  0.0202     0.00008585    2.4992
  0.0302     0.00019156    2.4992
  0.0403     0.00034087    2.4992
  0.0505     0.00053499    2.4992
  0.0602     0.00075952    2.4992
  0.0708     0.00105152    2.4992
  0.0803     0.00135041    2.4992
  0.0910     0.00173416    2.4992
  0.1005     0.00211821    2.4992
  0.1111     0.00258721    2.4992
  0.1213     0.00308191    2.4992
  0.1307     0.00358046    2.4992
  0.1409     0.00415952    2.4992
  0.1500     0.00471288    2.4992
  0.1617     0.00547471    2.4992
  0.1721     0.00620264    2.4992
  0.1810     0.00685391    2.4992
  0.1903     0.00757339    2.4992
  0.2000     0.00836817    2.4992
  0.2103     0.00924611    2.4992
  0.2211     0.01021584    2.4992
  0.2324     0.01128690    2.4992
  0.2413     0.01216297    2.4992
  0.2505     0.01310675    2.4992
  0.2601     0.01412342    2.4992
  0.2700     0.01521857    2.4992
  0.2803     0.01639819    2.4992
  0.2910     0.01766871    2.4992
  0.3022     0.01903707    2.4992
  0.3137     0.02051069    2.4992
  0.3217     0.02155551    2.4992
  0.3340     0.02322261    2.4992
  0.3424     0.02440448    2.4992
  0.3511     0.02564599    2.4992
  0.3645     0.02762660    2.4992
  0.3737     0.02903046    2.4992
  0.3832     0.03050496    2.4992
  0.3929     0.03205354    2.4992
  0.4029     0.03367987    2.4992
  0.4131     0.03538774    2.4992
  0.4235     0.03718113    2.4992
  0.4342     0.03906422    2.4992
  0.4452     0.04104136    2.4992
  0.4508     0.04206661    2.4992
  0.4622     0.04419341    2.4992
  0.4739     0.04642603    2.4992
  0.4859     0.04876953    2.4992
  0.4921     0.04998450    2.4992
  0.5045     0.05250433    2.4992
  0.5109     0.05381058    2.4992
  0.5238     0.05651941    2.4992
  0.5304     0.05792349    2.4992
  0.5438     0.06083482    2.4992
  0.5507     0.06234367    2.4992
  0.5646     0.06547182    2.4992
  0.5717     0.06709281    2.4992
  0.5862     0.07045297    2.4992
  0.5936     0.07219392    2.4992
  0.6010     0.07397666    2.4992
  0.6162     0.07767127    2.4992
  0.6240     0.07958506    2.4992
  0.6318     0.08154447    2.4992
  0.6478     0.08560415    2.4992
  0.6560     0.08770647    2.4992
  0.6642     0.08985850    2.4992
  0.6726     0.09206129    2.4992
  0.6811     0.09431593    2.4992
  0.6983     0.09898508    2.4992
  0.7071     0.10140183    2.4992
  0.7160     0.10387485    2.4992
  0.7250     0.10640529    2.4992
  0.7341     0.10899430    2.4992
  0.7433     0.11164304    2.4992
  0.7527     0.11435270    2.4992
  0.7622     0.11712444    2.4992
  0.7718     0.11995947    2.4992
  0.7815     0.12285896    2.4992
  0.7913     0.12582413    2.4992
  0.8012     0.12885618    2.4992
  0.8113     0.13195630    2.4992
  0.8215     0.13512570    2.4992
  0.8319     0.13836558    2.4992
  0.8423     0.14167713    2.4992
  0.8529     0.14506155    2.4992
  0.8637     0.14851999    2.4992
  0.8745     0.15205364    2.4992
  0.8855     0.15566363    2.4992
  0.8967     0.15935108    2.4992
  0.9079     0.16311711    2.4992
  0.9194     0.16696278    2.4992
  0.9309     0.17088913    2.4992
  0.9426     0.17489716    2.4992
  0.9545     0.17898784    2.4992
  0.9665     0.18316208    2.4992
  0.9787     0.18742073    2.4992
  0.9910     0.19176460    2.4992
  1.0034     0.19619442    2.4992
  1.0161     0.20071085    2.4992
  1.0288     0.20531446    2.4992
  1.0418     0.21000575    2.4992
  1.0549     0.21478509    2.4992
  1.0682     0.21965278    2.4992
  1.0816     0.22460898    2.4992
  1.0952     0.22965374    2.4992
  1.1090     0.23478694    2.4992
  1.1229     0.24000835    2.4992
  1.1371     0.24531757    2.4992
  1.1514     0.25071401    2.4992
  1.1658     0.25619692    2.4992
  1.1805     0.26176534    2.4992
  1.1954     0.26741809    2.4992
  1.2104     0.27315379    2.4992
  1.2256     0.27897081    2.4992
  1.2410     0.28486727    2.4992
  1.2566     0.29084101    2.4992
  1.2725     0.29688960    2.4992
  1.2885     0.30301033    2.4992
  1.3047     0.30920016    2.4992
  1.3211     0.31545573    2.4992
  1.3377     0.32177334    2.4992
  1.3545     0.32814897    2.4992
  1.3716     0.33457819    2.4992
  1.3888     0.34105625    2.4992
  1.4063     0.34757797    2.4992
  1.4240     0.35413783    2.4992
  1.4419     0.36072988    2.4992
  1.4600     0.36734778    2.4992
  1.4784     0.37398480    2.4992
  1.4970     0.38063380    2.4992
  1.5158     0.38728726    2.4992
  1.5349     0.39393726    2.4992
  1.5542     0.40057550    2.4992
  1.5738     0.40719334    2.4992
  1.5935     0.41378180    2.4992
  1.6136     0.42033157    2.4992
  1.6339     0.42683306    2.4992
  1.6544     0.43327644    2.4992
  1.6753     0.43965167    2.4992
  1.6963     0.44594851    2.4992
  1.7177     0.45215666    2.4992
  1.7393     0.45826570    2.4992
  1.7612     0.46426526    2.4992
  1.7833     0.47014500    2.4992
  1.8057     0.47589472    2.4992
  1.8285     0.48150442    2.4992
  1.8515     0.48696437    2.4992
  1.8747     0.49226521    2.4992
  1.8983     0.49739799    2.4992
  1.9222     0.50235425    2.4992
  1.9464     0.50712611    2.4992
  1.9709     0.51170632    2.4992
  1.9957     0.51608833    2.4992
  2.0208     0.52026633    2.4992
  2.0462     0.52423530    2.4992
  2.0719     0.52799101    2.4992
  2.0980     0.53153008    2.4992
  2.1244     0.53484995    2.4992
  2.1511     0.53794884    2.4992
  2.1782     0.54082573    2.4992
  2.2055     0.54348030    2.4992
  2.2333     0.54591283    2.4992
  2.2614     0.54812410    2.4992
  2.2898     0.55011527    2.4992
  2.3186     0.55188775    2.4992
  2.3478     0.55344307    2.4992
  2.3773     0.55478268    2.4992
  2.4072     0.55590790    2.4992
  2.4375     0.55681978    2.4992
  2.4682     0.55751906    2.4992
  2.4992     0.55800620    2.4992
  2.5307     0.55828160    2.4992
  2.5625     0.55834567    2.4992
  2.5947     0.55819908    2.4992
  2.6274     0.55784263    2.4992
  2.6604     0.55727732    2.4992
  2.6939     0.55650434    2.4992
  2.7278     0.55552503    2.4992
  2.7621     0.55434094    2.4992
  2.7968     0.55295378    2.4992
  2.8320     0.55136546    2.4992
  2.8676     0.54957807    2.4992
  2.9037     0.54759384    2.4992
  2.9402     0.54541522    2.4992
  2.9772     0.54304480    2.4992
  3.0147     0.54048537    2.4992
  3.0526     0.53773987    2.4992
  3.0910     0.53481140    2.4992
  3.1299     0.53170323    2.4992
  3.1692     0.52841878    2.4992
  3.2091     0.52496163    2.4992
  3.2495     0.52133549    2.4992
  3.2903     0.51754422    2.4992
  3.3317     0.51359181    2.4992
  3.3736     0.50948239    2.4992
  3.4161     0.50522020    2.4992
  3.4590     0.50080958    2.4992
  3.5025     0.49625499    2.4992
  3.5466     0.49156101    2.4992
  3.5912     0.48673226    2.4992
  3.6364     0.48177349    2.4992
  3.6821     0.47668949    2.4992
  3.7284     0.47148514    2.4992
  3.7753     0.46616536    2.4992
  3.8228     0.46073513    2.4992
  3.8709     0.45519946    2.4992
  3.9196     0.44956339    2.4992
  3.9689     0.44383201    2.4992
  4.0188     0.43801039    2.4992
  4.0694     0.43210364    2.4992
  4.1206     0.42611685    2.4992
  4.1724     0.42005511    2.4992
  4.2249     0.41392352    2.4992
  4.2780     0.40772713    2.4992
  4.3318     0.40147097    2.4992
  4.3863     0.39516006    2.4992
  4.4415     0.38879938    2.4992
  4.4974     0.38239386    2.4992
  4.5540     0.37594838    2.4992
  4.6112     0.36946779    2.4992
  4.6692     0.36295688    2.4992
  4.7280     0.35642038    2.4992
  4.7874     0.34986296    2.4992
  4.8477     0.34328924    2.4992
  4.9086     0.33670377    2.4992
  4.9704     0.33011102    2.4992
  5.0329     0.32351540    2.4992
  5.0962     0.31692124    2.4992
  5.1603     0.31033282    2.4992
  5.2252     0.30375431    2.4992
  5.2909     0.29718983    2.4992
  5.3575     0.29064340    2.4992
  5.4249     0.28411898    2.4992
  5.4931     0.27762042    2.4992
  5.5622     0.27115150    2.4992
  5.6322     0.26471593    2.4992
  5.7030     0.25831730    2.4992
  5.7748     0.25195915    2.4992
  5.8474     0.24564490    2.4992
  5.9210     0.23937789    2.4992
  5.9954     0.23316138    2.4992
  6.0709     0.22699853    2.4992
  6.1472     0.22089240    2.4992
  6.2245     0.21484598    2.4992
  6.3028     0.20886213    2.4992
  6.3821     0.20294365    2.4992
  6.4624     0.19709323    2.4992
  6.5437     0.19131347    2.4992
  6.6260     0.18560685    2.4992
  6.7093     0.17997580    2.4992
  6.7937     0.17442260    2.4992
  6.8792     0.16894947    2.4992
  6.9657     0.16355852    2.4992
  7.0533     0.15825174    2.4992
  7.1421     0.15303105    2.4992
  7.2319     0.14789825    2.4992
  7.3229     0.14285505    2.4992
  7.4150     0.13790302    2.4992
  7.5082     0.13304368    2.4992
  7.6027     0.12827839    2.4992
  7.6983     0.12360844    2.4992
  7.7952     0.11903499    2.4992
  7.8932     0.11455909    2.4992
  7.9925     0.11018168    2.4992
  8.0930     0.10590359    2.4992
  8.1948     0.10172551    2.4992
  8.2979     0.09764805    2.4992
  8.4023     0.09367168    2.4992
  8.5080     0.08979674    2.4992
  8.6150     0.08602347    2.4992
  8.7234     0.08235197    2.4992
  8.8331     0.07878224    2.4992
  8.9442     0.07531415    2.4992
  9.0567     0.07194744    2.4992
  9.1706     0.06868174    2.4992
  9.2860     0.06551655    2.4992
  9.4028     0.06245127    2.4992
  9.5210     0.05948518    2.4992
  9.6408     0.05661744    2.4992
  9.7621     0.05384710    2.4992
  9.8849     0.05117311    2.4992
 10.0092     0.04859431    2.4992
 10.1351     0.04610946    2.4992
 10.2626     0.04371719    2.4992
 10.3917     0.04141607    2.4992
 10.5224     0.03920457    2.4992
 10.6547     0.03708108    2.4992
 10.7888     0.03504394    2.4992
 10.9245     0.03309137    2.4992
 11.0619     0.03122157    2.4992
 11.2010     0.02943267    2.4992
 11.3419     0.02772273    2.4992
 11.4846     0.02608979    2.4992
 11.6290     0.02453184    2.4992
 11.7753     0.02304682    2.4992
 11.9234     0.02163266    2.4992
 12.0734     0.02028726    2.4992
 12.2253     0.01900850    2.4992
 12.3791     0.01779425    2.4992
 12.5348     0.01664239    2.4992
 12.6924     0.01555077    2.4992
 12.8521     0.01451726    2.4992
 13.0138     0.01353974    2.4992
 13.1774     0.01261609    2.4992
 13.3432     0.01174424    2.4992
 13.5110     0.01092210    2.4992
 13.6810     0.01014763    2.4992
 13.8531     0.00941881    2.4992
 14.0273     0.00873368    2.4992
 14.2038     0.00809027    2.4992
 14.3824     0.00748669    2.4992
 14.5633     0.00692106    2.4992
 14.7465     0.00639157    2.4992
 14.9320     0.00589645    2.4992
 15.1198     0.00543396    2.4992
 15.3100     0.00500242    2.4992
 15.5026     0.00460021    2.4992
 15.6976     0.00422575    2.4992
 15.8951     0.00387752    2.4992
 16.0950     0.00355405    2.4992
 16.2974     0.00325392    2.4992
 16.5024     0.00297576    2.4992
 16.7100     0.00271828    2.4992
 16.9202     0.00248020    2.4992
 17.1330     0.00226034    2.4992
 17.3485     0.00205753    2.4992
 17.5668     0.00187069    2.4992
 17.7877     0.00169876    2.4992
 18.0115     0.00154075    2.4992
 18.2380     0.00139571    2.4992
 18.4674     0.00126275    2.4992
 18.6997     0.00114102    2.4992
 18.9349     0.00102970    2.4992
 19.1731     0.00092805    2.4992
 19.4143     0.00083534    2.4992
 19.6585     0.00075090    2.4992
 19.9058     0.00067409    2.4992
 20.1561     0.00060432    2.4992
 20.4097     0.00054103    2.4992
 20.6664     0.00048370    2.4992
 20.9263     0.00043184    2.4992
 21.1896     0.00038499    2.4992
 21.4561     0.00034274    2.4992
 21.7260     0.00030468    2.4992
 21.9993     0.00027045    2.4992
 22.2760     0.00023971    2.4992
 22.5562     0.00021214    2.4992
 22.8399     0.00018746    2.4992
 23.1272     0.00016539    2.4992
 23.4181     0.00014570    2.4992
 23.7127     0.00012815    2.4992
 24.0109     0.00011253    2.4992
 24.3130     0.00009866    2.4992
 24.6188     0.00008635    2.4992
 24.9284     0.00007546    2.4992
 25.2420     0.00006583    2.4992
 25.5595     0.00005733    2.4992
 25.8810     0.00004984    2.4992
 26.2066     0.00004326    2.4992
 26.5362     0.00003748    2.4992
 26.8700     0.00003242    2.4992
 27.2080     0.00002798    2.4992
 27.5502     0.00002411    2.4992
 27.8967     0.00002074    2.4992
 28.2476     0.00001781    2.4992
 28.6030     0.00001526    2.4992
 28.9627     0.00001305    2.4992
 29.3270     0.00001114    2.4992
 29.6959     0.00000949    2.4992
 30.0695     0.00000807    2.4992
 30.4477     0.00000685    2.4992
 30.8307     0.00000580    2.4992
 31.2185     0.00000490    2.4992
 31.6112     0.00000413    2.4992
 32.0088     0.00000348    2.4992
 32.4114     0.00000292    2.4992
 32.8191     0.00000244    2.4992
 33.2319     0.00000204    2.4992
 33.6499     0.00000170    2.4992
 34.0732     0.00000142    2.4992
 34.5018     0.00000118    2.4992
 34.9357     0.00000098    2.4992
 35.3752     0.00000081    2.4992
 35.8201     0.00000066    2.4992
 36.2707     0.00000055    2.4992
 36.7269     0.00000045    2.4992
 37.1889     0.00000037    2.4992
 37.6567     0.00000030    2.4992
 38.1304     0.00000024    2.4992
 38.6100     0.00000020    2.4992
 39.0956     0.00000016    2.4992
 39.5874     0.00000013    2.4992
 40.0853     0.00000010    2.4992
 40.5896     0.00000008    2.4992
 41.1001     0.00000007    2.4992
