  0.2500     5.070685
  0.5000     3.180292
  0.7500     1.620833
  1.0000     0.695694
  1.2500     0.229496
  1.5000     0.020852
  1.7500    -0.058353
  2.0000    -0.077378
  2.2500    -0.071097
  2.5000    -0.056222
  2.7500    -0.040309
  3.0000    -0.026437
  3.2500    -0.015559
  3.5000    -0.007671
  3.7500    -0.002374
  4.0000     0.000859
  4.2500     0.002550
  4.5000     0.003163
  4.7500     0.003085
  5.0000     0.002615
  5.2500     0.001975
  5.5000     0.001319
  5.7500     0.000739
  6.0000     0.000283
  6.2500    -0.000033
  6.5000    -0.000221
  6.7500    -0.000301
  7.0000    -0.000303
  7.2500    -0.000256
  7.5000    -0.000186
  7.7500    -0.000112
  8.0000    -0.000047
  8.2500     0.000002
  8.5000     0.000031
  8.7500     0.000044
  9.0000     0.000044
  9.2500     0.000035
  9.5000     0.000023
  9.7500     0.000011
 10.0000     0.000001
 10.2500    -0.000006
 10.5000    -0.000009
 10.7500    -0.000009
 11.0000    -0.000007
 11.2500    -0.000004
 11.5000    -0.000001
 11.7500     0.000001
 12.0000     0.000002
