  0.0000     0.00000023    2.0980
  0.0100     0.00225925    2.0980
  0.0202     0.00456868    2.0980
  0.0302     0.00682650    2.0980
  0.0403     0.00911002    2.0980
  0.0505     0.01141923    2.0980
  0.0602     0.01361482    2.0980
  0.0708     0.01603295    2.0980
  0.0803     0.01818479    2.0980
  0.0910     0.02062983    2.0980
  0.1005     0.02282503    2.0980
  0.1111     0.02525939    2.0980
  0.1213     0.02760763    2.0980
  0.1307     0.02979926    2.0980
  0.1409     0.03217174    2.0980
  0.1500     0.03429891    2.0980
  0.1617     0.03704760    2.0980
  0.1721     0.03951550    2.0980
  0.1810     0.04161531    2.0980
  0.1903     0.04383466    2.0980
  0.2000     0.04618163    2.0980
  0.2103     0.04866503    2.0980
  0.2211     0.05129450    2.0980
  0.2324     0.05408060    2.0980
  0.2413     0.05627992    2.0980
  0.2505     0.05857920    2.0980
  0.2601     0.06098419    2.0980
  0.2700     0.06350109    2.0980
  0.2803     0.06613662    2.0980
  0.2910     0.06889803    2.0980
  0.3022     0.07179321    2.0980
  0.3137     0.07483070    2.0980
  0.3217     0.07693933    2.0980
  0.3340     0.08023510    2.0980
  0.3424     0.08252547    2.0980
  0.3511     0.08489436    2.0980
  0.3645     0.08860292    2.0980
  0.3737     0.09118447    2.0980
  0.3832     0.09385825    2.0980
  0.3929     0.09662874    2.0980
  0.4029     0.09950070    2.0980
  0.4131     0.10247921    2.0980
  0.4235     0.10556967    2.0980
  0.4342     0.10877782    2.0980
  0.4452     0.11210978    2.0980
  0.4508     0.11382421    2.0980
  0.4622     0.11735424    2.0980
  0.4739     0.12102520    2.0980
  0.4859     0.12484472    2.0980
  0.4921     0.12681272    2.0980
  0.5045     0.13087053    2.0980
  0.5109     0.13296258    2.0980
  0.5238     0.13727885    2.0980
  0.5304     0.13950553    2.0980
  0.5438     0.14410244    2.0980
  0.5507     0.14647536    2.0980
  0.5646     0.15137726    2.0980
  0.5717     0.15390919    2.0980
  0.5862     0.15914279    2.0980
  0.5936     0.16184770    2.0980
  0.6010     0.16461361    2.0980
  0.6162     0.17033543    2.0980
  0.6240     0.17329499    2.0980
  0.6318     0.17632284    2.0980
  0.6478     0.18259128    2.0980
  0.6560     0.18583593    2.0980
  0.6642     0.18915701    2.0980
  0.6726     0.19255668    2.0980
  0.6811     0.19603716    2.0980
  0.6983     0.20324969    2.0980
  0.7071     0.20698643    2.0980
  0.7160     0.21081338    2.0980
  0.7250     0.21473299    2.0980
  0.7341     0.21874778    2.0980
  0.7433     0.22286029    2.0980
  0.7527     0.22707313    2.0980
  0.7622     0.23138890    2.0980
  0.7718     0.23581027    2.0980
  0.7815     0.24033991    2.0980
  0.7913     0.24498050    2.0980
  0.8012     0.24973475    2.0980
  0.8113     0.25460538    2.0980
  0.8215     0.25959506    2.0980
  0.8319     0.26470650    2.0980
  0.8423     0.26994233    2.0980
  0.8529     0.27530518    2.0980
  0.8637     0.28079761    2.0980
  0.8745     0.28642211    2.0980
  0.8855     0.29218109    2.0980
  0.8967     0.29807685    2.0980
  0.9079     0.30411157    2.0980
  0.9194     0.31028729    2.0980
  0.9309     0.31660587    2.0980
  0.9426     0.32306900    2.0980
  0.9545     0.32967811    2.0980
  0.9665     0.33643440    2.0980
  0.9787     0.34333881    2.0980
  0.9910     0.35039191    2.0980
  1.0034     0.35759397    2.0980
  1.0161     0.36494483    2.0980
  1.0288     0.37244392    2.0980
  1.0418     0.38009018    2.0980
  1.0549     0.38788204    2.0980
  1.0682     0.39581738    2.0980
  1.0816     0.40389344    2.0980
  1.0952     0.41210683    2.0980
  1.1090     0.42045341    2.0980
  1.1229     0.42892833    2.0980
  1.1371     0.43752590    2.0980
  1.1514     0.44623957    2.0980
  1.1658     0.45506191    2.0980
  1.1805     0.46398452    2.0980
  1.1954     0.47299802    2.0980
  1.2104     0.48209198    2.0980
  1.2256     0.49125494    2.0980
  1.2410     0.50047431    2.0980
  1.2566     0.50973643    2.0980
  1.2725     0.51902650    2.0980
  1.2885     0.52832861    2.0980
  1.3047     0.53762573    2.0980
  1.3211     0.54689975    2.0980
  1.3377     0.55613153    2.0980
  1.3545     0.56530092    2.0980
  1.3716     0.57438687    2.0980
  1.3888     0.58336748    2.0980
  1.4063     0.59222012    2.0980
  1.4240     0.60092159    2.0980
  1.4419     0.60944822    2.0980
  1.4600     0.61777603    2.0980
  1.4784     0.62588097    2.0980
  1.4970     0.63373905    2.0980
  1.5158     0.64132660    2.0980
  1.5349     0.64862046    2.0980
  1.5542     0.65559826    2.0980
  1.5738     0.66223862    2.0980
  1.5935     0.66852140    2.0980
  1.6136     0.67442796    2.0980
  1.6339     0.67994134    2.0980
  1.6544     0.68504653    2.0980
  1.6753     0.68973060    2.0980
  1.6963     0.69398289    2.0980
  1.7177     0.69779511    2.0980
  1.7393     0.70116143    2.0980
  1.7612     0.70407850    2.0980
  1.7833     0.70654540    2.0980
  1.8057     0.70856357    2.0980
  1.8285     0.71013664    2.0980
  1.8515     0.71127022    2.0980
  1.8747     0.71197159    2.0980
  1.8983     0.71224937    2.0980
  1.9222     0.71211316    2.0980
  1.9464     0.71157305    2.0980
  1.9709     0.71063923    2.0980
  1.9957     0.70932153    2.0980
  2.0208     0.70762908    2.0980
  2.0462     0.70556999    2.0980
  2.0719     0.70315125    2.0980
  2.0980     0.70037891    2.0980
  2.1244     0.69725837    2.0980
  2.1511     0.69379545    2.0980
  2.1782     0.68999602    2.0980
  2.2055     0.68586634    2.0980
  2.2333     0.68141304    2.0980
  2.2614     0.67664303    2.0980
  2.2898     0.67156356    2.0980
  2.3186     0.66618216    2.0980
  2.3478     0.66050667    2.0980
  2.3773     0.65454520    2.0980
  2.4072     0.64830614    2.0980
  2.4375     0.64179814    2.0980
  2.4682     0.63503010    2.0980
  2.4992     0.62801114    2.0980
  2.5307     0.62075063    2.0980
  2.5625     0.61325813    2.0980
  2.5947     0.60554340    2.0980
  2.6274     0.59761639    2.0980
  2.6604     0.58948719    2.0980
  2.6939     0.58116606    2.0980
  2.7278     0.57266340    2.0980
  2.7621     0.56398972    2.0980
  2.7968     0.55515562    2.0980
  2.8320     0.54617181    2.0980
  2.8676     0.53704904    2.0980
  2.9037     0.52779813    2.0980
  2.9402     0.51842993    2.0980
  2.9772     0.50895530    2.0980
  3.0147     0.49938512    2.0980
  3.0526     0.48973022    2.0980
  3.0910     0.48000140    2.0980
  3.1299     0.47020943    2.0980
  3.1692     0.46036498    2.0980
  3.2091     0.45047865    2.0980
  3.2495     0.44056090    2.0980
  3.2903     0.43062211    2.0980
  3.3317     0.42067248    2.0980
  3.3736     0.41072208    2.0980
  3.4161     0.40078078    2.0980
  3.4590     0.39085828    2.0980
  3.5025     0.38096407    2.0980
  3.5466     0.37110741    2.0980
  3.5912     0.36129733    2.0980
  3.6364     0.35154261    2.0980
  3.6821     0.34185178    2.0980
  3.7284     0.33223309    2.0980
  3.7753     0.32269449    2.0980
  3.8228     0.31324368    2.0980
  3.8709     0.30388800    2.0980
  3.9196     0.29463453    2.0980
  3.9689     0.28548999    2.0980
  4.0188     0.27646081    2.0980
  4.0694     0.26755306    2.0980
  4.1206     0.25877250    2.0980
  4.1724     0.25012453    2.0980
  4.2249     0.24161422    2.0980
  4.2780     0.23324629    2.0980
  4.3318     0.22502515    2.0980
  4.3863     0.21695481    2.0980
  4.4415     0.20903899    2.0980
  4.4974     0.20128105    2.0980
  4.5540     0.19368400    2.0980
  4.6112     0.18625055    2.0980
  4.6692     0.17898305    2.0980
  4.7280     0.17188355    2.0980
  4.7874     0.16495377    2.0980
  4.8477     0.15819512    2.0980
  4.9086     0.15160870    2.0980
  4.9704     0.14519532    2.0980
  5.0329     0.13895551    2.0980
  5.0962     0.13288949    2.0980
  5.1603     0.12699723    2.0980
  5.2252     0.12127842    2.0980
  5.2909     0.11573251    2.0980
  5.3575     0.11035870    2.0980
  5.4249     0.10515595    2.0980
  5.4931     0.10012299    2.0980
  5.5622     0.09525834    2.0980
  5.6322     0.09056031    2.0980
  5.7030     0.08602702    2.0980
  5.7748     0.08165640    2.0980
  5.8474     0.07744621    2.0980
  5.9210     0.07339406    2.0980
  5.9954     0.06949737    2.0980
  6.0709     0.06575345    2.0980
  6.1472     0.06215948    2.0980
  6.2245     0.05871249    2.0980
  6.3028     0.05540944    2.0980
  6.3821     0.05224716    2.0980
  6.4624     0.04922239    2.0980
  6.5437     0.04633183    2.0980
  6.6260     0.04357206    2.0980
  6.7093     0.04093963    2.0980
  6.7937     0.03843103    2.0980
  6.8792     0.03604273    2.0980
  6.9657     0.03377114    2.0980
  7.0533     0.03161267    2.0980
  7.1421     0.02956370    2.0980
  7.2319     0.02762062    2.0980
  7.3229     0.02577980    2.0980
  7.4150     0.02403766    2.0980
  7.5082     0.02239058    2.0980
  7.6027     0.02083503    2.0980
  7.6983     0.01936745    2.0980
  7.7952     0.01798435    2.0980
  7.8932     0.01668229    2.0980
  7.9925     0.01545785    2.0980
  8.0930     0.01430769    2.0980
  8.1948     0.01322851    2.0980
  8.2979     0.01221708    2.0980
  8.4023     0.01127023    2.0980
  8.5080     0.01038489    2.0980
  8.6150     0.00955802    2.0980
  8.7234     0.00878668    2.0980
  8.8331     0.00806802    2.0980
  8.9442     0.00739926    2.0980
  9.0567     0.00677769    2.0980
  9.1706     0.00620072    2.0980
  9.2860     0.00566581    2.0980
  9.4028     0.00517055    2.0980
  9.5210     0.00471258    2.0980
  9.6408     0.00428965    2.0980
  9.7621     0.00389959    2.0980
  9.8849     0.00354035    2.0980
 10.0092     0.00320992    2.0980
 10.1351     0.00290641    2.0980
 10.2626     0.00262802    2.0980
 10.3917     0.00237302    2.0980
 10.5224     0.00213979    2.0980
 10.6547     0.00192676    2.0980
 10.7888     0.00173248    2.0980
 10.9245     0.00155554    2.0980
 11.0619     0.00139464    2.0980
 11.2010     0.00124854    2.0980
 11.3419     0.00111609    2.0980
 11.4846     0.00099618    2.0980
 11.6290     0.00088781    2.0980
 11.7753     0.00079001    2.0980
 11.9234     0.00070189    2.0980
 12.0734     0.00062262    2.0980
 12.2253     0.00055142    2.0980
 12.3791     0.00048758    2.0980
 12.5348     0.00043043    2.0980
 12.6924     0.00037935    2.0980
 12.8521     0.00033378    2.0980
 13.0138     0.00029319    2.0980
 13.1774     0.00025710    2.0980
 13.3432     0.00022506    2.0980
 13.5110     0.00019667    2.0980
 13.6810     0.00017156    2.0980
 13.8531     0.00014939    2.0980
 14.0273     0.00012986    2.0980
 14.2038     0.00011267    2.0980
 14.3824     0.00009757    2.0980
 14.5633     0.00008434    2.0980
 14.7465     0.00007277    2.0980
 14.9320     0.00006267    2.0980
 15.1198     0.00005386    2.0980
 15.3100     0.00004620    2.0980
 15.5026     0.00003956    2.0980
 15.6976     0.00003380    2.0980
 15.8951     0.00002882    2.0980
 16.0950     0.00002452    2.0980
 16.2974     0.00002083    2.0980
 16.5024     0.00001765    2.0980
 16.7100     0.00001492    2.0980
 16.9202     0.00001259    2.0980
 17.1330     0.00001060    2.0980
 17.3485     0.00000891    2.0980
 17.5668     0.00000747    2.0980
 17.7877     0.00000625    2.0980
 18.0115     0.00000521    2.0980
 18.2380     0.00000434    2.0980
 18.4674     0.00000360    2.0980
 18.6997     0.00000299    2.0980
 18.9349     0.00000247    2.0980
 19.1731     0.00000204    2.0980
 19.4143     0.00000168    2.0980
 19.6585     0.00000138    2.0980
 19.9058     0.00000113    2.0980
 20.1561     0.00000092    2.0980
 20.4097     0.00000075    2.0980
 20.6664     0.00000061    2.0980
 20.9263     0.00000049    2.0980
 21.1896     0.00000040    2.0980
 21.4561     0.00000032    2.0980
 21.7260     0.00000026    2.0980
 21.9993     0.00000021    2.0980
 22.2760     0.00000017    2.0980
 22.5562     0.00000013    2.0980
 22.8399     0.00000010    2.0980
 23.1272     0.00000008    2.0980
 23.4181     0.00000007    2.0980
 23.7127     0.00000005    2.0980
 24.0109     0.00000004    2.0980
 24.3130     0.00000003    2.0980
 24.6188     0.00000002    2.0980
 24.9284     0.00000002    2.0980
 25.2420     0.00000001    2.0980
 25.5595     0.00000001    2.0980
 25.8810     0.00000001    2.0980
 26.2066     0.00000001    2.0980
 26.5362     0.00000001    2.0980
 26.8700     0.00000000    2.0980
 27.2080     0.00000000    2.0980
 27.5502     0.00000000    2.0980
 27.8967     0.00000000    2.0980
 28.2476     0.00000000    2.0980
 28.6030     0.00000000    2.0980
 28.9627     0.00000000    2.0980
 29.3270     0.00000000    2.0980
 29.6959     0.00000000    2.0980
 30.0695     0.00000000    2.0980
 30.4477     0.00000000    2.0980
 30.8307     0.00000000    2.0980
 31.2185     0.00000000    2.0980
 31.6112     0.00000000    2.0980
 32.0088     0.00000000    2.0980
 32.4114     0.00000000    2.0980
 32.8191     0.00000000    2.0980
 33.2319     0.00000000    2.0980
 33.6499     0.00000000    2.0980
 34.0732     0.00000000    2.0980
 34.5018     0.00000000    2.0980
 34.9357     0.00000000    2.0980
 35.3752     0.00000000    2.0980
 35.8201     0.00000000    2.0980
 36.2707     0.00000000    2.0980
 36.7269     0.00000000    2.0980
 37.1889     0.00000000    2.0980
 37.6567     0.00000000    2.0980
 38.1304     0.00000000    2.0980
 38.6100     0.00000000    2.0980
 39.0956     0.00000000    2.0980
 39.5874     0.00000000    2.0980
 40.0853     0.00000000    2.0980
 40.5896     0.00000000    2.0980
 41.1001     0.00000000    2.0980
