  0.2500     7.684724
  0.5000     2.856101
  0.7500     0.861855
  1.0000     0.186680
  1.2500    -0.027287
  1.5000    -0.080538
  1.7500    -0.079285
  2.0000    -0.062666
  2.2500    -0.044686
  2.5000    -0.029739
  2.7500    -0.018640
  3.0000    -0.010973
  3.2500    -0.005998
  3.5000    -0.002988
  3.7500    -0.001329
  4.0000    -0.000538
  4.2500    -0.000261
  4.5000    -0.000250
  4.7500    -0.000343
  5.0000    -0.000444
  5.2500    -0.000508
  5.5000    -0.000523
  5.7500    -0.000492
  6.0000    -0.000432
  6.2500    -0.000359
  6.5000    -0.000287
  6.7500    -0.000224
  7.0000    -0.000175
  7.2500    -0.000141
  7.5000    -0.000119
  7.7500    -0.000106
  8.0000    -0.000097
  8.2500    -0.000090
  8.5000    -0.000083
  8.7500    -0.000076
  9.0000    -0.000068
  9.2500    -0.000060
  9.5000    -0.000053
  9.7500    -0.000046
 10.0000    -0.000041
 10.2500    -0.000037
 10.5000    -0.000034
 10.7500    -0.000031
 11.0000    -0.000029
 11.2500    -0.000027
 11.5000    -0.000025
 11.7500    -0.000023
 12.0000    -0.000021
