    0.0000010058          31944.19118          26.67354       31941.34505
    0.0000020242          31872.31227          26.61302       31869.47206
    0.0000030554          31829.88580          26.57710       31827.04888
    0.0000040996          31799.49581          26.55122       31796.66110
    0.0000051570          31742.75965          26.50426       31739.93041
    0.0000062276          31608.99183          26.39329       31606.17525
    0.0000073117          31477.47119          26.28431       31474.66719
    0.0000084094          31332.29175          26.16402       31329.50164
    0.0000095210          31188.77882          26.04518       31186.00251
    0.0000106465          31049.57967          25.92999       31046.81682
    0.0000117862          30916.29752          25.81977       30913.54764
    0.0000129402          30789.29888          25.71483       30786.56144
    0.0000141088          30668.52936          25.61512       30665.80383
    0.0000152920          30553.69727          25.52038       30550.98315
    0.0000164901          30444.41922          25.43031       30441.71602
    0.0000177033          30340.28432          25.34454       30337.59162
    0.0000189318          30240.88799          25.26275       30238.20537
    0.0000201757          30145.84777          25.18461       30143.17487
    0.0000214352          30054.81008          25.10984       30052.14655
    0.0000227106          29967.45196          25.03814       29964.79749
    0.0000240020          29883.48047          24.96930       29880.83478
    0.0000253097          29802.63080          24.90307       29799.99362
    0.0000266338          29724.66394          24.83927       29722.03503
    0.0000279746          29649.36415          24.77771       29646.74329
    0.0000293323          29576.53662          24.71823       29573.92360
    0.0000307070          29506.00516          24.66068       29503.39980
    0.0000320990          29437.61022          24.60493       29435.01234
    0.0000335085          29371.20699          24.55086       29368.61644
    0.0000349358          29306.66385          24.49835       29304.08046
    0.0000363810          29243.86085          24.44732       29241.28449
    0.0000378444          29182.68852          24.39767       29180.11906
    0.0000393262          29123.04668          24.34931       29120.48401
    0.0000408266          29064.84353          24.30216       29062.28753
    0.0000423459          29007.99473          24.25617       29005.44529
    0.0000438843          28952.42265          24.21125       28949.87968
    0.0000454421          28898.05573          24.16736       28895.51914
    0.0000470195          28844.82783          24.12444       28842.29754
    0.0000486167          28792.67777          24.08244       28790.15370
    0.0000502340          28741.54880          24.04130       28739.03088
    0.0000518716          28691.38823          24.00100       28688.87638
    0.0000535298          28642.14704          23.96148       28639.64121
    0.0000552089          28593.77956          23.92270       28591.27969
    0.0000569091          28546.24318          23.88464       28543.74920
    0.0000586307          28499.49806          23.84726       28497.00993
    0.0000603740          28453.50694          23.81053       28451.02461
    0.0000621392          28408.23488          23.77442       28405.75831
    0.0000639265          28363.64910          23.73890       28361.17825
    0.0000657364          28319.71880          23.70395       28317.25363
    0.0000675690          28276.41501          23.66954       28273.95548
    0.0000694247          28233.71042          23.63565       28231.25650
    0.0000713038          28191.57929          23.60226       28189.13095
    0.0000732064          28149.99732          23.56935       28147.55453
    0.0000751330          28108.94153          23.53690       28106.50427
    0.0000770838          28068.39018          23.50490       28065.95842
    0.0000790592          28028.32268          23.47332       28025.89641
    0.0000810594          27988.71950          23.44215       27986.29870
    0.0000830848          27949.56212          23.41138       27947.14677
    0.0000851356          27910.83292          23.38099       27908.42301
    0.0000872123          27872.51518          23.35096       27870.11068
    0.0000893150          27834.59294          23.32129       27832.19386
    0.0000914443          27797.05103          23.29196       27794.65735
    0.0000936003          27759.87498          23.26295       27757.48669
    0.0000957834          27723.05098          23.23427       27720.66808
    0.0000979939          27686.56582          23.20590       27684.18831
    0.0001002323          27650.40692          23.17782       27648.03478
    0.0001024989          27614.56219          23.15003       27612.19543
    0.0001047939          27579.02009          23.12252       27576.65871
    0.0001071178          27543.76957          23.09528       27541.41356
    0.0001094710          27508.80001          23.06830       27506.44938
    0.0001118537          27474.10123          23.04157       27471.75599
    0.0001142664          27439.66346          23.01509       27437.32361
    0.0001167095          27405.47732          22.98884       27403.14286
    0.0001191833          27371.53377          22.96283       27369.20471
    0.0001216882          27337.82412          22.93704       27335.50047
    0.0001242246          27304.34002          22.91147       27302.02179
    0.0001267929          27271.07340          22.88611       27268.76059
    0.0001293936          27238.01650          22.86095       27235.70913
    0.0001320269          27205.16181          22.83600       27202.85990
    0.0001346934          27172.50212          22.81123       27170.20567
    0.0001373934          27140.03042          22.78666       27137.73946
    0.0001401273          27107.73998          22.76226       27105.45452
    0.0001428957          27075.62426          22.73805       27073.34431
    0.0001456989          27043.67693          22.71401       27041.40252
    0.0001485373          27011.89190          22.69013       27009.62303
    0.0001514115          26980.26322          22.66642       26977.99993
    0.0001543217          26948.78516          22.64287       26946.52746
    0.0001572686          26917.45215          22.61947       26915.20007
    0.0001602526          26886.25878          22.59623       26884.01234
    0.0001632741          26855.19981          22.57313       26852.95903
    0.0001663336          26824.27014          22.55018       26822.03505
    0.0001694316          26793.46482          22.52736       26791.23544
    0.0001725686          26762.77903          22.50469       26760.55538
    0.0001757450          26732.20809          22.48214       26729.99020
    0.0001789613          26701.74742          22.45972       26699.53534
    0.0001822182          26671.39260          22.43744       26669.18634
    0.0001855160          26641.13929          22.41527       26638.93888
    0.0001888552          26610.98328          22.39323       26608.78875
    0.0001922365          26580.92043          22.37130       26578.73183
    0.0001956603          26550.94675          22.34949       26548.76409
    0.0001991272          26521.05830          22.32778       26518.88163
    0.0002026377          26491.25125          22.30619       26489.08060
    0.0002061923          26461.52187          22.28471       26459.35727
    0.0002097917          26431.86648          22.26333       26429.70798
    0.0002134363          26402.28151          22.24205       26400.12914
    0.0002171268          26372.76345          22.22087       26370.61725
    0.0002208636          26343.30886          22.19979       26341.16887
    0.0002246475          26313.91440          22.17880       26311.78066
    0.0002284790          26284.57675          22.15791       26282.44930
    0.0002323587          26255.29269          22.13711       26253.17158
    0.0002362872          26226.05905          22.11640       26223.94431
    0.0002402651          26196.87272          22.09577       26194.76440
    0.0002442930          26167.73063          22.07523       26165.62878
    0.0002483716          26138.62980          22.05477       26136.53446
    0.0002525015          26109.56726          22.03440       26107.47849
    0.0002566834          26080.54013          22.01410       26078.45796
    0.0002609178          26051.54554          21.99388       26049.47003
    0.0002652055          26022.58068          21.97374       26020.51188
    0.0002695472          25993.64280          21.95368       25991.58076
    0.0002739434          25964.72917          21.93368       25962.67394
    0.0002783950          25935.83711          21.91377       25933.78874
    0.0002829025          25906.96397          21.89392       25904.92252
    0.0002874668          25878.10714          21.87414       25876.07267
    0.0002920884          25849.26405          21.85442       25847.23661
    0.0002967682          25820.43215          21.83478       25818.41181
    0.0003015069          25791.60895          21.81520       25789.59575
    0.0003063051          25762.79195          21.79568       25760.78596
    0.0003111637          25733.97872          21.77623       25731.97999
    0.0003160835          25705.16682          21.75684       25703.17543
    0.0003210651          25676.35386          21.73751       25674.36986
    0.0003261094          25647.53748          21.71824       25645.56093
    0.0003312171          25618.71531          21.69903       25616.74629
    0.0003363890          25589.88505          21.67987       25587.92362
    0.0003416261          25561.04439          21.66077       25559.09062
    0.0003469290          25532.19104          21.64173       25530.24500
    0.0003522986          25503.32275          21.62274       25501.38450
    0.0003577357          25474.43727          21.60381       25472.50689
    0.0003632412          25445.53238          21.58493       25443.60993
    0.0003688160          25416.60587          21.56610       25414.69143
    0.0003744609          25387.65554          21.54732       25385.74919
    0.0003801768          25358.67922          21.52860       25356.78103
    0.0003859646          25329.67474          21.50992       25327.78480
    0.0003918252          25300.63995          21.49129       25298.75833
    0.0003977596          25271.57272          21.47271       25269.69950
    0.0004037685          25242.47093          21.45418       25240.60618
    0.0004098531          25213.33244          21.43569       25211.47626
    0.0004160142          25184.15517          21.41726       25182.30764
    0.0004222528          25154.93701          21.39886       25153.09822
    0.0004285698          25125.67588          21.38052       25123.84591
    0.0004349663          25096.36971          21.36222       25094.54864
    0.0004414433          25067.01641          21.34396       25065.20435
    0.0004480017          25037.61394          21.32575       25035.81096
    0.0004546427          25008.16023          21.30758       25006.36644
    0.0004613672          24978.65323          21.28945       24976.86872
    0.0004681762          24949.09090          21.27137       24947.31576
    0.0004750709          24919.47120          21.25333       24917.70553
    0.0004820523          24889.79208          21.23533       24888.03598
    0.0004891216          24860.05153          21.21737       24858.30510
    0.0004962797          24830.24750          21.19946       24828.51085
    0.0005035279          24800.37798          21.18158       24798.65120
    0.0005108673          24770.44094          21.16375       24768.72414
    0.0005182990          24740.43435          21.14596       24738.72765
    0.0005258242          24710.35620          21.12820       24708.65969
    0.0005334440          24680.20446          21.11049       24678.51827
    0.0005411597          24649.97712          21.09282       24648.30135
    0.0005489724          24619.67215          21.07519       24618.00692
    0.0005568834          24589.28754          21.05760       24587.63296
    0.0005648939          24558.82127          21.04005       24557.17746
    0.0005730051          24528.27130          21.02255       24526.63838
    0.0005812184          24497.63563          21.00508       24496.01372
    0.0005895350          24466.91221          20.98765       24465.30145
    0.0005979562          24436.09904          20.97026       24434.49954
    0.0006064834          24405.19407          20.95291       24403.60596
    0.0006151178          24374.19527          20.93561       24372.61869
    0.0006238608          24343.10061          20.91834       24341.53568
    0.0006327137          24311.90805          20.90112       24310.35491
    0.0006416781          24280.61554          20.88393       24279.07432
    0.0006507551          24249.22104          20.86679       24247.69188
    0.0006599464          24217.72248          20.84969       24216.20553
    0.0006692533          24186.11783          20.83263       24184.61323
    0.0006786772          24154.40501          20.81562       24152.91290
    0.0006882197          24122.58195          20.79865       24121.10248
    0.0006978822          24090.64658          20.78172       24089.17990
    0.0007076662          24058.59683          20.76483       24057.14310
    0.0007175734          24026.43061          20.74799       24024.98997
    0.0007276051          23994.14582          20.73119       23992.71844
    0.0007377630          23961.74037          20.71444       23960.32641
    0.0007480487          23929.21216          20.69774       23927.81178
    0.0007584638          23896.55907          20.68108       23895.17243
    0.0007690098          23863.77898          20.66447       23862.40626
    0.0007796886          23830.86976          20.64791       23829.51113
    0.0007905016          23797.82929          20.63139       23796.48491
    0.0008014507          23764.65542          20.61493       23763.32547
    0.0008125374          23731.34600          20.59851       23730.03066
    0.0008237637          23697.89886          20.58215       23696.59833
    0.0008351311          23664.31186          20.56583       23663.02630
    0.0008466415          23630.58279          20.54957       23629.31240
    0.0008582967          23596.70949          20.53337       23595.45446
    0.0008700986          23562.68976          20.51722       23561.45029
    0.0008820488          23528.52140          20.50112       23527.29768
    0.0008941494          23494.20219          20.48509       23492.99442
    0.0009064022          23459.72992          20.46911       23458.53830
    0.0009188091          23425.10235          20.45319       23423.92709
    0.0009313721          23390.31724          20.43733       23389.15856
    0.0009440930          23355.37234          20.42153       23354.23045
    0.0009569740          23320.26540          20.40580       23319.14051
    0.0009700171          23284.99414          20.39013       23283.88648
    0.0009832241          23249.55627          20.37453       23248.46607
    0.0009965973          23213.94952          20.35899       23212.87700
    0.0010101388          23178.17158          20.34352       23177.11696
    0.0010238505          23142.22013          20.32813       23141.18367
    0.0010377347          23106.09286          20.31281       23105.07479
    0.0010517936          23069.78744          20.29756       23068.78799
    0.0010660293          23033.30151          20.28239       23032.32095
    0.0010804441          22996.63273          20.26729       22995.67130
    0.0010950402          22959.77872          20.25228       22958.83669
    0.0011098198          22922.73713          20.23734       22921.81474
    0.0011247854          22885.50555          20.22249       22884.60307
    0.0011399393          22848.08159          20.20773       22847.19930
    0.0011552837          22810.46284          20.19305       22809.60101
    0.0011708212          22772.64689          20.17847       22771.80580
    0.0011865540          22734.63130          20.16398       22733.81123
    0.0012024848          22696.41363          20.14958       22695.61486
    0.0012186160          22657.99142          20.13528       22657.21426
    0.0012349501          22619.36223          20.12108       22618.60696
    0.0012514896          22580.52356          20.10698       22579.79050
    0.0012682372          22541.47294          20.09298       22540.76239
    0.0012851954          22502.20787          20.07910       22501.52014
    0.0013023669          22462.72584          20.06532       22462.06125
    0.0013197545          22423.02434          20.05166       22422.38321
    0.0013373607          22383.10083          20.03812       22382.48349
    0.0013551884          22342.95278          20.02469       22342.35957
    0.0013732403          22302.57764          20.01139       22302.00889
    0.0013915193          22261.97284          19.99821       22261.42890
    0.0014100283          22221.13581          19.98517       22220.61704
    0.0014287700          22180.06399          19.97225       22179.57073
    0.0014477475          22138.75476          19.95948       22138.28739
    0.0014669637          22097.20554          19.94684       22096.76442
    0.0014864216          22055.41370          19.93435       22054.99922
    0.0015061242          22013.37663          19.92200       22012.98916
    0.0015260747          21971.09170          19.90980       21970.73164
    0.0015462761          21928.55627          19.89777       21928.22400
    0.0015667317          21885.76769          19.88589       21885.46361
    0.0015874445          21842.72329          19.87417       21842.44782
    0.0016084179          21799.42041          19.86262       21799.17397
    0.0016296550          21755.85637          19.85125       21755.63938
    0.0016511593          21712.02849          19.84005       21711.84138
    0.0016729341          21667.93407          19.82904       21667.77728
    0.0016949828          21623.57042          19.81821       21623.44439
    0.0017173089          21578.93482          19.80757       21578.84000
    0.0017399157          21534.02455          19.79714       21533.96141
    0.0017628069          21488.83689          19.78690       21488.80590
    0.0017859861          21443.36911          19.77687       21443.37074
    0.0018094568          21397.61847          19.76706       21397.65321
    0.0018332227          21351.58222          19.75746       21351.65057
    0.0018572876          21305.25762          19.74809       21305.36007
    0.0018816552          21258.64191          19.73895       21258.77898
    0.0019063293          21211.73232          19.73004       21211.90453
    0.0019313137          21164.52610          19.72138       21164.73396
    0.0019566124          21117.02046          19.71297       21117.26452
    0.0019822293          21069.21263          19.70481       21069.49345
    0.0020081685          21021.09984          19.69692       21021.41796
    0.0020344339          20972.67929          19.68929       20973.03529
    0.0020610297          20923.94821          19.68194       20924.34265
    0.0020879600          20874.90381          19.67488       20875.33728
    0.0021152291          20825.54329          19.66810       20826.01639
    0.0021428412          20775.86387          19.66163       20776.37721
    0.0021708006          20725.86275          19.65546       20726.41694
    0.0021991116          20675.53713          19.64960       20676.13280
    0.0022277788          20624.88423          19.64407       20625.52202
    0.0022568066          20573.90126          19.63887       20574.58182
    0.0022861995          20522.58541          19.63401       20523.30940
    0.0023159621          20470.93391          19.62949       20471.70201
    0.0023460991          20418.94396          19.62534       20419.75685
    0.0023766152          20366.61279          19.62154       20367.47116
    0.0024075151          20313.93760          19.61813       20314.84217
    0.0024388037          20260.91564          19.61509       20261.86711
    0.0024704858          20207.54411          19.61246       20208.54324
    0.0025025665          20153.82027          19.61022       20154.86779
    0.0025350507          20099.74135          19.60840       20100.83803
    0.0025679434          20045.30461          19.60701       20046.45121
    0.0026012500          19990.50729          19.60605       19991.70461
    0.0026349754          19935.34667          19.60554       19936.59550
    0.0026691251          19879.82002          19.60549       19881.12118
    0.0027037043          19823.92463          19.60590       19825.27895
    0.0027387185          19767.65780          19.60680       19769.06611
    0.0027741731          19711.01684          19.60819       19712.48000
    0.0028100737          19653.99906          19.61009       19655.51795
    0.0028464258          19596.60181          19.61250       19598.17732
    0.0028832352          19538.82244          19.61544       19540.45547
    0.0029205076          19480.65833          19.61893       19482.34979
    0.0029582489          19422.10685          19.62297       19423.85769
    0.0029964648          19363.16540          19.62758       19364.97657
    0.0030351615          19303.83143          19.63278       19305.70388
    0.0030743449          19244.10235          19.63858       19246.03709
    0.0031140212          19183.97565          19.64499       19185.97367
    0.0031541965          19123.44881          19.65202       19125.51113
    0.0031948772          19062.51934          19.65970       19064.64699
    0.0032360696          19001.18478          19.66804       19003.37882
    0.0032777801          18939.44269          19.67705       18941.70419
    0.0033200152          18877.29065          19.68675       18879.62071
    0.0033627817          18814.72629          19.69716       18817.12602
    0.0034060860          18751.74725          19.70829       18754.21778
    0.0034499351          18688.35121          19.72016       18690.89369
    0.0034943357          18624.53589          19.73278       18627.15149
    0.0035392948          18560.29902          19.74619       18562.98893
    0.0035848194          18495.63839          19.76039       18498.40383
    0.0036309166          18430.55182          19.77540       18433.39401
    0.0036775937          18365.03716          19.79124       18367.95736
    0.0037248579          18299.09230          19.80793       18302.09178
    0.0037727166          18232.71519          19.82549       18235.79525
    0.0038211774          18165.90379          19.84394       18169.06575
    0.0038702476          18098.65614          19.86331       18101.90134
    0.0039199351          18030.97029          19.88360       18034.30011
    0.0039702476          17962.84438          19.90485       17966.26019
    0.0040211929          17894.27656          19.92707       17897.77978
    0.0040727791          17825.26504          19.95029       17828.85712
    0.0041250141          17755.80810          19.97453       17759.49049
    0.0041779062          17685.90407          19.99981       17689.67825
    0.0042314635          17615.55131          20.02615       17619.41880
    0.0042856946          17544.74826          20.05359       17548.71060
    0.0043406077          17473.49343          20.08214       17477.55218
    0.0043962116          17401.78537          20.11183       17405.94211
    0.0044525149          17329.62270          20.14268       17333.87906
    0.0045095264          17257.00410          20.17472       17261.36173
    0.0045672551          17183.92834          20.20798       17188.38890
    0.0046257098          17110.39423          20.24248       17114.95943
    0.0046848999          17036.40067          20.27825       17041.07223
    0.0047448344          16961.94663          20.31532       16966.72632
    0.0048055229          16887.03114          20.35371       16891.92075
    0.0048669747          16811.65334          20.39345       16816.65467
    0.0049291994          16735.81242          20.43458       16740.92733
    0.0049922069          16659.50766          20.47712       16664.73803
    0.0050560069          16582.73843          20.52110       16588.08617
    0.0051206094          16505.50418          20.56656       16510.97123
    0.0051860245          16427.80445          20.61352       16433.39278
    0.0052522625          16349.63888          20.66201       16355.35049
    0.0053193336          16271.00717          20.71208       16276.84412
    0.0053872483          16191.90917          20.76374       16197.87351
    0.0054560173          16112.34477          20.81704       16118.43862
    0.0055256513          16032.31400          20.87201       16038.53950
    0.0055961612          15951.81697          20.92867       15958.17630
    0.0056675581          15870.85391          20.98708       15877.34927
    0.0057398529          15789.42515          21.04725       15796.05879
    0.0058130572          15707.53112          21.10924       15714.30532
    0.0058871822          15625.17238          21.17307       15632.08946
    0.0059622396          15542.34959          21.23878       15549.41190
    0.0060382411          15459.06353          21.30641       15466.27347
    0.0061151986          15375.31511          21.37599       15382.67511
    0.0061931241          15291.10535          21.44758       15298.61787
    0.0062720298          15206.43539          21.52120       15214.10295
    0.0063519280          15121.30650          21.59689       15129.13165
    0.0064328312          15035.72010          21.67470       15043.70541
    0.0065147520          14949.67772          21.75467       14957.82582
    0.0065977032          14863.18102          21.83683       14871.49459
    0.0066816979          14776.23182          21.92123       14784.71355
    0.0067667491          14688.83205          22.00792       14697.48470
    0.0068528701          14600.98382          22.09694       14609.81018
    0.0069400743          14512.68934          22.18832       14521.69224
    0.0070283755          14423.95101          22.28212       14433.13332
    0.0071177874          14334.77135          22.37837       14344.13599
    0.0072083239          14245.15304          22.47713       14254.70298
    0.0072999992          14155.09893          22.57845       14164.83717
    0.0073928276          14064.61200          22.68235       14074.54160
    0.0074868237          13973.69542          22.78890       13983.81946
    0.0075820022          13882.35251          22.89815       13892.67413
    0.0076783778          13790.58674          23.01013       13801.10912
    0.0077759656          13698.40177          23.12490       13709.12815
    0.0078747810          13605.80142          23.24251       13616.73507
    0.0079748393          13512.78969          23.36300       13523.93392
    0.0080761562          13419.37074          23.48643       13430.72893
    0.0081787476          13325.54892          23.61284       13337.12448
    0.0082826293          13231.32875          23.74230       13243.12515
    0.0083878177          13136.71496          23.87484       13148.73569
    0.0084943293          13041.71242          24.01052       13053.96105
    0.0086021805          12946.32622          24.14940       12958.80635
    0.0087113884          12850.56163          24.29152       12863.27691
    0.0088219700          12754.42412          24.43694       12767.37824
    0.0089339425          12657.91932          24.58571       12671.11604
    0.0090473234          12561.05310          24.73789       12574.49621
    0.0091621305          12463.83149          24.89353       12477.52484
    0.0092783817          12366.26075          25.05268       12380.20822
    0.0093960951          12268.34732          25.21540       12282.55286
    0.0095152892          12170.09785          25.38174       12184.56546
    0.0096359826          12071.51920          25.55177       12086.25290
    0.0097581941          11972.61843          25.72552       11987.62232
    0.0098819428          11873.40280          25.90307       11888.68102
    0.0100072481          11773.87981          26.08447       11789.43653
    0.0101341296          11674.05713          26.26976       11689.89659
    0.0102626070          11573.94267          26.45901       11590.06916
    0.0103927005          11473.54455          26.65228       11489.96239
    0.0105244303          11372.87110          26.84962       11389.58467
    0.0106578171          11271.93087          27.05108       11288.94460
    0.0107928818          11170.73262          27.25673       11188.05099
    0.0109296453          11069.28533          27.46661       11086.91285
    0.0110681290          10967.59821          27.68079       10985.53946
    0.0112083547          10865.68068          27.89932       10883.94026
    0.0113503443          10763.54237          28.12225       10782.12495
    0.0114941198          10661.19314          28.34965       10680.10342
    0.0116397038          10558.64308          28.58156       10577.88582
    0.0117871190          10455.90247          28.81804       10475.48247
    0.0119363885          10352.98185          29.05915       10372.90394
    0.0120875355          10249.89196          29.30494       10270.16102
    0.0122405838          10146.64374          29.55547       10167.26470
    0.0123955571          10043.24838          29.81078       10064.22621
    0.0125524798           9939.71727          30.07093        9961.05698
    0.0127113764           9836.06203          30.33597        9857.76866
    0.0128722716           9732.29448          30.60595        9754.37313
    0.0130351906           9628.42668          30.88093        9650.88246
    0.0132001588           9524.47088          31.16095        9547.30895
    0.0133672022           9420.43954          31.44606        9443.66511
    0.0135363467           9316.34535          31.73631        9339.96365
    0.0137076187           9212.20120          32.03174        9236.21750
    0.0138810451           9108.02019          32.33241        9132.43977
    0.0140566529           9003.81560          32.63836        9028.64381
    0.0142344696           8899.60094          32.94962        8924.84313
    0.0144145230           8795.38992          33.26624        8821.05146
    0.0145968411           8691.19641          33.58827        8717.28272
    0.0147814525           8587.03451          33.91574        8613.55103
    0.0149683861           8482.91850          34.24868        8509.87067
    0.0151576710           8378.86281          34.58714        8406.25612
    0.0153493368           8274.88211          34.93115        8302.72204
    0.0155434134           8170.99120          35.28074        8199.28327
    0.0157399313           8067.20507          35.63594        8095.95480
    0.0159389210           7963.53887          35.99678        7992.75180
    0.0161404137           7860.00793          36.36328        7889.68960
    0.0163444409           7756.62772          36.73548        7786.78367
    0.0165510344           7653.41386          37.11338        7684.04966
    0.0167602266           7550.38213          37.49701        7581.50334
    0.0169720501           7447.54844          37.88640        7479.16061
    0.0171865379           7344.92885          38.28154        7377.03752
    0.0174037238           7242.53952          38.68245        7275.15024
    0.0176236414           7140.39675          39.08914        7173.51506
    0.0178463253           7038.51695          39.50162        7072.14837
    0.0180718102           6936.91664          39.91989        6971.06668
    0.0183001314           6835.61244          40.34394        6870.28657
    0.0185313245           6734.62105          40.77377        6769.82473
    0.0187654256           6633.95926          41.20938        6669.69793
    0.0190024714           6533.64394          41.65076        6569.92299
    0.0192424988           6433.69202          42.09788        6470.51683
    0.0194855454           6334.12048          42.55073        6371.49637
    0.0197316492           6234.94638          43.00928        6272.87863
    0.0199808485           6136.18677          43.47352        6174.68063
    0.0202331824           6037.85878          43.94340        6076.91942
    0.0204886903           5939.97952          44.41889        5979.61208
    0.0207474121           5842.56613          44.89996        5882.77567
    0.0210093882           5745.63575          45.38655        5786.42728
    0.0212746595           5649.20549          45.87862        5690.58394
    0.0215432675           5553.29246          46.37612        5595.26268
    0.0218152543           5457.91373          46.87898        5500.48050
    0.0220906621           5363.08631          47.38714        5406.25433
    0.0223695342           5268.82718          47.90052        5312.60104
    0.0226519141           5175.15324          48.41906        5219.53744
    0.0229378459           5082.08129          48.94268        5127.08023
    0.0232273742           4989.62808          49.47128        5035.24606
    0.0235205444           4897.81021          50.00478        4944.05141
    0.0238174022           4806.64421          50.54307        4853.51269
    0.0241179940           4716.14645          51.08605        4763.64613
    0.0244223668           4626.33316          51.63361        4674.46785
    0.0247305681           4537.22042          52.18563        4585.99379
    0.0250426462           4448.82415          52.74200        4498.23973
    0.0253586496           4361.16009          53.30257        4411.22123
    0.0256786280           4274.24377          53.86722        4324.95368
    0.0260026311           4188.09052          54.43579        4239.45226
    0.0263307097           4102.71545          55.00814        4154.73189
    0.0266629150           4018.13345          55.58411        4070.80729
    0.0269992990           3934.35914          56.16353        3987.69289
    0.0273399141           3851.40690          56.74623        3905.40287
    0.0276848137           3769.29081          57.33204        3823.95113
    0.0280340515           3688.02468          57.92076        3743.35127
    0.0283876823           3607.62203          58.51219        3663.61658
    0.0287457611           3528.09603          59.10614        3584.76003
    0.0291083441           3449.45956          59.70240        3506.79426
    0.0294754877           3371.72513          60.30075        3429.73154
    0.0298472495           3294.90492          60.90095        3353.58380
    0.0302236874           3219.01072          61.50278        3278.36260
    0.0306048604           3144.05395          62.10600        3204.07909
    0.0309908279           3070.04564          62.71035        3130.74403
    0.0313816503           2996.99642          63.31557        3058.36777
    0.0317773887           2924.91647          63.92140        2986.96023
    0.0321781048           2853.81559          64.52756        2916.53089
    0.0325838613           2783.70310          65.13378        2847.08880
    0.0329947216           2714.58788          65.73975        2778.64252
    0.0334107498           2646.47834          66.34518        2711.20016
    0.0338320111           2579.38243          66.94977        2644.76934
    0.0342585712           2513.30761          67.55318        2579.35719
    0.0346904967           2448.26082          68.15511        2514.97032
    0.0351278552           2384.24853          68.75523        2451.61485
    0.0355707150           2321.27668          69.35318        2389.29638
    0.0360191453           2259.35067          69.94862        2328.01994
    0.0364732162           2198.47539          70.54120        2267.79008
    0.0369329985           2138.65519          71.13055        2208.61075
    0.0373985642           2079.89385          71.71631        2150.48537
    0.0378699860           2022.19462          72.29809        2093.41680
    0.0383473376           1965.56019          72.87551        2037.40733
    0.0388306935           1909.99265          73.44818        1982.45868
    0.0393201292           1855.49356          74.01569        1928.57197
    0.0398157213           1802.06388          74.57764        1875.74778
    0.0403175472           1749.70399          75.13362        1823.98606
    0.0408256853           1698.41370          75.68321        1773.28621
    0.0413402150           1648.19223          76.22598        1723.64700
    0.0418612166           1599.03819          76.76151        1675.06664
    0.0423887717           1550.94962          77.28935        1627.54273
    0.0429229626           1503.92399          77.80906        1581.07228
    0.0434638728           1457.95814          78.32021        1535.65170
    0.0440115867           1413.04834          78.82233        1491.27682
    0.0445661901           1369.19028          79.31497        1447.94287
    0.0451277696           1326.37906          79.79767        1405.64450
    0.0456964128           1284.60919          80.26998        1364.37577
    0.0462722087           1243.87462          80.73143        1324.13017
    0.0468552472           1204.16871          81.18154        1284.90060
    0.0474456194           1165.48428          81.61985        1246.67941
    0.0480434176           1127.81355          82.04589        1209.45839
    0.0486487352           1091.14822          82.45918        1173.22875
    0.0492616667           1055.47943          82.85925        1137.98119
    0.0498823080           1020.79780          83.24564        1103.70585
    0.0505107559            987.09340          83.61786        1070.39236
    0.0511471088            954.35579          83.97545        1038.02984
    0.0517914660            922.57405          84.31794        1006.60688
    0.0524439282            891.73674          84.64485         976.11162
    0.0531045974            861.83195          84.95573         946.53168
    0.0537735767            832.84729          85.25012         917.85426
    0.0544509708            804.76993          85.52755         890.06608
    0.0551368855            777.58662          85.78758         863.15346
    0.0558314279            751.28365          86.02976         837.10226
    0.0565347066            725.84692          86.25365         811.89798
    0.0572468314            701.26195          86.45881         787.52573
    0.0579679137            677.51389          86.64484         763.97025
    0.0586980661            654.58752          86.81130         741.21593
    0.0594374026            632.46729          86.95779         719.24685
    0.0601860389            611.13733          87.08391         698.04678
    0.0609440918            590.58151          87.18928         677.59921
    0.0617116799            570.78336          87.27352         657.88735
    0.0624889230            551.72622          87.33627         638.89418
    0.0632759427            533.39315          87.37719         620.60246
    0.0640728619            515.76702          87.39593         602.99475
    0.0648798050            498.83050          87.39217         586.05343
    0.0656968983            482.56609          87.36561         569.76075
    0.0665242693            466.95615          87.31596         554.09878
    0.0673620474            451.98291          87.24295         539.04954
    0.0682103634            437.62851          87.14632         524.59492
    0.0690693499            423.87498          87.02584         510.71678
    0.0699391411            410.70433          86.88128         497.39693
    0.0708198730            398.09852          86.71246         484.61717
    0.0717116831            386.03948          86.51919         472.35929
    0.0726147108            374.50919          86.30132         460.60515
    0.0735290972            363.48964          86.05871         449.33664
    0.0744549852            352.96287          85.79126         438.53573
    0.0753925193            342.91101          85.49886         428.18449
    0.0763418463            333.31631          85.18147         418.26513
    0.0773031143            324.16109          84.83903         408.76000
    0.0782764735            315.42787          84.47153         399.65159
    0.0792620761            307.09929          84.07897         390.92263
    0.0802600760            299.15821          83.66140         382.55601
    0.0812706293            291.58767          83.21886         374.53489
    0.0822938937            284.37094          82.75146         366.84265
    0.0833300293            277.49154          82.25928         359.46295
    0.0843791978            270.93324          81.74249         352.37976
    0.0854415632            264.68011          81.20124         345.57731
    0.0865172915            258.71649          80.63573         339.04019
    0.0876065508            253.02705          80.04618         332.75332
    0.0887095114            247.59678          79.43283         326.70197
    0.0898263454            242.41101          78.79598         320.87178
    0.0909572275            237.45545          78.13593         315.24879
    0.0921023344            232.71615          77.45300         309.81943
    0.0932618449            228.17957          76.74758         304.57052
    0.0944359403            223.83253          76.02004         299.48933
    0.0956248039            219.66228          75.27081         294.56354
    0.0968286217            215.65648          74.50034         289.78129
    0.0980475816            211.80321          73.70911         285.13115
    0.0992818741            208.09099          72.89762         280.60217
    0.1005316921            204.50875          72.06640         276.18385
    0.1017972309            201.04589          71.21602         271.86615
    0.1030786882            197.69225          70.34707         267.63951
    0.1043762642            194.43811          69.46015         263.49486
    0.1056901618            191.27422          68.55592         259.42359
    0.1070205861            188.19177          67.63502         255.41757
    0.1083677452            185.18241          66.69816         251.46916
    0.1097318494            182.23826          65.74605         247.57120
    0.1111131119            179.35188          64.77942         243.71698
    0.1125117486            176.51628          63.79903         239.90029
    0.1139279779            173.72493          62.80566         236.11537
    0.1153620212            170.97174          61.80011         232.35695
    0.1168141026            168.25105          60.78319         228.62018
    0.1182844489            165.55765          59.75574         224.90069
    0.1197732899            162.88676          58.71862         221.19453
    0.1212808582            160.23400          57.67268         217.49820
    0.1228073893            157.59541          56.61881         213.80862
    0.1243531219            154.96743          55.55790         210.12311
    0.1259182974            152.34692          54.49084         206.43942
    0.1275031603            149.73108          53.41856         202.75565
    0.1291079584            147.11751          52.34197         199.07031
    0.1307329424            144.50416          51.26198         195.38227
    0.1323783662            141.88932          50.17955         191.69073
    0.1340444868            139.27163          49.09558         187.99524
    0.1357315646            136.65003          48.01101         184.29567
    0.1374398633            134.02380          46.92679         180.59220
    0.1391696498            131.39248          45.84382         176.88528
    0.1409211942            128.75590          44.76304         173.17565
    0.1426947704            126.11415          43.68536         169.46430
    0.1444906554            123.46760          42.61169         165.75247
    0.1463091299            120.81679          41.54294         162.04160
    0.1481504780            118.16255          40.47998         158.33337
    0.1500149873            115.50586          39.42370         154.62961
    0.1519029494            112.84790          38.37495         150.93235
    0.1538146590            110.19004          37.33457         147.24376
    0.1557504150            107.53379          36.30340         143.56615
    0.1577105198            104.88080          35.28224         139.90195
    0.1596952797            102.23284          34.27186         136.25370
    0.1617050049             99.59180          33.27303         132.62402
    0.1637400092             96.95967          32.28649         129.01559
    0.1658006107             94.33851          31.31294         125.43117
    0.1678871315             91.73043          30.35307         121.87352
    0.1699998974             89.13763          29.40753         118.34546
    0.1721392386             86.56231          28.47694         114.84980
    0.1743054895             84.00671          27.56190         111.38934
    0.1764989884             81.47309          26.66297         107.96687
    0.1787200781             78.96368          25.78068         104.58514
    0.1809691057             76.48073          24.91551         101.24684
    0.1832464226             74.02643          24.06794          97.95462
    0.1855523846             71.60296          23.23838          94.71105
    0.1878873521             69.21245          22.42721          91.51863
    0.1902516898             66.85697          21.63480          88.37974
    0.1926457672             64.53850          20.86146          85.29668
    0.1950699585             62.25898          20.10746          82.27164
    0.1975246422             60.02025          19.37303          79.30667
    0.2000102022             57.82406          18.65840          76.40371
    0.2025270266             55.67207          17.96371          73.56457
    0.2050755087             53.56583          17.28909          70.79091
    0.2076560468             51.50678          16.63464          68.08424
    0.2102690441             49.49624          16.00040          65.44593
    0.2129149089             47.53543          15.38639          62.87720
    0.2155940545             45.62544          14.79259          60.37911
    0.2183068997             43.76723          14.21895          57.95256
    0.2210538682             41.96164          13.66537          55.59828
    0.2238353893             40.20938          13.13173          53.31687
    0.2266518977             38.51103          12.61787          51.10873
    0.2295038334             36.86704          12.12360          48.97414
    0.2323916420             35.27773          11.64870          46.91319
    0.2353157748             33.74331          11.19293          44.92582
    0.2382766886             32.26383          10.75599          43.01184
    0.2412748462             30.83925          10.33759          41.17087
    0.2443107159             29.46937           9.93739          39.40242
    0.2473847722             28.15390           9.55504          37.70584
    0.2504974953             26.89243           9.19015          36.08033
    0.2536493717             25.68443           8.84232          34.52499
    0.2568408938             24.52927           8.51114          33.03876
    0.2600725603             23.42620           8.19617          31.62048
    0.2633448761             22.37439           7.89694          30.26888
    0.2666583527             21.37290           7.61298          28.98255
    0.2700135076             20.42073           7.34382          27.76002
    0.2734108652             19.51676           7.08895          26.59971
    0.2768509563             18.65983           6.84787          25.49995
    0.2803343184             17.84869           6.62007          24.45901
    0.2838614958             17.08202           6.40502          23.47506
    0.2874330396             16.35847           6.20220          22.54624
    0.2910495080             15.67662           6.01108          21.67062
    0.2947114659             15.03499           5.83113          20.84623
    0.2984194855             14.43210           5.66182          20.07106
    0.3021741463             13.86641           5.50261          19.34307
    0.3059760350             13.33637           5.35299          18.66019
    0.3098257455             12.84039           5.21244          18.02036
    0.3137238794             12.37689           5.08042          17.42147
    0.3176710458             11.94427           4.95644          16.86146
    0.3216678614             11.54093           4.84000          16.33823
    0.3257149508             11.16529           4.73059          15.84973
    0.3298129462             10.81575           4.62774          15.39390
    0.3339624882             10.49074           4.53098          14.96873
    0.3381642249             10.18872           4.43985          14.57222
    0.3424188130              9.90815           4.35390          14.20242
    0.3467269172              9.64755           4.27270          13.85742
    0.3510892107              9.40545           4.19583          13.53535
    0.3555063751              9.18041           4.12290          13.23441
    0.3599791006              8.97106           4.05352          12.95282
    0.3645080860              8.77605           3.98731          12.68891
    0.3690940391              8.59409           3.92393          12.44102
    0.3737376764              8.42393           3.86304          12.20761
    0.3784397234              8.26438           3.80432          11.98716
    0.3832009149              8.11431           3.74749          11.77825
    0.3880219948              7.97262           3.69226          11.57954
    0.3929037164              7.83831           3.63837          11.38974
    0.3978468425              7.71039           3.58557          11.20765
    0.4028521455              7.58798           3.53365          11.03216
    0.4079204075              7.47022           3.48240          10.86221
    0.4130524203              7.35632           3.43164          10.69683
    0.4182489860              7.24556           3.38119          10.53513
    0.4235109163              7.13728           3.33091          10.37629
    0.4288390336              7.03085           3.28066          10.21957
    0.4342341704              6.92574           3.23031          10.06428
    0.4396971697              6.82143           3.17978           9.90984
    0.4452288850              6.71749           3.12897           9.75569
    0.4508301807              6.61353           3.07780           9.60138
    0.4565019320              6.50921           3.02623           9.44649
    0.4622450252              6.40423           2.97420           9.29069
    0.4680603577              6.29835           2.92168           9.13369
    0.4739488380              6.19137           2.86865           8.97525
    0.4799113862              6.08313           2.81511           8.81521
    0.4859489341              5.97352           2.76104           8.65343
    0.4920624250              5.86245           2.70647           8.48982
    0.4982528141              5.74988           2.65140           8.32436
    0.5045210688              5.63578           2.59587           8.15704
    0.5108681684              5.52019           2.53991           7.98790
    0.5172951046              5.40314           2.48356           7.81702
    0.5238028818              5.28470           2.42686           7.64449
    0.5303925167              5.16496           2.36988           7.47044
    0.5370650391              5.04403           2.31265           7.29503
    0.5438214914              4.92204           2.25525           7.11843
    0.5506629295              4.79913           2.19774           6.94083
    0.5575904222              4.67545           2.14018           6.76245
    0.5646050521              4.55118           2.08263           6.58350
    0.5717079151              4.42648           2.02518           6.40421
    0.5789001212              4.30154           1.96787           6.22482
    0.5861827941              4.17655           1.91079           6.04558
    0.5935570717              4.05168           1.85401           5.86673
    0.6010241064              3.92713           1.79758           5.68851
    0.6085850647              3.80310           1.74158           5.51117
    0.6162411283              3.67975           1.68608           5.33496
    0.6239934932              3.55729           1.63112           5.16011
    0.6318433709              3.43588           1.57679           4.98685
    0.6397919879              3.31570           1.52313           4.81541
    0.6478405862              3.19692           1.47020           4.64600
    0.6559904234              3.07970           1.41805           4.47883
    0.6642427729              2.96419           1.36674           4.31410
    0.6725989242              2.85052           1.31631           4.15198
    0.6810601829              2.73884           1.26680           3.99265
    0.6896278712              2.62927           1.21825           3.83626
    0.6983033277              2.52192           1.17070           3.68298
    0.7070879081              2.41689           1.12418           3.53292
    0.7159829848              2.31428           1.07873           3.38621
    0.7249899479              2.21417           1.03435           3.24296
    0.7341102046              2.11663           0.99109           3.10326
    0.7433451800              2.02173           0.94895           2.96719
    0.7526963171              1.92952           0.90795           2.83481
    0.7621650770              1.84003           0.86811           2.70619
    0.7717529392              1.75331           0.82942           2.58136
    0.7814614019              1.66937           0.79190           2.46036
    0.7912919821              1.58822           0.75556           2.34321
    0.8012462157              1.50988           0.72037           2.22990
    0.8113256582              1.43434           0.68636           2.12044
    0.8215318844              1.36159           0.65350           2.01482
    0.8318664892              1.29161           0.62179           1.91302
    0.8423310873              1.22437           0.59123           1.81500
    0.8529273138              1.15985           0.56179           1.72072
    0.8636568245              1.09800           0.53347           1.63014
    0.8745212958              1.03879           0.50624           1.54320
    0.8855224253              0.98217           0.48009           1.45984
    0.8966619320              0.92808           0.45499           1.38000
    0.9079415564              0.87646           0.43094           1.30361
    0.9193630610              0.82727           0.40790           1.23058
    0.9309282305              0.78043           0.38585           1.16084
    0.9426388719              0.73588           0.36477           1.09430
    0.9544968150              0.69355           0.34464           1.03088
    0.9665039127              0.65337           0.32542           0.97049
    0.9786620411              0.61527           0.30709           0.91304
    0.9909731000              0.57918           0.28962           0.85842
    1.0034390129              0.54503           0.27299           0.80656
    1.0160617276              0.51273           0.25717           0.75735
    1.0288432166              0.48223           0.24214           0.71070
    1.0417854769              0.45345           0.22785           0.66651
    1.0548905308              0.42631           0.21430           0.62469
    1.0681604260              0.40073           0.20144           0.58514
    1.0815972359              0.37666           0.18926           0.54778
    1.0952030601              0.35402           0.17772           0.51250
    1.1089800245              0.33275           0.16681           0.47923
    1.1229302818              0.31276           0.15649           0.44786
    1.1370560117              0.29401           0.14673           0.41831
    1.1513594214              0.27642           0.13753           0.39050
    1.1658427459              0.25993           0.12884           0.36435
    1.1805082481              0.24449           0.12065           0.33977
    1.1953582197              0.23003           0.11293           0.31668
    1.2103949809              0.21651           0.10566           0.29501
    1.2256208813              0.20385           0.09882           0.27469
    1.2410382999              0.19202           0.09238           0.25564
    1.2566496458              0.18097           0.08634           0.23780
    1.2724573582              0.17064           0.08066           0.22110
    1.2884639072              0.16099           0.07532           0.20547
    1.3046717938              0.15197           0.07032           0.19086
    1.3210835505              0.14356           0.06563           0.17721
    1.3377017417              0.13570           0.06123           0.16447
    1.3545289640              0.12835           0.05712           0.15257
    1.3715678467              0.12150           0.05326           0.14147
    1.3888210522              0.11509           0.04966           0.13112
    1.4062912762              0.10911           0.04629           0.12148
    1.4239812487              0.10351           0.04313           0.11250
    1.4418937336              0.09828           0.04019           0.10414
    1.4600315298              0.09338           0.03744           0.09636
    1.4783974714              0.08879           0.03487           0.08913
    1.4969944281              0.08450           0.03248           0.08240
    1.5158253058              0.08047           0.03025           0.07615
    1.5348930467              0.07669           0.02817           0.07035
    1.5542006303              0.07314           0.02623           0.06496
    1.5737510734              0.06980           0.02442           0.05996
    1.5935474308              0.06665           0.02274           0.05533
    1.6135927957              0.06369           0.02117           0.05103
    1.6338903002              0.06090           0.01972           0.04704
    1.6544431159              0.05825           0.01836           0.04335
    1.6752544543              0.05576           0.01710           0.03993
    1.6963275670              0.05339           0.01593           0.03677
    1.7176657469              0.05115           0.01484           0.03384
    1.7392723280              0.04902           0.01383           0.03113
    1.7611506865              0.04699           0.01289           0.02863
    1.7833042408              0.04506           0.01202           0.02631
    1.8057364526              0.04322           0.01121           0.02417
    1.8284508268              0.04147           0.01046           0.02220
    1.8514509127              0.03979           0.00976           0.02038
    1.8747403040              0.03818           0.00911           0.01869
    1.8983226399              0.03664           0.00851           0.01714
    1.9222016050              0.03517           0.00795           0.01571
    1.9463809305              0.03375           0.00743           0.01439
    1.9708643945              0.03239           0.00695           0.01317
    1.9956558225              0.03108           0.00651           0.01205
    2.0207590883              0.02982           0.00609           0.01102
    2.0461781144              0.02860           0.00571           0.01007
    2.0719168724              0.02743           0.00535           0.00920
    2.0979793842              0.02630           0.00502           0.00840
    2.1243697219              0.02522           0.00471           0.00766
    2.1510920093              0.02416           0.00442           0.00699
    2.1781504217              0.02315           0.00416           0.00637
    2.2055491870              0.02217           0.00391           0.00580
    2.2332925863              0.02122           0.00368           0.00527
    2.2613849547              0.02031           0.00346           0.00479
    2.2898306815              0.01942           0.00326           0.00436
    2.3186342115              0.01857           0.00308           0.00396
    2.3478000454              0.01774           0.00290           0.00359
    2.3773327402              0.01695           0.00274           0.00325
    2.4072369107              0.01618           0.00259           0.00295
    2.4375172293              0.01544           0.00245           0.00267
    2.4681784274              0.01472           0.00232           0.00241
    2.4992252959              0.01403           0.00220           0.00218
    2.5306626859              0.01336           0.00208           0.00197
    2.5624955097              0.01272           0.00197           0.00177
    2.5947287410              0.01210           0.00187           0.00160
    2.6273674165              0.01151           0.00177           0.00144
    2.6604166360              0.01094           0.00168           0.00130
    2.6938815635              0.01039           0.00160           0.00116
    2.7277674280              0.00986           0.00152           0.00105
    2.7620795242              0.00935           0.00144           0.00094
    2.7968232134              0.00886           0.00137           0.00084
    2.8320039244              0.00839           0.00131           0.00075
    2.8676271543              0.00794           0.00124           0.00067
    2.9036984693              0.00751           0.00118           0.00060
    2.9402235056              0.00710           0.00113           0.00054
    2.9772079702              0.00671           0.00107           0.00048
    3.0146576422              0.00633           0.00102           0.00043
    3.0525783730              0.00598           0.00097           0.00038
    3.0909760879              0.00563           0.00093           0.00034
    3.1298567866              0.00531           0.00088           0.00030
    3.1692265443              0.00500           0.00084           0.00026
    3.2090915126              0.00470           0.00080           0.00023
    3.2494579204              0.00442           0.00076           0.00021
    3.2903320752              0.00415           0.00072           0.00018
    3.3317203635              0.00390           0.00069           0.00016
    3.3736292524              0.00366           0.00066           0.00014
    3.4160652903              0.00343           0.00062           0.00013
    3.4590351077              0.00321           0.00059           0.00011
    3.5025454190              0.00301           0.00056           0.00010
    3.5466030226              0.00281           0.00054           0.00008
    3.5912148026              0.00263           0.00051           0.00007
    3.6363877297              0.00246           0.00048           0.00006
    3.6821288623              0.00230           0.00046           0.00006
    3.7284453476              0.00214           0.00044           0.00005
    3.7753444225              0.00200           0.00041           0.00004
    3.8228334151              0.00186           0.00039           0.00004
    3.8709197457              0.00173           0.00037           0.00003
    3.9196109280              0.00161           0.00035           0.00003
    3.9689145698              0.00150           0.00033           0.00002
    4.0188383752              0.00140           0.00032           0.00002
    4.0693901447              0.00130           0.00030           0.00002
    4.1205777772              0.00120           0.00028           0.00002
    4.1724092709              0.00112           0.00027           0.00001
    4.2248927245              0.00104           0.00025           0.00001
    4.2780363386              0.00096           0.00024           0.00001
    4.3318484172              0.00089           0.00022           0.00001
    4.3863373684              0.00082           0.00021           0.00001
    4.4415117062              0.00076           0.00020           0.00001
    4.4973800517              0.00071           0.00019           0.00001
    4.5539511345              0.00065           0.00018           0.00000
    4.6112337939              0.00060           0.00017           0.00000
    4.6692369805              0.00056           0.00016           0.00000
    4.7279697574              0.00051           0.00015           0.00000
    4.7874413016              0.00047           0.00014           0.00000
    4.8476609058              0.00044           0.00013           0.00000
    4.9086379794              0.00040           0.00012           0.00000
    4.9703820501              0.00037           0.00011           0.00000
    5.0329027656              0.00034           0.00010           0.00000
    5.0962098949              0.00031           0.00010           0.00000
    5.1603133299              0.00029           0.00009           0.00000
    5.2252230868              0.00027           0.00009           0.00000
    5.2909493080              0.00024           0.00008           0.00000
    5.3575022632              0.00022           0.00007           0.00000
    5.4248923516              0.00021           0.00007           0.00000
    5.4931301029              0.00019           0.00006           0.00000
    5.5622261795              0.00017           0.00006           0.00000
    5.6321913777              0.00016           0.00006           0.00000
    5.7030366298              0.00015           0.00005           0.00000
    5.7747730055              0.00013           0.00005           0.00000
    5.8474117136              0.00012           0.00004           0.00000
    5.9209641043              0.00011           0.00004           0.00000
    5.9954416701              0.00010           0.00004           0.00000
    6.0708560484              0.00009           0.00003           0.00000
    6.1472190228              0.00008           0.00003           0.00000
    6.2245425251              0.00008           0.00003           0.00000
    6.3028386374              0.00007           0.00003           0.00000
    6.3821195936              0.00006           0.00002           0.00000
    6.4623977814              0.00006           0.00002           0.00000
    6.5436857445              0.00005           0.00002           0.00000
    6.6259961843              0.00005           0.00002           0.00000
    6.7093419620              0.00004           0.00002           0.00000
    6.7937361005              0.00004           0.00002           0.00000
    6.8791917866              0.00004           0.00001           0.00000
    6.9657223729              0.00003           0.00001           0.00000
    7.0533413799              0.00003           0.00001           0.00000
    7.1420624985              0.00003           0.00001           0.00000
    7.2318995913              0.00002           0.00001           0.00000
    7.3228666956              0.00002           0.00001           0.00000
    7.4149780252              0.00002           0.00001           0.00000
    7.5082479728              0.00002           0.00001           0.00000
    7.6026911118              0.00002           0.00001           0.00000
    7.6983221993              0.00001           0.00001           0.00000
    7.7951561778              0.00001           0.00001           0.00000
    7.8932081778              0.00001           0.00001           0.00000
    7.9924935201              0.00001           0.00000           0.00000
    8.0930277183              0.00001           0.00000           0.00000
    8.1948264811              0.00001           0.00000           0.00000
    8.2979057146              0.00001           0.00000           0.00000
    8.4022815253              0.00001           0.00000           0.00000
    8.5079702221              0.00001           0.00000           0.00000
    8.6149883190              0.00001           0.00000           0.00000
    8.7233525379              0.00000           0.00000           0.00000
    8.8330798108              0.00000           0.00000           0.00000
    8.9441872829              0.00000           0.00000           0.00000
    9.0566923150              0.00000           0.00000           0.00000
    9.1706124862              0.00000           0.00000           0.00000
    9.2859655967              0.00000           0.00000           0.00000
    9.4027696707              0.00000           0.00000           0.00000
    9.5210429592              0.00000           0.00000           0.00000
    9.6408039424              0.00000           0.00000           0.00000
    9.7620713334              0.00000           0.00000           0.00000
    9.8848640804              0.00000           0.00000           0.00000
   10.0092013700              0.00000           0.00000           0.00000
   10.1351026301              0.00000           0.00000           0.00000
   10.2625875332              0.00000           0.00000           0.00000
   10.3916759989              0.00000           0.00000           0.00000
   10.5223881977              0.00000           0.00000           0.00000
   10.6547445535              0.00000           0.00000           0.00000
   10.7887657473              0.00000           0.00000           0.00000
   10.9244727202              0.00000           0.00000           0.00000
   11.0618866767              0.00000           0.00000           0.00000
   11.2010290880              0.00000           0.00000           0.00000
   11.3419216953              0.00000           0.00000           0.00000
   11.4845865135              0.00000           0.00000           0.00000
   11.6290458342              0.00000           0.00000           0.00000
   11.7753222295              0.00000           0.00000           0.00000
   11.9234385553              0.00000           0.00000           0.00000
   12.0734179551              0.00000           0.00000           0.00000
   12.2252838635              0.00000           0.00000           0.00000
   12.3790600100              0.00000           0.00000           0.00000
   12.5347704222              0.00000           0.00000           0.00000
   12.6924394303              0.00000           0.00000           0.00000
   12.8520916704              0.00000           0.00000           0.00000
   13.0137520884              0.00000           0.00000           0.00000
   13.1774459442              0.00000           0.00000           0.00000
   13.3431988152              0.00000           0.00000           0.00000
   13.5110366007              0.00000           0.00000           0.00000
   13.6809855256              0.00000           0.00000           0.00000
   13.8530721448              0.00000           0.00000           0.00000
   14.0273233472              0.00000           0.00000           0.00000
   14.2037663600              0.00000           0.00000           0.00000
   14.3824287526              0.00000           0.00000           0.00000
   14.5633384415              0.00000           0.00000           0.00000
   14.7465236941              0.00000           0.00000           0.00000
   14.9320131335              0.00000           0.00000           0.00000
   15.1198357429              0.00000           0.00000           0.00000
   15.3100208699              0.00000           0.00000           0.00000
   15.5025982312              0.00000           0.00000           0.00000
   15.6975979176              0.00000           0.00000           0.00000
   15.8950503981              0.00000           0.00000           0.00000
   16.0949865250              0.00000           0.00000           0.00000
   16.2974375389              0.00000           0.00000           0.00000
   16.5024350729              0.00000           0.00000           0.00000
   16.7100111586              0.00000           0.00000           0.00000
   16.9201982300              0.00000           0.00000           0.00000
   17.1330291292              0.00000           0.00000           0.00000
   17.3485371116              0.00000           0.00000           0.00000
   17.5667558508              0.00000           0.00000           0.00000
   17.7877194437              0.00000           0.00000           0.00000
   18.0114624165              0.00000           0.00000           0.00000
   18.2380197295              0.00000           0.00000           0.00000
   18.4674267826              0.00000           0.00000           0.00000
   18.6997194213              0.00000           0.00000           0.00000
   18.9349339416              0.00000           0.00000           0.00000
   19.1731070964              0.00000           0.00000           0.00000
   19.4142761006              0.00000           0.00000           0.00000
   19.6584786375              0.00000           0.00000           0.00000
   19.9057528642              0.00000           0.00000           0.00000
   20.1561374178              0.00000           0.00000           0.00000
   20.4096714213              0.00000           0.00000           0.00000
   20.6663944900              0.00000           0.00000           0.00000
   20.9263467374              0.00000           0.00000           0.00000
   21.1895687815              0.00000           0.00000           0.00000
   21.4561017514              0.00000           0.00000           0.00000
   21.7259872933              0.00000           0.00000           0.00000
   21.9992675774              0.00000           0.00000           0.00000
   22.2759853043              0.00000           0.00000           0.00000
   22.5561837117              0.00000           0.00000           0.00000
   22.8399065813              0.00000           0.00000           0.00000
   23.1271982452              0.00000           0.00000           0.00000
   23.4181035933              0.00000           0.00000           0.00000
   23.7126680803              0.00000           0.00000           0.00000
   24.0109377324              0.00000           0.00000           0.00000
   24.3129591549              0.00000           0.00000           0.00000
   24.6187795392              0.00000           0.00000           0.00000
   24.9284466704              0.00000           0.00000           0.00000
   25.2420089346              0.00000           0.00000           0.00000
   25.5595153266              0.00000           0.00000           0.00000
   25.8810154573              0.00000           0.00000           0.00000
   26.2065595618              0.00000           0.00000           0.00000
   26.5361985071              0.00000           0.00000           0.00000
   26.8699837998              0.00000           0.00000           0.00000
   27.2079675947              0.00000           0.00000           0.00000
   27.5502027024              0.00000           0.00000           0.00000
   27.8967425978              0.00000           0.00000           0.00000
   28.2476414285              0.00000           0.00000           0.00000
   28.6029540231              0.00000           0.00000           0.00000
   28.9627358999              0.00000           0.00000           0.00000
   29.3270432757              0.00000           0.00000           0.00000
   29.6959330742              0.00000           0.00000           0.00000
   30.0694629351              0.00000           0.00000           0.00000
   30.4476912232              0.00000           0.00000           0.00000
   30.8306770376              0.00000           0.00000           0.00000
   31.2184802204              0.00000           0.00000           0.00000
   31.6111613668              0.00000           0.00000           0.00000
   32.0087818340              0.00000           0.00000           0.00000
   32.4114037509              0.00000           0.00000           0.00000
   32.8190900281              0.00000           0.00000           0.00000
   33.2319043674              0.00000           0.00000           0.00000
   33.6499112719              0.00000           0.00000           0.00000
   34.0731760559              0.00000           0.00000           0.00000
   34.5017648555              0.00000           0.00000           0.00000
   34.9357446386              0.00000           0.00000           0.00000
   35.3751832154              0.00000           0.00000           0.00000
   35.8201492489              0.00000           0.00000           0.00000
   36.2707122662              0.00000           0.00000           0.00000
   36.7269426686              0.00000           0.00000           0.00000
   37.1889117429              0.00000           0.00000           0.00000
   37.6566916729              0.00000           0.00000           0.00000
   38.1303555501              0.00000           0.00000           0.00000
   38.6099773854              0.00000           0.00000           0.00000
   39.0956321207              0.00000           0.00000           0.00000
   39.5873956405              0.00000           0.00000           0.00000
   40.0853447840              0.00000           0.00000           0.00000
   40.5895573566              0.00000           0.00000           0.00000
   41.1001121426              0.00000           0.00000           0.00000
   41.6170889173              0.00000           0.00000           0.00000
   42.1405684593              0.00000           0.00000           0.00000
   42.6706325633              0.00000           0.00000           0.00000
   43.2073640530              0.00000           0.00000           0.00000
   43.7508467937              0.00000           0.00000           0.00000
   44.3011657057              0.00000           0.00000           0.00000
   44.8584067775              0.00000           0.00000           0.00000
   45.4226570791              0.00000           0.00000           0.00000
   45.9940047758              0.00000           0.00000           0.00000
   46.5725391418              0.00000           0.00000           0.00000
   47.1583505743              0.00000           0.00000           0.00000
   47.7515306075              0.00000           0.00000           0.00000
   48.3521719270              0.00000           0.00000           0.00000
   48.9603683842              0.00000           0.00000           0.00000
   49.5762150111              0.00000           0.00000           0.00000
   50.1998080350              0.00000           0.00000           0.00000
   50.8312448935              0.00000           0.00000           0.00000
   51.4706242499              0.00000           0.00000           0.00000
   52.1180460086              0.00000           0.00000           0.00000
   52.7736113304              0.00000           0.00000           0.00000
   53.4374226490              0.00000           0.00000           0.00000
   54.1095836860              0.00000           0.00000           0.00000
   54.7901994680              0.00000           0.00000           0.00000
   55.4793763427              0.00000           0.00000           0.00000
   56.1772219953              0.00000           0.00000           0.00000
   56.8838454656              0.00000           0.00000           0.00000
   57.5993571650              0.00000           0.00000           0.00000
   58.3238688937              0.00000           0.00000           0.00000
   59.0574938580              0.00000           0.00000           0.00000
   59.8003466884              0.00000           0.00000           0.00000
   60.5525434571              0.00000           0.00000           0.00000
   61.3142016964              0.00000           0.00000           0.00000
   62.0854404169              0.00000           0.00000           0.00000
   62.8663801264              0.00000           0.00000           0.00000
   63.6571428481              0.00000           0.00000           0.00000
   64.4578521404              0.00000           0.00000           0.00000
   65.2686331157              0.00000           0.00000           0.00000
   66.0896124603              0.00000           0.00000           0.00000
   66.9209184537              0.00000           0.00000           0.00000
   67.7626809893              0.00000           0.00000           0.00000
   68.6150315941              0.00000           0.00000           0.00000
   69.4781034498              0.00000           0.00000           0.00000
   70.3520314129              0.00000           0.00000           0.00000
   71.2369520366              0.00000           0.00000           0.00000
   72.1330035915              0.00000           0.00000           0.00000
   73.0403260874              0.00000           0.00000           0.00000
   73.9590612954              0.00000           0.00000           0.00000
   74.8893527696              0.00000           0.00000           0.00000
   75.8313458701              0.00000           0.00000           0.00000
   76.7851877852              0.00000           0.00000           0.00000
   77.7510275546              0.00000           0.00000           0.00000
   78.7290160927              0.00000           0.00000           0.00000
   79.7193062122              0.00000           0.00000           0.00000
   80.7220526480              0.00000           0.00000           0.00000
   81.7374120813              0.00000           0.00000           0.00000
   82.7655431640              0.00000           0.00000           0.00000
   83.8066065436              0.00000           0.00000           0.00000
   84.8607648886              0.00000           0.00000           0.00000
   85.9281829132              0.00000           0.00000           0.00000
   87.0090274038              0.00000           0.00000           0.00000
   88.1034672443              0.00000           0.00000           0.00000
   89.2116734434              0.00000           0.00000           0.00000
   90.3338191604              0.00000           0.00000           0.00000
   91.4700797330              0.00000           0.00000           0.00000
   92.6206327041              0.00000           0.00000           0.00000
   93.7856578500              0.00000           0.00000           0.00000
   94.9653372082              0.00000           0.00000           0.00000
   96.1598551061              0.00000           0.00000           0.00000
   97.3693981895              0.00000           0.00000           0.00000
   98.5941554519              0.00000           0.00000           0.00000
   99.8343182642              0.00000           0.00000           0.00000
  101.0900804044              0.00000           0.00000           0.00000
  102.3616380878              0.00000           0.00000           0.00000
  103.6491899978              0.00000           0.00000           0.00000
  104.9529373172              0.00000           0.00000           0.00000
  106.2730837591              0.00000           0.00000           0.00000
  107.6098355990              0.00000           0.00000           0.00000
  108.9634017071              0.00000           0.00000           0.00000
  110.3339935810              0.00000           0.00000           0.00000
  111.7218253783              0.00000           0.00000           0.00000
  113.1271139506              0.00000           0.00000           0.00000
  114.5500788772              0.00000           0.00000           0.00000
  115.9909424991              0.00000           0.00000           0.00000
  117.4499299542              0.00000           0.00000           0.00000
  118.9272692123              0.00000           0.00000           0.00000
