  0.0000     -0.83153
  0.0100     -0.83153
  0.0202     -0.83153
  0.0302     -0.83153
  0.0403     -0.83153
  0.0505     -0.83153
  0.0602     -0.83153
  0.0708     -0.83154
  0.0803     -0.83155
  0.0910     -0.83157
  0.1005     -0.83158
  0.1111     -0.83161
  0.1213     -0.83165
  0.1307     -0.83169
  0.1409     -0.83174
  0.1500     -0.83180
  0.1617     -0.83190
  0.1721     -0.83200
  0.1810     -0.83211
  0.1903     -0.83224
  0.2000     -0.83239
  0.2103     -0.83258
  0.2211     -0.83281
  0.2324     -0.83310
  0.2413     -0.83335
  0.2505     -0.83364
  0.2601     -0.83397
  0.2700     -0.83436
  0.2803     -0.83481
  0.2910     -0.83534
  0.3022     -0.83594
  0.3137     -0.83664
  0.3217     -0.83716
  0.3340     -0.83805
  0.3424     -0.83872
  0.3511     -0.83945
  0.3645     -0.84070
  0.3737     -0.84163
  0.3832     -0.84266
  0.3929     -0.84379
  0.4029     -0.84503
  0.4131     -0.84640
  0.4235     -0.84790
  0.4342     -0.84955
  0.4452     -0.85136
  0.4508     -0.85233
  0.4622     -0.85441
  0.4739     -0.85669
  0.4859     -0.85919
  0.4921     -0.86053
  0.5045     -0.86340
  0.5109     -0.86494
  0.5238     -0.86823
  0.5304     -0.87000
  0.5438     -0.87376
  0.5507     -0.87578
  0.5646     -0.88009
  0.5717     -0.88239
  0.5862     -0.88731
  0.5936     -0.88994
  0.6010     -0.89268
  0.6162     -0.89854
  0.6240     -0.90167
  0.6318     -0.90493
  0.6478     -0.91189
  0.6560     -0.91559
  0.6642     -0.91946
  0.6726     -0.92349
  0.6811     -0.92769
  0.6983     -0.93663
  0.7071     -0.94138
  0.7160     -0.94633
  0.7250     -0.95148
  0.7341     -0.95684
  0.7433     -0.96242
  0.7527     -0.96822
  0.7622     -0.97425
  0.7718     -0.98052
  0.7815     -0.98703
  0.7913     -0.99380
  0.8012     -1.00083
  0.8113     -1.00812
  0.8215     -1.01569
  0.8319     -1.02353
  0.8423     -1.03166
  0.8529     -1.04009
  0.8637     -1.04882
  0.8745     -1.05785
  0.8855     -1.06720
  0.8967     -1.07686
  0.9079     -1.08685
  0.9194     -1.09716
  0.9309     -1.10781
  0.9426     -1.11879
  0.9545     -1.13011
  0.9665     -1.14178
  0.9787     -1.15378
  0.9910     -1.16614
  1.0034     -1.17883
  1.0161     -1.19187
  1.0288     -1.20525
  1.0418     -1.21896
  1.0549     -1.23301
  1.0682     -1.24738
  1.0816     -1.26206
  1.0952     -1.27706
  1.1090     -1.29235
  1.1229     -1.30791
  1.1371     -1.32375
  1.1514     -1.33983
  1.1658     -1.35613
  1.1805     -1.37264
  1.1954     -1.38932
  1.2104     -1.40614
  1.2256     -1.42308
  1.2410     -1.44010
  1.2566     -1.45716
  1.2725     -1.47422
  1.2885     -1.49123
  1.3047     -1.50814
  1.3211     -1.52490
  1.3377     -1.54145
  1.3545     -1.55773
  1.3716     -1.57367
  1.3888     -1.58922
  1.4063     -1.60428
  1.4240     -1.61879
  1.4419     -1.63267
  1.4600     -1.64584
  1.4784     -1.65820
  1.4970     -1.66966
  1.5158     -1.68014
  1.5349     -1.68954
  1.5542     -1.69776
  1.5738     -1.70471
  1.5935     -1.71028
  1.6136     -1.71439
  1.6339     -1.71693
  1.6544     -1.71781
  1.6753     -1.71695
  1.6963     -1.71425
  1.7177     -1.70964
  1.7393     -1.70304
  1.7612     -1.69440
  1.7833     -1.68366
  1.8057     -1.67078
  1.8285     -1.65573
  1.8515     -1.63851
  1.8747     -1.61911
  1.8983     -1.59756
  1.9222     -1.57392
  1.9464     -1.54824
  1.9709     -1.52062
  1.9957     -1.49118
  2.0208     -1.46006
  2.0462     -1.42743
  2.0719     -1.39349
  2.0980     -1.35846
  2.1244     -1.32258
  2.1511     -1.28613
  2.1782     -1.24940
  2.2055     -1.21269
  2.2333     -1.17632
  2.2614     -1.14060
  2.2898     -1.10583
  2.3186     -1.07229
  2.3478     -1.04024
  2.3773     -1.00984
  2.4072     -0.98120
  2.4375     -0.95430
  2.4682     -0.92896
  2.4992     -0.90480
  2.5307     -0.88133
  2.5625     -0.85843
  2.5947     -0.83608
  2.6274     -0.81427
  2.6604     -0.79298
  2.6939     -0.77221
  2.7278     -0.75193
  2.7621     -0.73214
  2.7968     -0.71282
  2.8320     -0.69397
  2.8676     -0.67557
  2.9037     -0.65761
  2.9402     -0.64009
  2.9772     -0.62299
  3.0147     -0.60631
  3.0526     -0.59003
  3.0910     -0.57416
  3.1299     -0.55867
  3.1692     -0.54357
  3.2091     -0.52885
  3.2495     -0.51450
  3.2903     -0.50051
  3.3317     -0.48687
  3.3736     -0.47359
  3.4161     -0.46066
  3.4590     -0.44807
  3.5025     -0.43581
  3.5466     -0.42388
  3.5912     -0.41227
  3.6364     -0.40099
  3.6821     -0.39001
  3.7284     -0.37935
  3.7753     -0.36899
  3.8228     -0.35892
  3.8709     -0.34915
  3.9196     -0.33966
  3.9689     -0.33046
  4.0188     -0.32153
  4.0694     -0.31286
  4.1206     -0.30446
  4.1724     -0.29632
  4.2249     -0.28843
  4.2780     -0.28077
  4.3318     -0.27336
  4.3863     -0.26617
  4.4415     -0.25921
  4.4974     -0.25247
  4.5540     -0.24593
  4.6112     -0.23960
  4.6692     -0.23347
  4.7280     -0.22752
  4.7874     -0.22176
  4.8477     -0.21618
  4.9086     -0.21076
  4.9704     -0.20551
  5.0329     -0.20042
  5.0962     -0.19548
  5.1603     -0.19068
  5.2252     -0.18603
  5.2909     -0.18151
  5.3575     -0.17712
  5.4249     -0.17285
  5.4931     -0.16870
  5.5622     -0.16467
  5.6322     -0.16074
  5.7030     -0.15692
  5.7748     -0.15320
  5.8474     -0.14957
  5.9210     -0.14603
  5.9954     -0.14258
  6.0709     -0.13920
  6.1472     -0.13591
  6.2245     -0.13269
  6.3028     -0.12954
  6.3821     -0.12645
  6.4624     -0.12343
  6.5437     -0.12046
  6.6260     -0.11755
  6.7093     -0.11470
  6.7937     -0.11189
  6.8792     -0.10912
  6.9657     -0.10641
  7.0533     -0.10373
  7.1421     -0.10109
  7.2319     -0.09848
  7.3229     -0.09592
  7.4150     -0.09338
  7.5082     -0.09088
  7.6027     -0.08840
  7.6983     -0.08596
  7.7952     -0.08355
  7.8932     -0.08116
  7.9925     -0.07880
  8.0930     -0.07648
  8.1948     -0.07418
  8.2979     -0.07190
  8.4023     -0.06966
  8.5080     -0.06745
  8.6150     -0.06527
  8.7234     -0.06312
  8.8331     -0.06101
  8.9442     -0.05893
  9.0567     -0.05688
  9.1706     -0.05487
  9.2860     -0.05289
  9.4028     -0.05095
  9.5210     -0.04905
  9.6408     -0.04720
  9.7621     -0.04538
  9.8849     -0.04360
 10.0092     -0.04186
 10.1351     -0.04017
 10.2626     -0.03852
 10.3917     -0.03691
 10.5224     -0.03534
 10.6547     -0.03382
 10.7888     -0.03235
 10.9245     -0.03091
 11.0619     -0.02952
 11.2010     -0.02818
 11.3419     -0.02688
 11.4846     -0.02562
 11.6290     -0.02440
 11.7753     -0.02323
 11.9234     -0.02210
 12.0734     -0.02101
 12.2253     -0.01996
 12.3791     -0.01895
 12.5348     -0.01797
 12.6924     -0.01704
 12.8521     -0.01615
 13.0138     -0.01529
 13.1774     -0.01447
 13.3432     -0.01368
 13.5110     -0.01292
 13.6810     -0.01220
 13.8531     -0.01152
 14.0273     -0.01086
 14.2038     -0.01023
 14.3824     -0.00963
 14.5633     -0.00907
 14.7465     -0.00852
 14.9320     -0.00801
 15.1198     -0.00752
 15.3100     -0.00706
 15.5026     -0.00662
 15.6976     -0.00620
 15.8951     -0.00580
 16.0950     -0.00543
 16.2974     -0.00507
 16.5024     -0.00474
 16.7100     -0.00442
 16.9202     -0.00413
 17.1330     -0.00385
 17.3485     -0.00358
 17.5668     -0.00333
 17.7877     -0.00310
 18.0115     -0.00288
 18.2380     -0.00267
 18.4674     -0.00248
 18.6997     -0.00229
 18.9349     -0.00212
 19.1731     -0.00196
 19.4143     -0.00182
 19.6585     -0.00168
 19.9058     -0.00155
 20.1561     -0.00142
 20.4097     -0.00131
 20.6664     -0.00121
 20.9263     -0.00111
 21.1896     -0.00102
 21.4561     -0.00093
 21.7260     -0.00086
 21.9993     -0.00078
 22.2760     -0.00072
 22.5562     -0.00066
 22.8399     -0.00060
 23.1272     -0.00055
 23.4181     -0.00050
 23.7127     -0.00045
 24.0109     -0.00041
 24.3130     -0.00037
 24.6188     -0.00036
 24.9284     -0.00036
 25.2420     -0.00036
 25.5595     -0.00036
 25.8810     -0.00036
 26.2066     -0.00036
 26.5362     -0.00036
