  0.0000     -5.01776
  0.0100     -5.01776
  0.0202     -5.01776
  0.0302     -5.01776
  0.0403     -5.01776
  0.0505     -5.01776
  0.0602     -5.01775
  0.0708     -5.01773
  0.0803     -5.01772
  0.0910     -5.01769
  0.1005     -5.01765
  0.1111     -5.01759
  0.1213     -5.01752
  0.1307     -5.01743
  0.1409     -5.01732
  0.1500     -5.01719
  0.1617     -5.01699
  0.1721     -5.01677
  0.1810     -5.01655
  0.1903     -5.01629
  0.2000     -5.01596
  0.2103     -5.01557
  0.2211     -5.01509
  0.2324     -5.01450
  0.2413     -5.01397
  0.2505     -5.01337
  0.2601     -5.01267
  0.2700     -5.01185
  0.2803     -5.01091
  0.2910     -5.00982
  0.3022     -5.00855
  0.3137     -5.00709
  0.3217     -5.00598
  0.3340     -5.00412
  0.3424     -5.00271
  0.3511     -5.00116
  0.3645     -4.99854
  0.3737     -4.99657
  0.3832     -4.99440
  0.3929     -4.99201
  0.4029     -4.98938
  0.4131     -4.98649
  0.4235     -4.98331
  0.4342     -4.97981
  0.4452     -4.97596
  0.4508     -4.97389
  0.4622     -4.96946
  0.4739     -4.96459
  0.4859     -4.95924
  0.4921     -4.95637
  0.5045     -4.95021
  0.5109     -4.94691
  0.5238     -4.93983
  0.5304     -4.93604
  0.5438     -4.92791
  0.5507     -4.92356
  0.5646     -4.91424
  0.5717     -4.90924
  0.5862     -4.89855
  0.5936     -4.89284
  0.6010     -4.88685
  0.6162     -4.87406
  0.6240     -4.86721
  0.6318     -4.86006
  0.6478     -4.84477
  0.6560     -4.83660
  0.6642     -4.82807
  0.6726     -4.81915
  0.6811     -4.80984
  0.6983     -4.78997
  0.7071     -4.77937
  0.7160     -4.76831
  0.7250     -4.75677
  0.7341     -4.74472
  0.7433     -4.73216
  0.7527     -4.71906
  0.7622     -4.70541
  0.7718     -4.69117
  0.7815     -4.67633
  0.7913     -4.66088
  0.8012     -4.64477
  0.8113     -4.62801
  0.8215     -4.61055
  0.8319     -4.59239
  0.8423     -4.57348
  0.8529     -4.55382
  0.8637     -4.53337
  0.8745     -4.51211
  0.8855     -4.49002
  0.8967     -4.46707
  0.9079     -4.44323
  0.9194     -4.41849
  0.9309     -4.39280
  0.9426     -4.36616
  0.9545     -4.33852
  0.9665     -4.30988
  0.9787     -4.28019
  0.9910     -4.24944
  1.0034     -4.21760
  1.0161     -4.18465
  1.0288     -4.15056
  1.0418     -4.11532
  1.0549     -4.07889
  1.0682     -4.04126
  1.0816     -4.00241
  1.0952     -3.96231
  1.1090     -3.92096
  1.1229     -3.87833
  1.1371     -3.83442
  1.1514     -3.78920
  1.1658     -3.74267
  1.1805     -3.69482
  1.1954     -3.64565
  1.2104     -3.59515
  1.2256     -3.54332
  1.2410     -3.49016
  1.2566     -3.43569
  1.2725     -3.37990
  1.2885     -3.32282
  1.3047     -3.26446
  1.3211     -3.20484
  1.3377     -3.14398
  1.3545     -3.08192
  1.3716     -3.01869
  1.3888     -2.95433
  1.4063     -2.88889
  1.4240     -2.82241
  1.4419     -2.75494
  1.4600     -2.68656
  1.4784     -2.61733
  1.4970     -2.54732
  1.5158     -2.47661
  1.5349     -2.40528
  1.5542     -2.33343
  1.5738     -2.26116
  1.5935     -2.18857
  1.6136     -2.11577
  1.6339     -2.04288
  1.6544     -1.97002
  1.6753     -1.89733
  1.6963     -1.82495
  1.7177     -1.75301
  1.7393     -1.68167
  1.7612     -1.61109
  1.7833     -1.54143
  1.8057     -1.47285
  1.8285     -1.40554
  1.8515     -1.33966
  1.8747     -1.27541
  1.8983     -1.21296
  1.9222     -1.15251
  1.9464     -1.09425
  1.9709     -1.03837
  1.9957     -0.98505
  2.0208     -0.93449
  2.0462     -0.88687
  2.0719     -0.84236
  2.0980     -0.80114
  2.1244     -0.76335
  2.1511     -0.72914
  2.1782     -0.69863
  2.2055     -0.67191
  2.2333     -0.64904
  2.2614     -0.63008
  2.2898     -0.61501
  2.3186     -0.60378
  2.3478     -0.59629
  2.3773     -0.59240
  2.4072     -0.59187
  2.4375     -0.59444
  2.4682     -0.59974
  2.4992     -0.60734
  2.5307     -0.61675
  2.5625     -0.62740
  2.5947     -0.63864
  2.6274     -0.64979
  2.6604     -0.66011
  2.6939     -0.66885
  2.7278     -0.67529
  2.7621     -0.67875
  2.7968     -0.67866
  2.8320     -0.67464
  2.8676     -0.66656
  2.9037     -0.65466
  2.9402     -0.63968
  2.9772     -0.62299
  3.0147     -0.60631
  3.0526     -0.59003
  3.0910     -0.57416
  3.1299     -0.55867
  3.1692     -0.54357
  3.2091     -0.52885
  3.2495     -0.51450
  3.2903     -0.50051
  3.3317     -0.48687
  3.3736     -0.47359
  3.4161     -0.46066
  3.4590     -0.44807
  3.5025     -0.43581
  3.5466     -0.42388
  3.5912     -0.41227
  3.6364     -0.40099
  3.6821     -0.39001
  3.7284     -0.37935
  3.7753     -0.36899
  3.8228     -0.35892
  3.8709     -0.34915
  3.9196     -0.33966
  3.9689     -0.33046
  4.0188     -0.32153
  4.0694     -0.31286
  4.1206     -0.30446
  4.1724     -0.29632
  4.2249     -0.28843
  4.2780     -0.28077
  4.3318     -0.27336
  4.3863     -0.26617
  4.4415     -0.25921
  4.4974     -0.25247
  4.5540     -0.24593
  4.6112     -0.23960
  4.6692     -0.23347
  4.7280     -0.22752
  4.7874     -0.22176
  4.8477     -0.21618
  4.9086     -0.21076
  4.9704     -0.20551
  5.0329     -0.20042
  5.0962     -0.19548
  5.1603     -0.19068
  5.2252     -0.18603
  5.2909     -0.18151
  5.3575     -0.17712
  5.4249     -0.17285
  5.4931     -0.16870
  5.5622     -0.16467
  5.6322     -0.16074
  5.7030     -0.15692
  5.7748     -0.15320
  5.8474     -0.14957
  5.9210     -0.14603
  5.9954     -0.14258
  6.0709     -0.13920
  6.1472     -0.13591
  6.2245     -0.13269
  6.3028     -0.12954
  6.3821     -0.12645
  6.4624     -0.12343
  6.5437     -0.12046
  6.6260     -0.11755
  6.7093     -0.11470
  6.7937     -0.11189
  6.8792     -0.10912
  6.9657     -0.10641
  7.0533     -0.10373
  7.1421     -0.10109
  7.2319     -0.09848
  7.3229     -0.09592
  7.4150     -0.09338
  7.5082     -0.09088
  7.6027     -0.08840
  7.6983     -0.08596
  7.7952     -0.08355
  7.8932     -0.08116
  7.9925     -0.07880
  8.0930     -0.07648
  8.1948     -0.07418
  8.2979     -0.07190
  8.4023     -0.06966
  8.5080     -0.06745
  8.6150     -0.06527
  8.7234     -0.06312
  8.8331     -0.06101
  8.9442     -0.05893
  9.0567     -0.05688
  9.1706     -0.05487
  9.2860     -0.05289
  9.4028     -0.05095
  9.5210     -0.04905
  9.6408     -0.04720
  9.7621     -0.04538
  9.8849     -0.04360
 10.0092     -0.04186
 10.1351     -0.04017
 10.2626     -0.03852
 10.3917     -0.03691
 10.5224     -0.03534
 10.6547     -0.03382
 10.7888     -0.03235
 10.9245     -0.03091
 11.0619     -0.02952
 11.2010     -0.02818
 11.3419     -0.02688
 11.4846     -0.02562
 11.6290     -0.02440
 11.7753     -0.02323
 11.9234     -0.02210
 12.0734     -0.02101
 12.2253     -0.01996
 12.3791     -0.01895
 12.5348     -0.01797
 12.6924     -0.01704
 12.8521     -0.01615
 13.0138     -0.01529
 13.1774     -0.01447
 13.3432     -0.01368
 13.5110     -0.01292
 13.6810     -0.01220
 13.8531     -0.01152
 14.0273     -0.01086
 14.2038     -0.01023
 14.3824     -0.00963
 14.5633     -0.00907
 14.7465     -0.00852
 14.9320     -0.00801
 15.1198     -0.00752
 15.3100     -0.00706
 15.5026     -0.00662
 15.6976     -0.00620
 15.8951     -0.00580
 16.0950     -0.00543
 16.2974     -0.00507
 16.5024     -0.00474
 16.7100     -0.00442
 16.9202     -0.00413
 17.1330     -0.00385
 17.3485     -0.00358
 17.5668     -0.00333
 17.7877     -0.00310
 18.0115     -0.00288
 18.2380     -0.00267
 18.4674     -0.00248
 18.6997     -0.00229
 18.9349     -0.00212
 19.1731     -0.00196
 19.4143     -0.00182
 19.6585     -0.00168
 19.9058     -0.00155
 20.1561     -0.00142
 20.4097     -0.00131
 20.6664     -0.00121
 20.9263     -0.00111
 21.1896     -0.00102
 21.4561     -0.00093
 21.7260     -0.00086
 21.9993     -0.00078
 22.2760     -0.00072
 22.5562     -0.00066
 22.8399     -0.00060
 23.1272     -0.00055
 23.4181     -0.00050
 23.7127     -0.00045
 24.0109     -0.00041
 24.3130     -0.00037
 24.6188     -0.00036
 24.9284     -0.00036
 25.2420     -0.00036
 25.5595     -0.00036
 25.8810     -0.00036
 26.2066     -0.00036
 26.5362     -0.00036
