  0.0000     -3.87081
  0.0100     -3.87081
  0.0202     -3.87081
  0.0302     -3.87081
  0.0403     -3.87081
  0.0505     -3.87081
  0.0602     -3.87080
  0.0708     -3.87080
  0.0803     -3.87079
  0.0910     -3.87078
  0.1005     -3.87076
  0.1111     -3.87074
  0.1213     -3.87071
  0.1307     -3.87067
  0.1409     -3.87063
  0.1500     -3.87058
  0.1617     -3.87050
  0.1721     -3.87041
  0.1810     -3.87032
  0.1903     -3.87021
  0.2000     -3.87008
  0.2103     -3.86992
  0.2211     -3.86972
  0.2324     -3.86948
  0.2413     -3.86927
  0.2505     -3.86902
  0.2601     -3.86874
  0.2700     -3.86841
  0.2803     -3.86802
  0.2910     -3.86758
  0.3022     -3.86706
  0.3137     -3.86646
  0.3217     -3.86601
  0.3340     -3.86525
  0.3424     -3.86467
  0.3511     -3.86404
  0.3645     -3.86297
  0.3737     -3.86216
  0.3832     -3.86127
  0.3929     -3.86028
  0.4029     -3.85920
  0.4131     -3.85801
  0.4235     -3.85670
  0.4342     -3.85525
  0.4452     -3.85366
  0.4508     -3.85281
  0.4622     -3.85098
  0.4739     -3.84896
  0.4859     -3.84673
  0.4921     -3.84554
  0.5045     -3.84298
  0.5109     -3.84161
  0.5238     -3.83866
  0.5304     -3.83707
  0.5438     -3.83367
  0.5507     -3.83185
  0.5646     -3.82794
  0.5717     -3.82585
  0.5862     -3.82135
  0.5936     -3.81894
  0.6010     -3.81642
  0.6162     -3.81101
  0.6240     -3.80811
  0.6318     -3.80508
  0.6478     -3.79858
  0.6560     -3.79511
  0.6642     -3.79147
  0.6726     -3.78766
  0.6811     -3.78368
  0.6983     -3.77517
  0.7071     -3.77061
  0.7160     -3.76585
  0.7250     -3.76087
  0.7341     -3.75567
  0.7433     -3.75024
  0.7527     -3.74456
  0.7622     -3.73862
  0.7718     -3.73242
  0.7815     -3.72595
  0.7913     -3.71919
  0.8012     -3.71214
  0.8113     -3.70477
  0.8215     -3.69708
  0.8319     -3.68907
  0.8423     -3.68070
  0.8529     -3.67198
  0.8637     -3.66288
  0.8745     -3.65340
  0.8855     -3.64351
  0.8967     -3.63321
  0.9079     -3.62248
  0.9194     -3.61131
  0.9309     -3.59968
  0.9426     -3.58757
  0.9545     -3.57497
  0.9665     -3.56186
  0.9787     -3.54822
  0.9910     -3.53404
  1.0034     -3.51931
  1.0161     -3.50400
  1.0288     -3.48809
  1.0418     -3.47158
  1.0549     -3.45443
  1.0682     -3.43664
  1.0816     -3.41819
  1.0952     -3.39905
  1.1090     -3.37922
  1.1229     -3.35867
  1.1371     -3.33738
  1.1514     -3.31535
  1.1658     -3.29255
  1.1805     -3.26897
  1.1954     -3.24458
  1.2104     -3.21939
  1.2256     -3.19337
  1.2410     -3.16651
  1.2566     -3.13879
  1.2725     -3.11021
  1.2885     -3.08075
  1.3047     -3.05041
  1.3211     -3.01918
  1.3377     -2.98704
  1.3545     -2.95400
  1.3716     -2.92005
  1.3888     -2.88519
  1.4063     -2.84942
  1.4240     -2.81275
  1.4419     -2.77517
  1.4600     -2.73670
  1.4784     -2.69734
  1.4970     -2.65711
  1.5158     -2.61603
  1.5349     -2.57411
  1.5542     -2.53138
  1.5738     -2.48785
  1.5935     -2.44356
  1.6136     -2.39855
  1.6339     -2.35285
  1.6544     -2.30649
  1.6753     -2.25953
  1.6963     -2.21201
  1.7177     -2.16398
  1.7393     -2.11550
  1.7612     -2.06664
  1.7833     -2.01746
  1.8057     -1.96802
  1.8285     -1.91841
  1.8515     -1.86870
  1.8747     -1.81898
  1.8983     -1.76932
  1.9222     -1.71983
  1.9464     -1.67059
  1.9709     -1.62170
  1.9957     -1.57326
  2.0208     -1.52538
  2.0462     -1.47814
  2.0719     -1.43167
  2.0980     -1.38606
  2.1244     -1.34141
  2.1511     -1.29782
  2.1782     -1.25540
  2.2055     -1.21424
  2.2333     -1.17441
  2.2614     -1.13601
  2.2898     -1.09911
  2.3186     -1.06375
  2.3478     -1.03000
  2.3773     -0.99789
  2.4072     -0.96742
  2.4375     -0.93860
  2.4682     -0.91141
  2.4992     -0.88581
  2.5307     -0.86172
  2.5625     -0.83905
  2.5947     -0.81769
  2.6274     -0.79751
  2.6604     -0.77833
  2.6939     -0.75999
  2.7278     -0.74228
  2.7621     -0.72503
  2.7968     -0.70804
  2.8320     -0.69113
  2.8676     -0.67419
  2.9037     -0.65714
  2.9402     -0.64002
  2.9772     -0.62299
  3.0147     -0.60631
  3.0526     -0.59003
  3.0910     -0.57416
  3.1299     -0.55867
  3.1692     -0.54357
  3.2091     -0.52885
  3.2495     -0.51450
  3.2903     -0.50051
  3.3317     -0.48687
  3.3736     -0.47359
  3.4161     -0.46066
  3.4590     -0.44807
  3.5025     -0.43581
  3.5466     -0.42388
  3.5912     -0.41227
  3.6364     -0.40099
  3.6821     -0.39001
  3.7284     -0.37935
  3.7753     -0.36899
  3.8228     -0.35892
  3.8709     -0.34915
  3.9196     -0.33966
  3.9689     -0.33046
  4.0188     -0.32153
  4.0694     -0.31286
  4.1206     -0.30446
  4.1724     -0.29632
  4.2249     -0.28843
  4.2780     -0.28077
  4.3318     -0.27336
  4.3863     -0.26617
  4.4415     -0.25921
  4.4974     -0.25247
  4.5540     -0.24593
  4.6112     -0.23960
  4.6692     -0.23347
  4.7280     -0.22752
  4.7874     -0.22176
  4.8477     -0.21618
  4.9086     -0.21076
  4.9704     -0.20551
  5.0329     -0.20042
  5.0962     -0.19548
  5.1603     -0.19068
  5.2252     -0.18603
  5.2909     -0.18151
  5.3575     -0.17712
  5.4249     -0.17285
  5.4931     -0.16870
  5.5622     -0.16467
  5.6322     -0.16074
  5.7030     -0.15692
  5.7748     -0.15320
  5.8474     -0.14957
  5.9210     -0.14603
  5.9954     -0.14258
  6.0709     -0.13920
  6.1472     -0.13591
  6.2245     -0.13269
  6.3028     -0.12954
  6.3821     -0.12645
  6.4624     -0.12343
  6.5437     -0.12046
  6.6260     -0.11755
  6.7093     -0.11470
  6.7937     -0.11189
  6.8792     -0.10912
  6.9657     -0.10641
  7.0533     -0.10373
  7.1421     -0.10109
  7.2319     -0.09848
  7.3229     -0.09592
  7.4150     -0.09338
  7.5082     -0.09088
  7.6027     -0.08840
  7.6983     -0.08596
  7.7952     -0.08355
  7.8932     -0.08116
  7.9925     -0.07880
  8.0930     -0.07648
  8.1948     -0.07418
  8.2979     -0.07190
  8.4023     -0.06966
  8.5080     -0.06745
  8.6150     -0.06527
  8.7234     -0.06312
  8.8331     -0.06101
  8.9442     -0.05893
  9.0567     -0.05688
  9.1706     -0.05487
  9.2860     -0.05289
  9.4028     -0.05095
  9.5210     -0.04905
  9.6408     -0.04720
  9.7621     -0.04538
  9.8849     -0.04360
 10.0092     -0.04186
 10.1351     -0.04017
 10.2626     -0.03852
 10.3917     -0.03691
 10.5224     -0.03534
 10.6547     -0.03382
 10.7888     -0.03235
 10.9245     -0.03091
 11.0619     -0.02952
 11.2010     -0.02818
 11.3419     -0.02688
 11.4846     -0.02562
 11.6290     -0.02440
 11.7753     -0.02323
 11.9234     -0.02210
 12.0734     -0.02101
 12.2253     -0.01996
 12.3791     -0.01895
 12.5348     -0.01797
 12.6924     -0.01704
 12.8521     -0.01615
 13.0138     -0.01529
 13.1774     -0.01447
 13.3432     -0.01368
 13.5110     -0.01292
 13.6810     -0.01220
 13.8531     -0.01152
 14.0273     -0.01086
 14.2038     -0.01023
 14.3824     -0.00963
 14.5633     -0.00907
 14.7465     -0.00852
 14.9320     -0.00801
 15.1198     -0.00752
 15.3100     -0.00706
 15.5026     -0.00662
 15.6976     -0.00620
 15.8951     -0.00580
 16.0950     -0.00543
 16.2974     -0.00507
 16.5024     -0.00474
 16.7100     -0.00442
 16.9202     -0.00413
 17.1330     -0.00385
 17.3485     -0.00358
 17.5668     -0.00333
 17.7877     -0.00310
 18.0115     -0.00288
 18.2380     -0.00267
 18.4674     -0.00248
 18.6997     -0.00229
 18.9349     -0.00212
 19.1731     -0.00196
 19.4143     -0.00182
 19.6585     -0.00168
 19.9058     -0.00155
 20.1561     -0.00142
 20.4097     -0.00131
 20.6664     -0.00121
 20.9263     -0.00111
 21.1896     -0.00102
 21.4561     -0.00093
 21.7260     -0.00086
 21.9993     -0.00078
 22.2760     -0.00072
 22.5562     -0.00066
 22.8399     -0.00060
 23.1272     -0.00055
 23.4181     -0.00050
 23.7127     -0.00045
 24.0109     -0.00041
 24.3130     -0.00037
 24.6188     -0.00036
 24.9284     -0.00036
 25.2420     -0.00036
 25.5595     -0.00036
 25.8810     -0.00036
 26.2066     -0.00036
 26.5362     -0.00036
