  0.0000      2.74122
  0.0100      2.74122
  0.0202      2.74122
  0.0302      2.74121
  0.0403      2.74121
  0.0505      2.74119
  0.0602      2.74117
  0.0708      2.74113
  0.0803      2.74107
  0.0910      2.74098
  0.1005      2.74086
  0.1111      2.74068
  0.1213      2.74046
  0.1307      2.74019
  0.1409      2.73984
  0.1500      2.73945
  0.1617      2.73883
  0.1721      2.73815
  0.1810      2.73748
  0.1903      2.73666
  0.2000      2.73565
  0.2103      2.73443
  0.2211      2.73293
  0.2324      2.73111
  0.2413      2.72949
  0.2505      2.72761
  0.2601      2.72543
  0.2700      2.72290
  0.2803      2.71997
  0.2910      2.71657
  0.3022      2.71264
  0.3137      2.70808
  0.3217      2.70465
  0.3340      2.69883
  0.3424      2.69445
  0.3511      2.68963
  0.3645      2.68145
  0.3737      2.67530
  0.3832      2.66852
  0.3929      2.66106
  0.4029      2.65285
  0.4131      2.64380
  0.4235      2.63385
  0.4342      2.62290
  0.4452      2.61086
  0.4508      2.60440
  0.4622      2.59051
  0.4739      2.57525
  0.4859      2.55849
  0.4921      2.54950
  0.5045      2.53021
  0.5109      2.51987
  0.5238      2.49770
  0.5304      2.48582
  0.5438      2.46036
  0.5507      2.44672
  0.5646      2.41752
  0.5717      2.40189
  0.5862      2.36845
  0.5936      2.35056
  0.6010      2.33186
  0.6162      2.29188
  0.6240      2.27053
  0.6318      2.24822
  0.6478      2.20058
  0.6560      2.17516
  0.6642      2.14864
  0.6726      2.12096
  0.6811      2.09209
  0.6983      2.03057
  0.7071      1.99784
  0.7160      1.96373
  0.7250      1.92820
  0.7341      1.89121
  0.7433      1.85271
  0.7527      1.81264
  0.7622      1.77097
  0.7718      1.72765
  0.7815      1.68263
  0.7913      1.63587
  0.8012      1.58732
  0.8113      1.53694
  0.8215      1.48469
  0.8319      1.43053
  0.8423      1.37442
  0.8529      1.31633
  0.8637      1.25622
  0.8745      1.19407
  0.8855      1.12985
  0.8967      1.06355
  0.9079      0.99514
  0.9194      0.92461
  0.9309      0.85197
  0.9426      0.77721
  0.9545      0.70035
  0.9665      0.62141
  0.9787      0.54041
  0.9910      0.45739
  1.0034      0.37240
  1.0161      0.28550
  1.0288      0.19676
  1.0418      0.10626
  1.0549      0.01411
  1.0682     -0.07958
  1.0816     -0.17469
  1.0952     -0.27107
  1.1090     -0.36855
  1.1229     -0.46696
  1.1371     -0.56610
  1.1514     -0.66575
  1.1658     -0.76568
  1.1805     -0.86563
  1.1954     -0.96533
  1.2104     -1.06447
  1.2256     -1.16276
  1.2410     -1.25986
  1.2566     -1.35541
  1.2725     -1.44906
  1.2885     -1.54042
  1.3047     -1.62910
  1.3211     -1.71469
  1.3377     -1.79679
  1.3545     -1.87497
  1.3716     -1.94881
  1.3888     -2.01790
  1.4063     -2.08183
  1.4240     -2.14019
  1.4419     -2.19260
  1.4600     -2.23871
  1.4784     -2.27818
  1.4970     -2.31071
  1.5158     -2.33606
  1.5349     -2.35402
  1.5542     -2.36443
  1.5738     -2.36723
  1.5935     -2.36238
  1.6136     -2.34996
  1.6339     -2.33010
  1.6544     -2.30305
  1.6753     -2.26913
  1.6963     -2.22876
  1.7177     -2.18247
  1.7393     -2.13086
  1.7612     -2.07466
  1.7833     -2.01466
  1.8057     -1.95176
  1.8285     -1.88690
  1.8515     -1.82109
  1.8747     -1.75538
  1.8983     -1.69079
  1.9222     -1.62835
  1.9464     -1.56897
  1.9709     -1.51346
  1.9957     -1.46241
  2.0208     -1.41613
  2.0462     -1.37455
  2.0719     -1.33709
  2.0980     -1.30249
  2.1244     -1.26917
  2.1511     -1.23669
  2.1782     -1.20505
  2.2055     -1.17421
  2.2333     -1.14414
  2.2614     -1.11483
  2.2898     -1.08624
  2.3186     -1.05835
  2.3478     -1.03116
  2.3773     -1.00462
  2.4072     -0.97874
  2.4375     -0.95349
  2.4682     -0.92884
  2.4992     -0.90480
  2.5307     -0.88133
  2.5625     -0.85843
  2.5947     -0.83608
  2.6274     -0.81427
  2.6604     -0.79298
  2.6939     -0.77221
  2.7278     -0.75193
  2.7621     -0.73214
  2.7968     -0.71282
  2.8320     -0.69397
  2.8676     -0.67557
  2.9037     -0.65761
  2.9402     -0.64009
  2.9772     -0.62299
  3.0147     -0.60631
  3.0526     -0.59003
  3.0910     -0.57416
  3.1299     -0.55867
  3.1692     -0.54357
  3.2091     -0.52885
  3.2495     -0.51450
  3.2903     -0.50051
  3.3317     -0.48687
  3.3736     -0.47359
  3.4161     -0.46066
  3.4590     -0.44807
  3.5025     -0.43581
  3.5466     -0.42388
  3.5912     -0.41227
  3.6364     -0.40099
  3.6821     -0.39001
  3.7284     -0.37935
  3.7753     -0.36899
  3.8228     -0.35892
  3.8709     -0.34915
  3.9196     -0.33966
  3.9689     -0.33046
  4.0188     -0.32153
  4.0694     -0.31286
  4.1206     -0.30446
  4.1724     -0.29632
  4.2249     -0.28843
  4.2780     -0.28077
  4.3318     -0.27336
  4.3863     -0.26617
  4.4415     -0.25921
  4.4974     -0.25247
  4.5540     -0.24593
  4.6112     -0.23960
  4.6692     -0.23347
  4.7280     -0.22752
  4.7874     -0.22176
  4.8477     -0.21618
  4.9086     -0.21076
  4.9704     -0.20551
  5.0329     -0.20042
  5.0962     -0.19548
  5.1603     -0.19068
  5.2252     -0.18603
  5.2909     -0.18151
  5.3575     -0.17712
  5.4249     -0.17285
  5.4931     -0.16870
  5.5622     -0.16467
  5.6322     -0.16074
  5.7030     -0.15692
  5.7748     -0.15320
  5.8474     -0.14957
  5.9210     -0.14603
  5.9954     -0.14258
  6.0709     -0.13920
  6.1472     -0.13591
  6.2245     -0.13269
  6.3028     -0.12954
  6.3821     -0.12645
  6.4624     -0.12343
  6.5437     -0.12046
  6.6260     -0.11755
  6.7093     -0.11470
  6.7937     -0.11189
  6.8792     -0.10912
  6.9657     -0.10641
  7.0533     -0.10373
  7.1421     -0.10109
  7.2319     -0.09848
  7.3229     -0.09592
  7.4150     -0.09338
  7.5082     -0.09088
  7.6027     -0.08840
  7.6983     -0.08596
  7.7952     -0.08355
  7.8932     -0.08116
  7.9925     -0.07880
  8.0930     -0.07648
  8.1948     -0.07418
  8.2979     -0.07190
  8.4023     -0.06966
  8.5080     -0.06745
  8.6150     -0.06527
  8.7234     -0.06312
  8.8331     -0.06101
  8.9442     -0.05893
  9.0567     -0.05688
  9.1706     -0.05487
  9.2860     -0.05289
  9.4028     -0.05095
  9.5210     -0.04905
  9.6408     -0.04720
  9.7621     -0.04538
  9.8849     -0.04360
 10.0092     -0.04186
 10.1351     -0.04017
 10.2626     -0.03852
 10.3917     -0.03691
 10.5224     -0.03534
 10.6547     -0.03382
 10.7888     -0.03235
 10.9245     -0.03091
 11.0619     -0.02952
 11.2010     -0.02818
 11.3419     -0.02688
 11.4846     -0.02562
 11.6290     -0.02440
 11.7753     -0.02323
 11.9234     -0.02210
 12.0734     -0.02101
 12.2253     -0.01996
 12.3791     -0.01895
 12.5348     -0.01797
 12.6924     -0.01704
 12.8521     -0.01615
 13.0138     -0.01529
 13.1774     -0.01447
 13.3432     -0.01368
 13.5110     -0.01292
 13.6810     -0.01220
 13.8531     -0.01152
 14.0273     -0.01086
 14.2038     -0.01023
 14.3824     -0.00963
 14.5633     -0.00907
 14.7465     -0.00852
 14.9320     -0.00801
 15.1198     -0.00752
 15.3100     -0.00706
 15.5026     -0.00662
 15.6976     -0.00620
 15.8951     -0.00580
 16.0950     -0.00543
 16.2974     -0.00507
 16.5024     -0.00474
 16.7100     -0.00442
 16.9202     -0.00413
 17.1330     -0.00385
 17.3485     -0.00358
 17.5668     -0.00333
 17.7877     -0.00310
 18.0115     -0.00288
 18.2380     -0.00267
 18.4674     -0.00248
 18.6997     -0.00229
 18.9349     -0.00212
 19.1731     -0.00196
 19.4143     -0.00182
 19.6585     -0.00168
 19.9058     -0.00155
 20.1561     -0.00142
 20.4097     -0.00131
 20.6664     -0.00121
 20.9263     -0.00111
 21.1896     -0.00102
 21.4561     -0.00093
 21.7260     -0.00086
 21.9993     -0.00078
 22.2760     -0.00072
 22.5562     -0.00066
 22.8399     -0.00060
 23.1272     -0.00055
 23.4181     -0.00050
 23.7127     -0.00045
 24.0109     -0.00041
 24.3130     -0.00037
 24.6188     -0.00036
 24.9284     -0.00036
 25.2420     -0.00036
 25.5595     -0.00036
 25.8810     -0.00036
 26.2066     -0.00036
 26.5362     -0.00036
