 nl2g
     1        1        4        7       10       13       16       19       22
    25       28       31       34
     2        2        5        8       11       14       17       20       23
    26       29       32       35
     3        3        6        9       12       15       18       21       24
    27       30       33       36
     4       37       40       43       46       49       52       55       58
    61       64       67       70
     5       38       41       44       47       50       53       56       59
    62       65       68       71
     6       39       42       45       48       51       54       57       60
    63       66       69       72
     7       73       76       79       82       85       88       91       94
    97      100      103      106
     8       74       77       80       83       86       89       92       95
    98      101      104      107
     9       75       78       81       84       87       90       93       96
    99      102      105      108
    10      109      112      115      118      121      124      127      130
   133      136      139      142
    11      110      113      116      119      122      125      128      131
   134      137      140      143
    12      111      114      117      120      123      126      129      132
   135      138      141      144
    13      145      148      151      154      157      160      163      166
   169      172      175      178
    14      146      149      152      155      158      161      164      167
   170      173      176      179
    15      147      150      153      156      159      162      165      168
   171      174      177      180
    16      181      184      187      190      193      196      199      202
   205      208      211      214
    17      182      185      188      191      194      197      200      203
   206      209      212      215
    18      183      186      189      192      195      198      201      204
   207      210      213      216
    19      217      220      223      226      229      232      235      238
   241      244      247      250
    20      218      221      224      227      230      233      236      239
   242      245      248      251
    21      219      222      225      228      231      234      237      240
   243      246      249      252
    22      253      256      259      262      265      268      271      274
   277      280      283      286
    23      254      257      260      263      266      269      272      275
   278      281      284      287
    24      255      258      261      264      267      270      273      276
   279      282      285      288
    25      289      292      295      298      301      304      307      310
   313      316      319      322
    26      290      293      296      299      302      305      308      311
   314      317      320      323
 nNode
     1    0
     2    0
     3    0
     4    1
     5    1
     6    1
     7    2
     8    2
     9    2
    10    3
    11    3
    12    3
    13    4
    14    4
    15    4
    16    5
    17    5
    18    5
    19    6
    20    6
    21    6
    22    7
    23    7
    24    7
    25    8
    26    8
 nG2L (node 0)
     1    1
     2    2
     3    3
     4    0
     5    0
     6    0
     7    0
     8    0
     9    0
    10    0
    11    0
    12    0
    13    0
    14    0
    15    0
    16    0
    17    0
    18    0
    19    0
    20    0
    21    0
    22    0
    23    0
    24    0
    25    0
    26    0
 nOrbPerNode
     0       3
     1       3
     2       3
     3       3
     4       3
     5       3
     6       3
     7       3
     8       2
     9       0
    10       0
    11       0
