   256
     1    0.045712    0.045712   -0.502833       0.003906
     2   -0.045712    0.137136   -0.411409       0.003906
     3   -0.137136    0.228561   -0.319985       0.003906
     4   -0.228561    0.319985   -0.228561       0.003906
     5   -0.319985    0.411409   -0.137136       0.003906
     6   -0.411409    0.502833   -0.045712       0.003906
     7   -0.502833    0.594258    0.045712       0.003906
     8    0.137136   -0.045712   -0.594258       0.003906
     9    0.137136   -0.045712   -0.411409       0.003906
    10    0.045712    0.045712   -0.319985       0.003906
    11   -0.045712    0.137136   -0.228561       0.003906
    12   -0.137136    0.228561   -0.137136       0.003906
    13   -0.228561    0.319985   -0.045712       0.003906
    14   -0.319985    0.411409    0.045712       0.003906
    15   -0.411409    0.502833    0.137136       0.003906
    16    0.228561   -0.137136   -0.502833       0.003906
    17    0.228561   -0.137136   -0.319985       0.003906
    18    0.137136   -0.045712   -0.228561       0.003906
    19    0.045712    0.045712   -0.137136       0.003906
    20   -0.045712    0.137136   -0.045712       0.003906
    21   -0.137136    0.228561    0.045712       0.003906
    22   -0.228561    0.319985    0.137136       0.003906
    23   -0.319985    0.411409    0.228561       0.003906
    24    0.319985   -0.228561   -0.411409       0.003906
    25    0.319985   -0.228561   -0.228561       0.003906
    26    0.228561   -0.137136   -0.137136       0.003906
    27    0.137136   -0.045712   -0.045712       0.003906
    28    0.045712    0.045712    0.045712       0.003906
    29   -0.045712    0.137136    0.137136       0.003906
    30   -0.137136    0.228561    0.228561       0.003906
    31   -0.228561    0.319985    0.319985       0.003906
    32    0.411409   -0.319985   -0.319985       0.003906
    33    0.411409   -0.319985   -0.137136       0.003906
    34    0.319985   -0.228561   -0.045712       0.003906
    35    0.228561   -0.137136    0.045712       0.003906
    36    0.137136   -0.045712    0.137136       0.003906
    37    0.045712    0.045712    0.228561       0.003906
    38   -0.045712    0.137136    0.319985       0.003906
    39   -0.137136    0.228561    0.411409       0.003906
    40    0.502833   -0.411409   -0.228561       0.003906
    41    0.502833   -0.411409   -0.045712       0.003906
    42    0.411409   -0.319985    0.045712       0.003906
    43    0.319985   -0.228561    0.137136       0.003906
    44    0.228561   -0.137136    0.228561       0.003906
    45    0.137136   -0.045712    0.319985       0.003906
    46    0.045712    0.045712    0.411409       0.003906
    47   -0.045712    0.137136    0.502833       0.003906
    48    0.594258   -0.502833   -0.137136       0.003906
    49    0.594258   -0.502833    0.045712       0.003906
    50    0.502833   -0.411409    0.137136       0.003906
    51    0.411409   -0.319985    0.228561       0.003906
    52    0.319985   -0.228561    0.319985       0.003906
    53    0.228561   -0.137136    0.411409       0.003906
    54    0.137136   -0.045712    0.502833       0.003906
    55    0.045712    0.045712    0.594258       0.003906
    56    0.685682   -0.594258   -0.045712       0.003906
    57   -0.045712    0.137136   -0.594258       0.003906
    58   -0.137136    0.228561   -0.502833       0.003906
    59   -0.228561    0.319985   -0.411409       0.003906
    60   -0.319985    0.411409   -0.319985       0.003906
    61   -0.411409    0.502833   -0.228561       0.003906
    62   -0.502833    0.594258   -0.137136       0.003906
    63   -0.594258    0.685682   -0.045712       0.003906
    64    0.045712    0.045712   -0.685682       0.003906
    65    0.137136    0.137136   -0.594258       0.003906
    66    0.045712    0.228561   -0.502833       0.003906
    67   -0.045712    0.319985   -0.411409       0.003906
    68   -0.137136    0.411409   -0.319985       0.003906
    69   -0.228561    0.502833   -0.228561       0.003906
    70   -0.319985    0.594258   -0.137136       0.003906
    71   -0.411409    0.685682   -0.045712       0.003906
    72    0.228561    0.045712   -0.685682       0.003906
    73    0.228561    0.045712   -0.502833       0.003906
    74    0.137136    0.137136   -0.411409       0.003906
    75    0.045712    0.228561   -0.319985       0.003906
    76   -0.045712    0.319985   -0.228561       0.003906
    77   -0.137136    0.411409   -0.137136       0.003906
    78   -0.228561    0.502833   -0.045712       0.003906
    79   -0.319985    0.594258    0.045712       0.003906
    80    0.319985   -0.045712   -0.594258       0.003906
    81    0.319985   -0.045712   -0.411409       0.003906
    82    0.228561    0.045712   -0.319985       0.003906
    83    0.137136    0.137136   -0.228561       0.003906
    84    0.045712    0.228561   -0.137136       0.003906
    85   -0.045712    0.319985   -0.045712       0.003906
    86   -0.137136    0.411409    0.045712       0.003906
    87   -0.228561    0.502833    0.137136       0.003906
    88    0.411409   -0.137136   -0.502833       0.003906
    89    0.411409   -0.137136   -0.319985       0.003906
    90    0.319985   -0.045712   -0.228561       0.003906
    91    0.228561    0.045712   -0.137136       0.003906
    92    0.137136    0.137136   -0.045712       0.003906
    93    0.045712    0.228561    0.045712       0.003906
    94   -0.045712    0.319985    0.137136       0.003906
    95   -0.137136    0.411409    0.228561       0.003906
    96    0.502833   -0.228561   -0.411409       0.003906
    97    0.502833   -0.228561   -0.228561       0.003906
    98    0.411409   -0.137136   -0.137136       0.003906
    99    0.319985   -0.045712   -0.045712       0.003906
   100    0.228561    0.045712    0.045712       0.003906
   101    0.137136    0.137136    0.137136       0.003906
   102    0.045712    0.228561    0.228561       0.003906
   103   -0.045712    0.319985    0.319985       0.003906
   104    0.594258   -0.319985   -0.319985       0.003906
   105    0.594258   -0.319985   -0.137136       0.003906
   106    0.502833   -0.228561   -0.045712       0.003906
   107    0.411409   -0.137136    0.045712       0.003906
   108    0.319985   -0.045712    0.137136       0.003906
   109    0.228561    0.045712    0.228561       0.003906
   110    0.137136    0.137136    0.319985       0.003906
   111    0.045712    0.228561    0.411409       0.003906
   112    0.685682   -0.411409   -0.228561       0.003906
   113    0.685682   -0.411409   -0.045712       0.003906
   114    0.594258   -0.319985    0.045712       0.003906
   115    0.502833   -0.228561    0.137136       0.003906
   116    0.411409   -0.137136    0.228561       0.003906
   117    0.319985   -0.045712    0.319985       0.003906
   118    0.228561    0.045712    0.411409       0.003906
   119    0.137136    0.137136    0.502833       0.003906
   120    0.777106   -0.502833   -0.137136       0.003906
   121    0.045712    0.228561   -0.685682       0.003906
   122   -0.045712    0.319985   -0.594258       0.003906
   123   -0.137136    0.411409   -0.502833       0.003906
   124   -0.228561    0.502833   -0.411409       0.003906
   125   -0.319985    0.594258   -0.319985       0.003906
   126   -0.411409    0.685682   -0.228561       0.003906
   127   -0.502833    0.777106   -0.137136       0.003906
   128    0.137136    0.137136   -0.777106       0.003906
   129    0.228561    0.228561   -0.685682       0.003906
   130    0.137136    0.319985   -0.594258       0.003906
   131    0.045712    0.411409   -0.502833       0.003906
   132   -0.045712    0.502833   -0.411409       0.003906
   133   -0.137136    0.594258   -0.319985       0.003906
   134   -0.228561    0.685682   -0.228561       0.003906
   135   -0.319985    0.777106   -0.137136       0.003906
   136    0.319985    0.137136   -0.777106       0.003906
   137    0.319985    0.137136   -0.594258       0.003906
   138    0.228561    0.228561   -0.502833       0.003906
   139    0.137136    0.319985   -0.411409       0.003906
   140    0.045712    0.411409   -0.319985       0.003906
   141   -0.045712    0.502833   -0.228561       0.003906
   142   -0.137136    0.594258   -0.137136       0.003906
   143   -0.228561    0.685682   -0.045712       0.003906
   144    0.411409    0.045712   -0.685682       0.003906
   145    0.411409    0.045712   -0.502833       0.003906
   146    0.319985    0.137136   -0.411409       0.003906
   147    0.228561    0.228561   -0.319985       0.003906
   148    0.137136    0.319985   -0.228561       0.003906
   149    0.045712    0.411409   -0.137136       0.003906
   150   -0.045712    0.502833   -0.045712       0.003906
   151   -0.137136    0.594258    0.045712       0.003906
   152    0.502833   -0.045712   -0.594258       0.003906
   153    0.502833   -0.045712   -0.411409       0.003906
   154    0.411409    0.045712   -0.319985       0.003906
   155    0.319985    0.137136   -0.228561       0.003906
   156    0.228561    0.228561   -0.137136       0.003906
   157    0.137136    0.319985   -0.045712       0.003906
   158    0.045712    0.411409    0.045712       0.003906
   159   -0.045712    0.502833    0.137136       0.003906
   160    0.594258   -0.137136   -0.502833       0.003906
   161    0.594258   -0.137136   -0.319985       0.003906
   162    0.502833   -0.045712   -0.228561       0.003906
   163    0.411409    0.045712   -0.137136       0.003906
   164    0.319985    0.137136   -0.045712       0.003906
   165    0.228561    0.228561    0.045712       0.003906
   166    0.137136    0.319985    0.137136       0.003906
   167    0.045712    0.411409    0.228561       0.003906
   168    0.685682   -0.228561   -0.411409       0.003906
   169    0.685682   -0.228561   -0.228561       0.003906
   170    0.594258   -0.137136   -0.137136       0.003906
   171    0.502833   -0.045712   -0.045712       0.003906
   172    0.411409    0.045712    0.045712       0.003906
   173    0.319985    0.137136    0.137136       0.003906
   174    0.228561    0.228561    0.228561       0.003906
   175    0.137136    0.319985    0.319985       0.003906
   176    0.777106   -0.319985   -0.319985       0.003906
   177    0.777106   -0.319985   -0.137136       0.003906
   178    0.685682   -0.228561   -0.045712       0.003906
   179    0.594258   -0.137136    0.045712       0.003906
   180    0.502833   -0.045712    0.137136       0.003906
   181    0.411409    0.045712    0.228561       0.003906
   182    0.319985    0.137136    0.319985       0.003906
   183    0.228561    0.228561    0.411409       0.003906
   184    0.868530   -0.411409   -0.228561       0.003906
   185    0.137136    0.319985   -0.777106       0.003906
   186    0.045712    0.411409   -0.685682       0.003906
   187   -0.045712    0.502833   -0.594258       0.003906
   188   -0.137136    0.594258   -0.502833       0.003906
   189   -0.228561    0.685682   -0.411409       0.003906
   190   -0.319985    0.777106   -0.319985       0.003906
   191   -0.411409    0.868530   -0.228561       0.003906
   192    0.228561    0.228561   -0.868530       0.003906
   193    0.319985    0.319985   -0.777106       0.003906
   194    0.228561    0.411409   -0.685682       0.003906
   195    0.137136    0.502833   -0.594258       0.003906
   196    0.045712    0.594258   -0.502833       0.003906
   197   -0.045712    0.685682   -0.411409       0.003906
   198   -0.137136    0.777106   -0.319985       0.003906
   199   -0.228561    0.868530   -0.228561       0.003906
   200    0.411409    0.228561   -0.868530       0.003906
   201    0.411409    0.228561   -0.685682       0.003906
   202    0.319985    0.319985   -0.594258       0.003906
   203    0.228561    0.411409   -0.502833       0.003906
   204    0.137136    0.502833   -0.411409       0.003906
   205    0.045712    0.594258   -0.319985       0.003906
   206   -0.045712    0.685682   -0.228561       0.003906
   207   -0.137136    0.777106   -0.137136       0.003906
   208    0.502833    0.137136   -0.777106       0.003906
   209    0.502833    0.137136   -0.594258       0.003906
   210    0.411409    0.228561   -0.502833       0.003906
   211    0.319985    0.319985   -0.411409       0.003906
   212    0.228561    0.411409   -0.319985       0.003906
   213    0.137136    0.502833   -0.228561       0.003906
   214    0.045712    0.594258   -0.137136       0.003906
   215   -0.045712    0.685682   -0.045712       0.003906
   216    0.594258    0.045712   -0.685682       0.003906
   217    0.594258    0.045712   -0.502833       0.003906
   218    0.502833    0.137136   -0.411409       0.003906
   219    0.411409    0.228561   -0.319985       0.003906
   220    0.319985    0.319985   -0.228561       0.003906
   221    0.228561    0.411409   -0.137136       0.003906
   222    0.137136    0.502833   -0.045712       0.003906
   223    0.045712    0.594258    0.045712       0.003906
   224    0.685682   -0.045712   -0.594258       0.003906
   225    0.685682   -0.045712   -0.411409       0.003906
   226    0.594258    0.045712   -0.319985       0.003906
   227    0.502833    0.137136   -0.228561       0.003906
   228    0.411409    0.228561   -0.137136       0.003906
   229    0.319985    0.319985   -0.045712       0.003906
   230    0.228561    0.411409    0.045712       0.003906
   231    0.137136    0.502833    0.137136       0.003906
   232    0.777106   -0.137136   -0.502833       0.003906
   233    0.777106   -0.137136   -0.319985       0.003906
   234    0.685682   -0.045712   -0.228561       0.003906
   235    0.594258    0.045712   -0.137136       0.003906
   236    0.502833    0.137136   -0.045712       0.003906
   237    0.411409    0.228561    0.045712       0.003906
   238    0.319985    0.319985    0.137136       0.003906
   239    0.228561    0.411409    0.228561       0.003906
   240    0.868530   -0.228561   -0.411409       0.003906
   241    0.868530   -0.228561   -0.228561       0.003906
   242    0.777106   -0.137136   -0.137136       0.003906
   243    0.685682   -0.045712   -0.045712       0.003906
   244    0.594258    0.045712    0.045712       0.003906
   245    0.502833    0.137136    0.137136       0.003906
   246    0.411409    0.228561    0.228561       0.003906
   247    0.319985    0.319985    0.319985       0.003906
   248    0.959955   -0.319985   -0.319985       0.003906
   249    0.228561    0.411409   -0.868530       0.003906
   250    0.137136    0.502833   -0.777106       0.003906
   251    0.045712    0.594258   -0.685682       0.003906
   252   -0.045712    0.685682   -0.594258       0.003906
   253   -0.137136    0.777106   -0.502833       0.003906
   254   -0.228561    0.868530   -0.411409       0.003906
   255   -0.319985    0.959955   -0.319985       0.003906
   256    0.319985    0.319985   -0.959955       0.003906
