 nl2g
     1        1        3        5        7        9       11       13       15
    17       19       21       23       25       27       29       31       33
    35       37       39       41       43       45       47
     2        2        4        6        8       10       12       14       16
    18       20       22       24       26       28       30       32       34
    36       38       40       42       44       46       48
     3       49       51       53       55       57       59       61       63
    65       67       69       71       73       75       77       79       81
    83       85       87       89       91       93       95
     4       50       52       54       56       58       60       62       64
    66       68       70       72       74       76       78       80       82
    84       86       88       90       92       94       96
     5       97       99      101      103      105      107      109      111
   113      115      117      119      121      123      125      127      129
   131      133      135      137      139      141      143
     6       98      100      102      104      106      108      110      112
   114      116      118      120      122      124      126      128      130
   132      134      136      138      140      142      144
     7      145      147      149      151      153      155      157      159
   161      163      165      167      169      171      173      175      177
   179      181      183      185      187      189      191
     8      146      148      150      152      154      156      158      160
   162      164      166      168      170      172      174      176      178
   180      182      184      186      188      190      192
     9      193      195      197      199      201      203      205      207
   209      211      213      215      217      219      221      223      225
   227      229      231      233      235      237      239
    10      194      196      198      200      202      204      206      208
   210      212      214      216      218      220      222      224      226
   228      230      232      234      236      238      240
    11      241      243      245      247      249      251      253      255
   257      259      261      263      265      267      269      271      273
   275      277      279      281      283      285      287
    12      242      244      246      248      250      252      254      256
   258      260      262      264      266      268      270      272      274
   276      278      280      282      284      286      288
    13      289      291      293      295      297      299      301      303
   305      307      309      311      313      315      317      319      321
   323      325      327      329      331      333      335
    14      290      292      294      296      298      300      302      304
   306      308      310      312      314      316      318      320      322
   324      326      328      330      332      334      336
    15      337      339      341      343      345      347      349      351
   353      355      357      359      361      363      365      367      369
   371      373      375      377      379      381      383
    16      338      340      342      344      346      348      350      352
   354      356      358      360      362      364      366      368      370
   372      374      376      378      380      382      384
    17      385      387      389      391      393      395      397      399
   401      403      405      407      409      411      413      415      417
   419      421      423      425      427      429      431
    18      386      388      390      392      394      396      398      400
   402      404      406      408      410      412      414      416      418
   420      422      424      426      428      430      432
    19      433      435      437      439      441      443      445      447
   449      451      453      455      457      459      461      463      465
   467      469      471      473      475      477      479
    20      434      436      438      440      442      444      446      448
   450      452      454      456      458      460      462      464      466
   468      470      472      474      476      478      480
    21      481      483      485      487      489      491      493      495
   497      499      501      503      505      507      509      511      513
   515      517      519      521      523      525      527
    22      482      484      486      488      490      492      494      496
   498      500      502      504      506      508      510      512      514
   516      518      520      522      524      526      528
    23      529      531      533      535      537      539      541      543
   545      547      549      551      553      555      557      559      561
   563      565      567      569      571      573      575
    24      530      532      534      536      538      540      542      544
   546      548      550      552      554      556      558      560      562
   564      566      568      570      572      574      576
    25      577      579      581      583      585      587      589      591
   593      595      597      599      601      603      605      607      609
   611      613      615      617      619      621      623
    26      578      580      582      584      586      588      590      592
   594      596      598      600      602      604      606      608      610
   612      614      616      618      620      622      624
 nNode
     1    0
     2    0
     3    1
     4    1
     5    2
     6    2
     7    3
     8    3
     9    4
    10    4
    11    5
    12    5
    13    6
    14    6
    15    7
    16    7
    17    8
    18    8
    19    9
    20    9
    21   10
    22   10
    23   11
    24   11
    25   12
    26   12
 nG2L (node 0)
     1    1
     2    2
     3    0
     4    0
     5    0
     6    0
     7    0
     8    0
     9    0
    10    0
    11    0
    12    0
    13    0
    14    0
    15    0
    16    0
    17    0
    18    0
    19    0
    20    0
    21    0
    22    0
    23    0
    24    0
    25    0
    26    0
 nOrbPerNode
     0       2
     1       2
     2       2
     3       2
     4       2
     5       2
     6       2
     7       2
     8       2
     9       2
    10       2
    11       2
    12       2
    13       0
    14       0
    15       0
    16       0
    17       0
    18       0
    19       0
    20       0
    21       0
    22       0
    23       0
