   256
     1    0.038144    0.038144   -0.419582       0.003906
     2   -0.038144    0.114431   -0.343294       0.003906
     3   -0.114431    0.190719   -0.267006       0.003906
     4   -0.190719    0.267006   -0.190719       0.003906
     5   -0.267006    0.343294   -0.114431       0.003906
     6   -0.343294    0.419582   -0.038144       0.003906
     7   -0.419582    0.495869    0.038144       0.003906
     8    0.114431   -0.038144   -0.495869       0.003906
     9    0.114431   -0.038144   -0.343294       0.003906
    10    0.038144    0.038144   -0.267006       0.003906
    11   -0.038144    0.114431   -0.190719       0.003906
    12   -0.114431    0.190719   -0.114431       0.003906
    13   -0.190719    0.267006   -0.038144       0.003906
    14   -0.267006    0.343294    0.038144       0.003906
    15   -0.343294    0.419582    0.114431       0.003906
    16    0.190719   -0.114431   -0.419582       0.003906
    17    0.190719   -0.114431   -0.267006       0.003906
    18    0.114431   -0.038144   -0.190719       0.003906
    19    0.038144    0.038144   -0.114431       0.003906
    20   -0.038144    0.114431   -0.038144       0.003906
    21   -0.114431    0.190719    0.038144       0.003906
    22   -0.190719    0.267006    0.114431       0.003906
    23   -0.267006    0.343294    0.190719       0.003906
    24    0.267006   -0.190719   -0.343294       0.003906
    25    0.267006   -0.190719   -0.190719       0.003906
    26    0.190719   -0.114431   -0.114431       0.003906
    27    0.114431   -0.038144   -0.038144       0.003906
    28    0.038144    0.038144    0.038144       0.003906
    29   -0.038144    0.114431    0.114431       0.003906
    30   -0.114431    0.190719    0.190719       0.003906
    31   -0.190719    0.267006    0.267006       0.003906
    32    0.343294   -0.267006   -0.267006       0.003906
    33    0.343294   -0.267006   -0.114431       0.003906
    34    0.267006   -0.190719   -0.038144       0.003906
    35    0.190719   -0.114431    0.038144       0.003906
    36    0.114431   -0.038144    0.114431       0.003906
    37    0.038144    0.038144    0.190719       0.003906
    38   -0.038144    0.114431    0.267006       0.003906
    39   -0.114431    0.190719    0.343294       0.003906
    40    0.419582   -0.343294   -0.190719       0.003906
    41    0.419582   -0.343294   -0.038144       0.003906
    42    0.343294   -0.267006    0.038144       0.003906
    43    0.267006   -0.190719    0.114431       0.003906
    44    0.190719   -0.114431    0.190719       0.003906
    45    0.114431   -0.038144    0.267006       0.003906
    46    0.038144    0.038144    0.343294       0.003906
    47   -0.038144    0.114431    0.419582       0.003906
    48    0.495869   -0.419582   -0.114431       0.003906
    49    0.495869   -0.419582    0.038144       0.003906
    50    0.419582   -0.343294    0.114431       0.003906
    51    0.343294   -0.267006    0.190719       0.003906
    52    0.267006   -0.190719    0.267006       0.003906
    53    0.190719   -0.114431    0.343294       0.003906
    54    0.114431   -0.038144    0.419582       0.003906
    55    0.038144    0.038144    0.495869       0.003906
    56    0.572157   -0.495869   -0.038144       0.003906
    57   -0.038144    0.114431   -0.495869       0.003906
    58   -0.114431    0.190719   -0.419582       0.003906
    59   -0.190719    0.267006   -0.343294       0.003906
    60   -0.267006    0.343294   -0.267006       0.003906
    61   -0.343294    0.419582   -0.190719       0.003906
    62   -0.419582    0.495869   -0.114431       0.003906
    63   -0.495869    0.572157   -0.038144       0.003906
    64    0.038144    0.038144   -0.572157       0.003906
    65    0.114431    0.114431   -0.495869       0.003906
    66    0.038144    0.190719   -0.419582       0.003906
    67   -0.038144    0.267006   -0.343294       0.003906
    68   -0.114431    0.343294   -0.267006       0.003906
    69   -0.190719    0.419582   -0.190719       0.003906
    70   -0.267006    0.495869   -0.114431       0.003906
    71   -0.343294    0.572157   -0.038144       0.003906
    72    0.190719    0.038144   -0.572157       0.003906
    73    0.190719    0.038144   -0.419582       0.003906
    74    0.114431    0.114431   -0.343294       0.003906
    75    0.038144    0.190719   -0.267006       0.003906
    76   -0.038144    0.267006   -0.190719       0.003906
    77   -0.114431    0.343294   -0.114431       0.003906
    78   -0.190719    0.419582   -0.038144       0.003906
    79   -0.267006    0.495869    0.038144       0.003906
    80    0.267006   -0.038144   -0.495869       0.003906
    81    0.267006   -0.038144   -0.343294       0.003906
    82    0.190719    0.038144   -0.267006       0.003906
    83    0.114431    0.114431   -0.190719       0.003906
    84    0.038144    0.190719   -0.114431       0.003906
    85   -0.038144    0.267006   -0.038144       0.003906
    86   -0.114431    0.343294    0.038144       0.003906
    87   -0.190719    0.419582    0.114431       0.003906
    88    0.343294   -0.114431   -0.419582       0.003906
    89    0.343294   -0.114431   -0.267006       0.003906
    90    0.267006   -0.038144   -0.190719       0.003906
    91    0.190719    0.038144   -0.114431       0.003906
    92    0.114431    0.114431   -0.038144       0.003906
    93    0.038144    0.190719    0.038144       0.003906
    94   -0.038144    0.267006    0.114431       0.003906
    95   -0.114431    0.343294    0.190719       0.003906
    96    0.419582   -0.190719   -0.343294       0.003906
    97    0.419582   -0.190719   -0.190719       0.003906
    98    0.343294   -0.114431   -0.114431       0.003906
    99    0.267006   -0.038144   -0.038144       0.003906
   100    0.190719    0.038144    0.038144       0.003906
   101    0.114431    0.114431    0.114431       0.003906
   102    0.038144    0.190719    0.190719       0.003906
   103   -0.038144    0.267006    0.267006       0.003906
   104    0.495869   -0.267006   -0.267006       0.003906
   105    0.495869   -0.267006   -0.114431       0.003906
   106    0.419582   -0.190719   -0.038144       0.003906
   107    0.343294   -0.114431    0.038144       0.003906
   108    0.267006   -0.038144    0.114431       0.003906
   109    0.190719    0.038144    0.190719       0.003906
   110    0.114431    0.114431    0.267006       0.003906
   111    0.038144    0.190719    0.343294       0.003906
   112    0.572157   -0.343294   -0.190719       0.003906
   113    0.572157   -0.343294   -0.038144       0.003906
   114    0.495869   -0.267006    0.038144       0.003906
   115    0.419582   -0.190719    0.114431       0.003906
   116    0.343294   -0.114431    0.190719       0.003906
   117    0.267006   -0.038144    0.267006       0.003906
   118    0.190719    0.038144    0.343294       0.003906
   119    0.114431    0.114431    0.419582       0.003906
   120    0.648444   -0.419582   -0.114431       0.003906
   121    0.038144    0.190719   -0.572157       0.003906
   122   -0.038144    0.267006   -0.495869       0.003906
   123   -0.114431    0.343294   -0.419582       0.003906
   124   -0.190719    0.419582   -0.343294       0.003906
   125   -0.267006    0.495869   -0.267006       0.003906
   126   -0.343294    0.572157   -0.190719       0.003906
   127   -0.419582    0.648444   -0.114431       0.003906
   128    0.114431    0.114431   -0.648444       0.003906
   129    0.190719    0.190719   -0.572157       0.003906
   130    0.114431    0.267006   -0.495869       0.003906
   131    0.038144    0.343294   -0.419582       0.003906
   132   -0.038144    0.419582   -0.343294       0.003906
   133   -0.114431    0.495869   -0.267006       0.003906
   134   -0.190719    0.572157   -0.190719       0.003906
   135   -0.267006    0.648444   -0.114431       0.003906
   136    0.267006    0.114431   -0.648444       0.003906
   137    0.267006    0.114431   -0.495869       0.003906
   138    0.190719    0.190719   -0.419582       0.003906
   139    0.114431    0.267006   -0.343294       0.003906
   140    0.038144    0.343294   -0.267006       0.003906
   141   -0.038144    0.419582   -0.190719       0.003906
   142   -0.114431    0.495869   -0.114431       0.003906
   143   -0.190719    0.572157   -0.038144       0.003906
   144    0.343294    0.038144   -0.572157       0.003906
   145    0.343294    0.038144   -0.419582       0.003906
   146    0.267006    0.114431   -0.343294       0.003906
   147    0.190719    0.190719   -0.267006       0.003906
   148    0.114431    0.267006   -0.190719       0.003906
   149    0.038144    0.343294   -0.114431       0.003906
   150   -0.038144    0.419582   -0.038144       0.003906
   151   -0.114431    0.495869    0.038144       0.003906
   152    0.419582   -0.038144   -0.495869       0.003906
   153    0.419582   -0.038144   -0.343294       0.003906
   154    0.343294    0.038144   -0.267006       0.003906
   155    0.267006    0.114431   -0.190719       0.003906
   156    0.190719    0.190719   -0.114431       0.003906
   157    0.114431    0.267006   -0.038144       0.003906
   158    0.038144    0.343294    0.038144       0.003906
   159   -0.038144    0.419582    0.114431       0.003906
   160    0.495869   -0.114431   -0.419582       0.003906
   161    0.495869   -0.114431   -0.267006       0.003906
   162    0.419582   -0.038144   -0.190719       0.003906
   163    0.343294    0.038144   -0.114431       0.003906
   164    0.267006    0.114431   -0.038144       0.003906
   165    0.190719    0.190719    0.038144       0.003906
   166    0.114431    0.267006    0.114431       0.003906
   167    0.038144    0.343294    0.190719       0.003906
   168    0.572157   -0.190719   -0.343294       0.003906
   169    0.572157   -0.190719   -0.190719       0.003906
   170    0.495869   -0.114431   -0.114431       0.003906
   171    0.419582   -0.038144   -0.038144       0.003906
   172    0.343294    0.038144    0.038144       0.003906
   173    0.267006    0.114431    0.114431       0.003906
   174    0.190719    0.190719    0.190719       0.003906
   175    0.114431    0.267006    0.267006       0.003906
   176    0.648444   -0.267006   -0.267006       0.003906
   177    0.648444   -0.267006   -0.114431       0.003906
   178    0.572157   -0.190719   -0.038144       0.003906
   179    0.495869   -0.114431    0.038144       0.003906
   180    0.419582   -0.038144    0.114431       0.003906
   181    0.343294    0.038144    0.190719       0.003906
   182    0.267006    0.114431    0.267006       0.003906
   183    0.190719    0.190719    0.343294       0.003906
   184    0.724732   -0.343294   -0.190719       0.003906
   185    0.114431    0.267006   -0.648444       0.003906
   186    0.038144    0.343294   -0.572157       0.003906
   187   -0.038144    0.419582   -0.495869       0.003906
   188   -0.114431    0.495869   -0.419582       0.003906
   189   -0.190719    0.572157   -0.343294       0.003906
   190   -0.267006    0.648444   -0.267006       0.003906
   191   -0.343294    0.724732   -0.190719       0.003906
   192    0.190719    0.190719   -0.724732       0.003906
   193    0.267006    0.267006   -0.648444       0.003906
   194    0.190719    0.343294   -0.572157       0.003906
   195    0.114431    0.419582   -0.495869       0.003906
   196    0.038144    0.495869   -0.419582       0.003906
   197   -0.038144    0.572157   -0.343294       0.003906
   198   -0.114431    0.648444   -0.267006       0.003906
   199   -0.190719    0.724732   -0.190719       0.003906
   200    0.343294    0.190719   -0.724732       0.003906
   201    0.343294    0.190719   -0.572157       0.003906
   202    0.267006    0.267006   -0.495869       0.003906
   203    0.190719    0.343294   -0.419582       0.003906
   204    0.114431    0.419582   -0.343294       0.003906
   205    0.038144    0.495869   -0.267006       0.003906
   206   -0.038144    0.572157   -0.190719       0.003906
   207   -0.114431    0.648444   -0.114431       0.003906
   208    0.419582    0.114431   -0.648444       0.003906
   209    0.419582    0.114431   -0.495869       0.003906
   210    0.343294    0.190719   -0.419582       0.003906
   211    0.267006    0.267006   -0.343294       0.003906
   212    0.190719    0.343294   -0.267006       0.003906
   213    0.114431    0.419582   -0.190719       0.003906
   214    0.038144    0.495869   -0.114431       0.003906
   215   -0.038144    0.572157   -0.038144       0.003906
   216    0.495869    0.038144   -0.572157       0.003906
   217    0.495869    0.038144   -0.419582       0.003906
   218    0.419582    0.114431   -0.343294       0.003906
   219    0.343294    0.190719   -0.267006       0.003906
   220    0.267006    0.267006   -0.190719       0.003906
   221    0.190719    0.343294   -0.114431       0.003906
   222    0.114431    0.419582   -0.038144       0.003906
   223    0.038144    0.495869    0.038144       0.003906
   224    0.572157   -0.038144   -0.495869       0.003906
   225    0.572157   -0.038144   -0.343294       0.003906
   226    0.495869    0.038144   -0.267006       0.003906
   227    0.419582    0.114431   -0.190719       0.003906
   228    0.343294    0.190719   -0.114431       0.003906
   229    0.267006    0.267006   -0.038144       0.003906
   230    0.190719    0.343294    0.038144       0.003906
   231    0.114431    0.419582    0.114431       0.003906
   232    0.648444   -0.114431   -0.419582       0.003906
   233    0.648444   -0.114431   -0.267006       0.003906
   234    0.572157   -0.038144   -0.190719       0.003906
   235    0.495869    0.038144   -0.114431       0.003906
   236    0.419582    0.114431   -0.038144       0.003906
   237    0.343294    0.190719    0.038144       0.003906
   238    0.267006    0.267006    0.114431       0.003906
   239    0.190719    0.343294    0.190719       0.003906
   240    0.724732   -0.190719   -0.343294       0.003906
   241    0.724732   -0.190719   -0.190719       0.003906
   242    0.648444   -0.114431   -0.114431       0.003906
   243    0.572157   -0.038144   -0.038144       0.003906
   244    0.495869    0.038144    0.038144       0.003906
   245    0.419582    0.114431    0.114431       0.003906
   246    0.343294    0.190719    0.190719       0.003906
   247    0.267006    0.267006    0.267006       0.003906
   248    0.801019   -0.267006   -0.267006       0.003906
   249    0.190719    0.343294   -0.724732       0.003906
   250    0.114431    0.419582   -0.648444       0.003906
   251    0.038144    0.495869   -0.572157       0.003906
   252   -0.038144    0.572157   -0.495869       0.003906
   253   -0.114431    0.648444   -0.419582       0.003906
   254   -0.190719    0.724732   -0.343294       0.003906
   255   -0.267006    0.801019   -0.267006       0.003906
   256    0.267006    0.267006   -0.801019       0.003906
