    0.0000028344              0.00000           0.00000           0.00000
    0.0000057045              0.00000           0.00000           0.00000
    0.0000086107              0.00000           0.00000           0.00000
    0.0000115535              0.00000           0.00000           0.00000
    0.0000145333              0.00000           0.00000           0.00000
    0.0000175505              0.00000           0.00000           0.00000
    0.0000206057              0.00000           0.00000           0.00000
    0.0000236993              0.00000           0.00001           0.00001
    0.0000268319              0.00000           0.00001           0.00001
    0.0000300038              0.00000           0.00001           0.00001
    0.0000332157              0.00000           0.00001           0.00001
    0.0000364679              0.00000           0.00001           0.00001
    0.0000397611              0.00000           0.00002           0.00002
    0.0000430956              0.00000           0.00002           0.00002
    0.0000464722              0.00000           0.00002           0.00002
    0.0000498911              0.00000           0.00003           0.00003
    0.0000533531              0.00000           0.00003           0.00003
    0.0000568587              0.00000           0.00003           0.00003
    0.0000604083              0.00000           0.00004           0.00004
    0.0000640026              0.00000           0.00004           0.00004
    0.0000676421              0.00000           0.00005           0.00005
    0.0000713274              0.00000           0.00005           0.00005
    0.0000750590              0.00000           0.00006           0.00006
    0.0000788376              0.00000           0.00007           0.00007
    0.0000826637              0.00000           0.00007           0.00007
    0.0000865379              0.00000           0.00008           0.00008
    0.0000904608              0.00000           0.00009           0.00009
    0.0000944331              0.00000           0.00009           0.00009
    0.0000984554              0.00000           0.00010           0.00010
    0.0001025283              0.00000           0.00011           0.00011
    0.0001066524              0.00000           0.00012           0.00012
    0.0001108283              0.00000           0.00013           0.00013
    0.0001150568              0.00000           0.00014           0.00014
    0.0001193385              0.00000           0.00015           0.00015
    0.0001236740              0.00000           0.00016           0.00016
    0.0001280641              0.00000           0.00017           0.00017
    0.0001325094              0.00000           0.00018           0.00018
    0.0001370106              0.00000           0.00020           0.00020
    0.0001415684              0.00000           0.00021           0.00021
    0.0001461836              0.00000           0.00022           0.00022
    0.0001508568              0.00000           0.00024           0.00024
    0.0001555888              0.00000           0.00025           0.00025
    0.0001603803              0.00000           0.00027           0.00027
    0.0001652320              0.00000           0.00029           0.00029
    0.0001701449              0.00000           0.00030           0.00030
    0.0001751195              0.00000           0.00032           0.00032
    0.0001801566              0.00000           0.00034           0.00034
    0.0001852572              0.00000           0.00036           0.00036
    0.0001904219              0.00000           0.00038           0.00038
    0.0001956515              0.00000           0.00040           0.00040
    0.0002009469              0.00000           0.00042           0.00042
    0.0002063090              0.00000           0.00045           0.00044
    0.0002117385              0.00000           0.00047           0.00047
    0.0002172363              0.00000           0.00049           0.00049
    0.0002228032              0.00000           0.00052           0.00052
    0.0002284402              0.00000           0.00055           0.00055
    0.0002341480              0.00000           0.00057           0.00057
    0.0002399277              0.00000           0.00060           0.00060
    0.0002457800              0.00000           0.00063           0.00063
    0.0002517060              0.00000           0.00066           0.00066
    0.0002577065              0.00000           0.00069           0.00069
    0.0002637825              0.00000           0.00073           0.00073
    0.0002699349              0.00000           0.00076           0.00076
    0.0002761647              0.00000           0.00080           0.00080
    0.0002824729              0.00000           0.00083           0.00083
    0.0002888604              0.00000           0.00087           0.00087
    0.0002953283              0.00000           0.00091           0.00091
    0.0003018775              0.00000           0.00095           0.00095
    0.0003085091              0.00000           0.00099           0.00099
    0.0003152241              0.00000           0.00104           0.00104
    0.0003220236              0.00000           0.00108           0.00108
    0.0003289086              0.00000           0.00113           0.00113
    0.0003358802              0.00000           0.00118           0.00118
    0.0003429395              0.00000           0.00123           0.00123
    0.0003500876              0.00000           0.00128           0.00128
    0.0003573256              0.00000           0.00133           0.00133
    0.0003646546              0.00000           0.00139           0.00138
    0.0003720758              0.00000           0.00144           0.00144
    0.0003795904              0.00000           0.00150           0.00150
    0.0003871995              0.00000           0.00156           0.00156
    0.0003949043              0.00000           0.00162           0.00162
    0.0004027061              0.00000           0.00169           0.00169
    0.0004106059              0.00000           0.00176           0.00175
    0.0004186052              0.00000           0.00182           0.00182
    0.0004267050              0.00000           0.00190           0.00189
    0.0004349067              0.00000           0.00197           0.00197
    0.0004432116              0.00000           0.00204           0.00204
    0.0004516210              0.00000           0.00212           0.00212
    0.0004601361              0.00000           0.00220           0.00220
    0.0004687584              0.00000           0.00229           0.00228
    0.0004774891              0.00000           0.00237           0.00237
    0.0004863296              0.00000           0.00246           0.00246
    0.0004952813              0.00000           0.00255           0.00255
    0.0005043456              0.00000           0.00264           0.00264
    0.0005135239              0.00000           0.00274           0.00274
    0.0005228177              0.00000           0.00284           0.00284
    0.0005322284              0.00000           0.00294           0.00294
    0.0005417574              0.00000           0.00305           0.00304
    0.0005514064              0.00000           0.00316           0.00315
    0.0005611766              0.00000           0.00327           0.00327
    0.0005710698              0.00000           0.00338           0.00338
    0.0005810874              0.00000           0.00350           0.00350
    0.0005912311              0.00000           0.00363           0.00362
    0.0006015023              0.00000           0.00375           0.00375
    0.0006119027              0.00000           0.00388           0.00388
    0.0006224339              0.00000           0.00402           0.00401
    0.0006330976              0.00000           0.00415           0.00415
    0.0006438954              0.00000           0.00430           0.00429
    0.0006548291              0.00000           0.00444           0.00444
    0.0006659003              0.00000           0.00459           0.00459
    0.0006771107              0.00000           0.00475           0.00474
    0.0006884621              0.00000           0.00491           0.00490
    0.0006999564              0.00000           0.00507           0.00507
    0.0007115952              0.00000           0.00524           0.00523
    0.0007233804              0.00000           0.00541           0.00541
    0.0007353138              0.00000           0.00559           0.00559
    0.0007473974              0.00000           0.00577           0.00577
    0.0007596329              0.00000           0.00596           0.00596
    0.0007720224              0.00000           0.00616           0.00615
    0.0007845677              0.00000           0.00636           0.00635
    0.0007972708              0.00000           0.00656           0.00656
    0.0008101336              0.00000           0.00677           0.00677
    0.0008231583              0.00000           0.00699           0.00699
    0.0008363468              0.00000           0.00722           0.00721
    0.0008497012              0.00000           0.00745           0.00744
    0.0008632236              0.00000           0.00768           0.00768
    0.0008769160              0.00000           0.00793           0.00792
    0.0008907807              0.00000           0.00818           0.00817
    0.0009048198              0.00000           0.00843           0.00843
    0.0009190355              0.00000           0.00870           0.00869
    0.0009334299              0.00000           0.00897           0.00896
    0.0009480055              0.00000           0.00925           0.00924
    0.0009627644              0.00000           0.00954           0.00953
    0.0009777089              0.00000           0.00983           0.00982
    0.0009928414              0.00000           0.01013           0.01013
    0.0010081643              0.00000           0.01045           0.01044
    0.0010236798              0.00000           0.01077           0.01076
    0.0010393906              0.00000           0.01110           0.01109
    0.0010552990              0.00000           0.01143           0.01142
    0.0010714074              0.00000           0.01178           0.01177
    0.0010877185              0.00000           0.01214           0.01213
    0.0011042348              0.00000           0.01251           0.01249
    0.0011209588              0.00000           0.01288           0.01287
    0.0011378931              0.00000           0.01327           0.01326
    0.0011550405              0.00000           0.01367           0.01365
    0.0011724036              0.00000           0.01408           0.01406
    0.0011899851              0.00000           0.01450           0.01448
    0.0012077877              0.00000           0.01493           0.01491
    0.0012258142              0.00000           0.01537           0.01536
    0.0012440675              0.00000           0.01582           0.01581
    0.0012625504              0.00000           0.01629           0.01628
    0.0012812657              0.00000           0.01677           0.01676
    0.0013002165              0.00000           0.01726           0.01725
    0.0013194057              0.00000           0.01777           0.01775
    0.0013388362              0.00000           0.01829           0.01827
    0.0013585111              0.00000           0.01882           0.01880
    0.0013784335              0.00000           0.01937           0.01935
    0.0013986065              0.00000           0.01993           0.01991
    0.0014190333              0.00000           0.02051           0.02049
    0.0014397170              0.00000           0.02110           0.02108
    0.0014606608              0.00000           0.02171           0.02169
    0.0014818681              0.00000           0.02233           0.02231
    0.0015033422              0.00000           0.02298           0.02295
    0.0015250863              0.00000           0.02363           0.02361
    0.0015471040              0.00000           0.02431           0.02429
    0.0015693986              0.00000           0.02500           0.02498
    0.0015919737              0.00000           0.02571           0.02569
    0.0016148327              0.00000           0.02644           0.02642
    0.0016379792              0.00000           0.02719           0.02717
    0.0016614169              0.00000           0.02796           0.02794
    0.0016851494              0.00000           0.02875           0.02873
    0.0017091804              0.00000           0.02956           0.02954
    0.0017335137              0.00000           0.03039           0.03037
    0.0017581530              0.00000           0.03125           0.03122
    0.0017831023              0.00000           0.03212           0.03209
    0.0018083654              0.00000           0.03302           0.03299
    0.0018339463              0.00000           0.03394           0.03391
    0.0018598490              0.00000           0.03489           0.03486
    0.0018860774              0.00000           0.03586           0.03583
    0.0019126358              0.00000           0.03685           0.03682
    0.0019395282              0.00000           0.03788           0.03784
    0.0019667589              0.00000           0.03892           0.03889
    0.0019943322              0.00000           0.04000           0.03996
    0.0020222522              0.00000           0.04110           0.04106
    0.0020505235              0.00000           0.04223           0.04219
    0.0020791503              0.00000           0.04339           0.04335
    0.0021081372              0.00000           0.04458           0.04454
    0.0021374888              0.00000           0.04580           0.04576
    0.0021672095              0.00000           0.04705           0.04701
    0.0021973041              0.00000           0.04834           0.04829
    0.0022277772              0.00000           0.04965           0.04961
    0.0022586337              0.00000           0.05100           0.05096
    0.0022898782              0.00000           0.05239           0.05234
    0.0023215158              0.00000           0.05381           0.05376
    0.0023535513              0.00000           0.05526           0.05521
    0.0023859898              0.00000           0.05676           0.05671
    0.0024188363              0.00000           0.05829           0.05824
    0.0024520959              0.00000           0.05986           0.05981
    0.0024857739              0.00000           0.06147           0.06141
    0.0025198756              0.00000           0.06312           0.06306
    0.0025544061              0.00000           0.06481           0.06475
    0.0025893711              0.00000           0.06655           0.06649
    0.0026247758              0.00000           0.06833           0.06826
    0.0026606258              0.00000           0.07015           0.07009
    0.0026969268              0.00000           0.07202           0.07195
    0.0027336844              0.00000           0.07394           0.07387
    0.0027709044              0.00000           0.07590           0.07583
    0.0028085925              0.00000           0.07791           0.07784
    0.0028467547              0.00000           0.07998           0.07991
    0.0028853969              0.00000           0.08210           0.08202
    0.0029245252              0.00000           0.08426           0.08419
    0.0029641456              0.00000           0.08649           0.08641
    0.0030042644              0.00000           0.08877           0.08869
    0.0030448879              0.00000           0.09110           0.09102
    0.0030860223              0.00000           0.09349           0.09341
    0.0031276741              0.00000           0.09595           0.09586
    0.0031698499              0.00000           0.09846           0.09837
    0.0032125561              0.00000           0.10104           0.10094
    0.0032557995              0.00000           0.10368           0.10358
    0.0032995869              0.00000           0.10638           0.10628
    0.0033439250              0.00000           0.10915           0.10905
    0.0033888209              0.00000           0.11199           0.11189
    0.0034342814              0.00000           0.11490           0.11480
    0.0034803138              0.00000           0.11788           0.11777
    0.0035269252              0.00000           0.12094           0.12083
    0.0035741229              0.00000           0.12407           0.12395
    0.0036219143              0.00000           0.12727           0.12716
    0.0036703068              0.00000           0.13056           0.13044
    0.0037193080              0.00000           0.13392           0.13380
    0.0037689256              0.00000           0.13737           0.13724
    0.0038191673              0.00000           0.14090           0.14077
    0.0038700409              0.00000           0.14451           0.14438
    0.0039215545              0.00000           0.14822           0.14808
    0.0039737160              0.00000           0.15201           0.15187
    0.0040265337              0.00000           0.15590           0.15576
    0.0040800157              0.00000           0.15988           0.15973
    0.0041341704              0.00000           0.16395           0.16381
    0.0041890063              0.00000           0.16813           0.16798
    0.0042445319              0.00000           0.17241           0.17225
    0.0043007560              0.00000           0.17678           0.17662
    0.0043576873              0.00000           0.18127           0.18110
    0.0044153347              0.00000           0.18586           0.18569
    0.0044737072              0.00000           0.19056           0.19039
    0.0045328140              0.00000           0.19537           0.19520
    0.0045926642              0.00000           0.20030           0.20012
    0.0046532672              0.00000           0.20535           0.20516
    0.0047146326              0.00000           0.21052           0.21033
    0.0047767698              0.00000           0.21581           0.21561
    0.0048396886              0.00000           0.22122           0.22102
    0.0049033988              0.00000           0.22677           0.22656
    0.0049679105              0.00000           0.23244           0.23223
    0.0050332335              0.00000           0.23825           0.23803
    0.0050993782              0.00000           0.24420           0.24398
    0.0051663550              0.00000           0.25028           0.25006
    0.0052341742              0.00000           0.25651           0.25628
    0.0053028464              0.00000           0.26289           0.26265
    0.0053723824              0.00000           0.26942           0.26917
    0.0054427931              0.00000           0.27610           0.27585
    0.0055140895              0.00000           0.28293           0.28268
    0.0055862826              0.00000           0.28993           0.28967
    0.0056593839              0.00000           0.29709           0.29682
    0.0057334046              0.00000           0.30441           0.30414
    0.0058083564              0.00000           0.31191           0.31162
    0.0058842510              0.00000           0.31958           0.31929
    0.0059611002              0.00000           0.32742           0.32713
    0.0060389160              0.00000           0.33545           0.33515
    0.0061177107              0.00000           0.34366           0.34335
    0.0061974964              0.00000           0.35207           0.35175
    0.0062782858              0.00000           0.36066           0.36034
    0.0063600914              0.00000           0.36946           0.36912
    0.0064429259              0.00000           0.37845           0.37811
    0.0065268024              0.00000           0.38765           0.38730
    0.0066117339              0.00000           0.39706           0.39670
    0.0066977337              0.00000           0.40669           0.40632
    0.0067848153              0.00000           0.41653           0.41615
    0.0068729922              0.00000           0.42660           0.42621
    0.0069622782              0.00000           0.43689           0.43650
    0.0070526873              0.00000           0.44742           0.44702
    0.0071442337              0.00000           0.45819           0.45777
    0.0072369315              0.00000           0.46919           0.46877
    0.0073307953              0.00000           0.48045           0.48002
    0.0074258398              0.00000           0.49196           0.49151
    0.0075220798              0.00000           0.50372           0.50327
    0.0076195304              0.00000           0.51575           0.51528
    0.0077182067              0.00000           0.52805           0.52757
    0.0078181243              0.00000           0.54061           0.54013
    0.0079192986              0.00000           0.55346           0.55296
    0.0080217456              0.00000           0.56659           0.56608
    0.0081254811              0.00000           0.58002           0.57949
    0.0082305215              0.00000           0.59373           0.59320
    0.0083368832              0.00000           0.60775           0.60720
    0.0084445827              0.00000           0.62208           0.62152
    0.0085536369              0.00000           0.63672           0.63614
    0.0086640629              0.00000           0.65168           0.65109
    0.0087758778              0.00000           0.66696           0.66636
    0.0088890992              0.00000           0.68258           0.68196
    0.0090037448              0.00000           0.69853           0.69790
    0.0091198324              0.00000           0.71483           0.71418
    0.0092373802              0.00000           0.73148           0.73082
    0.0093564066              0.00000           0.74848           0.74781
    0.0094769301              0.00000           0.76586           0.76516
    0.0095989697              0.00000           0.78360           0.78289
    0.0097225443              0.00000           0.80172           0.80100
    0.0098476733              0.00000           0.82022           0.81948
    0.0099743762              0.00000           0.83912           0.83836
    0.0101026729              0.00000           0.85842           0.85764
    0.0102325833              0.00000           0.87812           0.87733
    0.0103641278              0.00000           0.89824           0.89743
    0.0104973269              0.00000           0.91878           0.91795
    0.0106322015              0.00000           0.93974           0.93889
    0.0107687725              0.00000           0.96114           0.96028
    0.0109070615              0.00000           0.98299           0.98210
    0.0110470898              0.00000           1.00529           1.00438
    0.0111888796              0.00000           1.02805           1.02712
    0.0113324528              0.00000           1.05127           1.05032
    0.0114778319              0.00000           1.07497           1.07400
    0.0116250397              0.00000           1.09915           1.09816
    0.0117740992              0.00000           1.12383           1.12281
    0.0119250336              0.00000           1.14900           1.14796
    0.0120778665              0.00000           1.17468           1.17362
    0.0122326218              0.00000           1.20088           1.19980
    0.0123893236              0.00000           1.22760           1.22649
    0.0125479966              0.00000           1.25486           1.25372
    0.0127086654              0.00000           1.28265           1.28150
    0.0128713552              0.00000           1.31100           1.30982
    0.0130360913              0.00000           1.33991           1.33870
    0.0132028996              0.00000           1.36938           1.36815
    0.0133718061              0.00000           1.39943           1.39817
    0.0135428372              0.00000           1.43007           1.42878
    0.0137160195              0.00000           1.46129           1.45998
    0.0138913802              0.00000           1.49313           1.49178
    0.0140689467              0.00000           1.52557           1.52420
    0.0142487467              0.00000           1.55863           1.55723
    0.0144308084              0.00000           1.59233           1.59090
    0.0146151600              0.00000           1.62666           1.62520
    0.0148018305              0.00000           1.66164           1.66015
    0.0149908491              0.00000           1.69728           1.69575
    0.0151822452              0.00000           1.73358           1.73202
    0.0153760488              0.00000           1.77056           1.76897
    0.0155722901              0.00000           1.80822           1.80660
    0.0157709999              0.00000           1.84658           1.84492
    0.0159722091              0.00000           1.88563           1.88394
    0.0161759492              0.00000           1.92540           1.92367
    0.0163822520              0.00000           1.96589           1.96412
    0.0165911498              0.00000           2.00710           2.00530
    0.0168026752              0.00000           2.04905           2.04721
    0.0170168613              0.00000           2.09175           2.08987
    0.0172337415              0.00000           2.13521           2.13329
    0.0174533497              0.00000           2.17942           2.17747
    0.0176757203              0.00000           2.22441           2.22242
    0.0179008879              0.00000           2.27018           2.26814
    0.0181288878              0.00000           2.31674           2.31466
    0.0183597556              0.00000           2.36410           2.36198
    0.0185935273              0.00000           2.41226           2.41010
    0.0188302395              0.00000           2.46123           2.45903
    0.0190699292              0.00000           2.51103           2.50878
    0.0193126339              0.00000           2.56166           2.55936
    0.0195583913              0.00000           2.61312           2.61078
    0.0198072401              0.00000           2.66543           2.66304
    0.0200592189              0.00000           2.71859           2.71615
    0.0203143673              0.00000           2.77260           2.77012
    0.0205727250              0.00000           2.82749           2.82496
    0.0208343325              0.00000           2.88324           2.88066
    0.0210992305              0.00000           2.93987           2.93724
    0.0213674606              0.00000           2.99739           2.99471
    0.0216390646              0.00000           3.05579           3.05306
    0.0219140850              0.00000           3.11510           3.11231
    0.0221925647              0.00000           3.17530           3.17246
    0.0224745472              0.00000           3.23641           3.23352
    0.0227600767              0.00000           3.29843           3.29549
    0.0230491977              0.00000           3.36136           3.35837
    0.0233419553              0.00000           3.42522           3.42216
    0.0236383954              0.00000           3.48999           3.48688
    0.0239385643              0.00000           3.55570           3.55253
    0.0242425088              0.00000           3.62233           3.61910
    0.0245502764              0.00000           3.68989           3.68660
    0.0248619153              0.00000           3.75838           3.75504
    0.0251774742              0.00000           3.82781           3.82440
    0.0254970023              0.00000           3.89817           3.89470
    0.0258205495              0.00000           3.96947           3.96594
    0.0261481665              0.00000           4.04170           4.03811
    0.0264799044              0.00000           4.11487           4.11121
    0.0268158150              0.00000           4.18897           4.18525
    0.0271559509              0.00000           4.26400           4.26022
    0.0275003651              0.00000           4.33996           4.33612
    0.0278491116              0.00000           4.41685           4.41294
    0.0282022447              0.00000           4.49466           4.49069
    0.0285598197              0.00000           4.57339           4.56935
    0.0289218925              0.00000           4.65304           4.64892
    0.0292885196              0.00000           4.73359           4.72941
    0.0296597582              0.00000           4.81504           4.81079
    0.0300356665              0.00000           4.89739           4.89307
    0.0304163031              0.00000           4.98062           4.97623
    0.0308017276              0.00000           5.06473           5.06027
    0.0311920000              0.00000           5.14971           5.14518
    0.0315871815              0.00000           5.23555           5.23094
    0.0319873338              0.00000           5.32223           5.31756
    0.0323925194              0.00000           5.40975           5.40500
    0.0328028016              0.00000           5.49809           5.49327
    0.0332182445              0.00000           5.58724           5.58234
    0.0336389130              0.00000           5.67718           5.67220
    0.0340648729              0.00000           5.76789           5.76284
    0.0344961906              0.00000           5.85937           5.85425
    0.0349329338              0.00000           5.95159           5.94639
    0.0353751704              0.00000           6.04453           6.03925
    0.0358229697              0.00000           6.13817           6.13282
    0.0362764016              0.00000           6.23250           6.22707
    0.0367355371              0.00000           6.32749           6.32198
    0.0372004477              0.00000           6.42311           6.41752
    0.0376712061              0.00000           6.51934           6.51368
    0.0381478860              0.00000           6.61617           6.61043
    0.0386305618              0.00000           6.71355           6.70773
    0.0391193089              0.00000           6.81146           6.80557
    0.0396142037              0.00000           6.90988           6.90391
    0.0401153234              0.00000           7.00877           7.00272
    0.0406227465              0.00000           7.10811           7.10198
    0.0411365522              0.00000           7.20785           7.20165
    0.0416568208              0.00000           7.30797           7.30169
    0.0421836335              0.00000           7.40843           7.40207
    0.0427170728              0.00000           7.50919           7.50275
    0.0432572219              0.00000           7.61021           7.60370
    0.0438041652              0.00000           7.71147           7.70488
    0.0443579882              0.00000           7.81291           7.80624
    0.0449187774              0.00000           7.91449           7.90775
    0.0454866205              0.00000           8.01618           8.00937
    0.0460616062              0.00000           8.11793           8.11104
    0.0466438243              0.00000           8.21969           8.21272
    0.0472333659              0.00000           8.32141           8.31437
    0.0478303229              0.00000           8.42305           8.41594
    0.0484347888              0.00000           8.52456           8.51738
    0.0490468578              0.00000           8.62589           8.61864
    0.0496666258              0.00000           8.72698           8.71966
    0.0502941895              0.00000           8.82779           8.82040
    0.0509296470              0.00000           8.92825           8.92080
    0.0515730975              0.00000           9.02832           9.02080
    0.0522246417              0.00000           9.12794           9.12035
    0.0528843812              0.00000           9.22704           9.21939
    0.0535524193              0.00000           9.32558           9.31787
    0.0542288602              0.00000           9.42348           9.41571
    0.0549138098              0.00000           9.52070           9.51287
    0.0556073749              0.00000           9.61716           9.60927
    0.0563096640              0.00000           9.71280           9.70486
    0.0570207868              0.00000           9.80756           9.79957
    0.0577408545              0.00000           9.90138           9.89333
    0.0584699795              0.00000           9.99419           9.98609
    0.0592082757              0.00000          10.08591          10.07777
    0.0599558586              0.00000          10.17649          10.16830
    0.0607128449              0.00000          10.26586          10.25763
    0.0614793529              0.00000          10.35395          10.34567
    0.0622555024              0.00000          10.44068          10.43236
    0.0630414147              0.00000          10.52599          10.51764
    0.0638372125              0.00000          10.60981          10.60142
    0.0646430202              0.00000          10.69206          10.68364
    0.0654589638              0.00000          10.77268          10.76423
    0.0662851706              0.00000          10.85159          10.84312
    0.0671217699              0.00000          10.92872          10.92023
    0.0679688922              0.00000          11.00401          10.99550
    0.0688266701              0.00000          11.07737          11.06885
    0.0696952375              0.00000          11.14875          11.14021
    0.0705747301              0.00000          11.21806          11.20951
    0.0714652853              0.00000          11.28523          11.27668
    0.0723670424              0.00000          11.35020          11.34165
    0.0732801422              0.00000          11.41290          11.40434
    0.0742047274              0.00000          11.47325          11.46470
    0.0751409424              0.00000          11.53119          11.52265
    0.0760889335              0.00000          11.58666          11.57813
    0.0770488489              0.00000          11.63957          11.63106
    0.0780208386              0.00000          11.68987          11.68138
    0.0790050543              0.00000          11.73750          11.72903
    0.0800016500              0.00000          11.78239          11.77395
    0.0810107814              0.00000          11.82448          11.81607
    0.0820326060              0.00000          11.86371          11.85533
    0.0830672836              0.00000          11.90002          11.89169
    0.0841149758              0.00000          11.93335          11.92507
    0.0851758464              0.00000          11.96366          11.95543
    0.0862500611              0.00000          11.99089          11.98271
    0.0873377878              0.00000          12.01499          12.00687
    0.0884391964              0.00000          12.03591          12.02785
    0.0895544589              0.00000          12.05362          12.04562
    0.0906837498              0.00000          12.06805          12.06013
    0.0918272454              0.00000          12.07919          12.07134
    0.0929851244              0.00000          12.08699          12.07922
    0.0941575677              0.00000          12.09142          12.08374
    0.0953447586              0.00000          12.09245          12.08486
    0.0965468824              0.00000          12.09005          12.08255
    0.0977641272              0.00000          12.08420          12.07681
    0.0989966829              0.00000          12.07489          12.06760
    0.1002447424              0.00000          12.06209          12.05491
    0.1015085004              0.00000          12.04580          12.03873
    0.1027881546              0.00000          12.02602          12.01906
    0.1040839049              0.00000          12.00272          11.99589
    0.1053959537              0.00000          11.97593          11.96922
    0.1067245060              0.00000          11.94564          11.93906
    0.1080697695              0.00000          11.91187          11.90542
    0.1094319543              0.00000          11.87462          11.86831
    0.1108112733              0.00000          11.83393          11.82776
    0.1122079419              0.00000          11.78981          11.78378
    0.1136221785              0.00000          11.74229          11.73642
    0.1150542041              0.00000          11.69141          11.68569
    0.1165042422              0.00000          11.63722          11.63165
    0.1179725196              0.00000          11.57974          11.57433
    0.1194592657              0.00000          11.51904          11.51379
    0.1209647127              0.00000          11.45516          11.45008
    0.1224890959              0.00000          11.38818          11.38326
    0.1240326535              0.00000          11.31814          11.31340
    0.1255956267              0.00000          11.24513          11.24056
    0.1271782597              0.00000          11.16923          11.16482
    0.1287807997              0.00000          11.09050          11.08627
    0.1304034972              0.00000          11.00904          11.00499
    0.1320466057              0.00000          10.92494          10.92107
    0.1337103819              0.00000          10.83830          10.83460
    0.1353950860              0.00000          10.74921          10.74569
    0.1371009809              0.00000          10.65779          10.65445
    0.1388283334              0.00000          10.56415          10.56099
    0.1405774133              0.00000          10.46841          10.46542
    0.1423484939              0.00000          10.37067          10.36786
    0.1441418520              0.00000          10.27108          10.26845
    0.1459577678              0.00000          10.16976          10.16730
    0.1477965249              0.00000          10.06685          10.06456
    0.1496584108              0.00000           9.96248           9.96036
    0.1515437163              0.00000           9.85680           9.85485
    0.1534527360              0.00000           9.74996           9.74817
    0.1553857683              0.00000           9.64210           9.64047
    0.1573431151              0.00000           9.53338           9.53190
    0.1593250823              0.00000           9.42396           9.42263
    0.1613319795              0.00000           9.31400           9.31281
    0.1633641205              0.00000           9.20365           9.20260
    0.1654218226              0.00000           9.09308           9.09216
    0.1675054074              0.00000           8.98246           8.98167
    0.1696152005              0.00000           8.87197           8.87129
    0.1717515315              0.00000           8.76176           8.76119
    0.1739147343              0.00000           8.65200           8.65154
    0.1761051468              0.00000           8.54289           8.54252
    0.1783231113              0.00000           8.43457           8.43429
    0.1805689743              0.00000           8.32723           8.32702
    0.1828430868              0.00000           8.22104           8.22090
    0.1851458042              0.00000           8.11618           8.11608
    0.1874774862              0.00000           8.01280           8.01275
    0.1898384971              0.00000           7.91109           7.91107
    0.1922292059              0.00000           7.81121           7.81120
    0.1946499861              0.00000           7.71332           7.71332
    0.1971012159              0.00000           7.61760           7.61759
    0.1995832784              0.00000           7.52420           7.52417
    0.2020965615              0.00000           7.43329           7.43322
    0.2046414577              0.00000           7.34500           7.34488
    0.2072183648              0.00000           7.25951           7.25932
    0.2098276854              0.00000           7.17694           7.17667
    0.2124698272              0.00000           7.09746           7.09708
    0.2151452031              0.00000           7.02118           7.02069
    0.2178542311              0.00000           6.94825           6.94763
    0.2205973344              0.00000           6.87879           6.87801
    0.2233749417              0.00000           6.81291           6.81197
    0.2261874870              0.00000           6.75075           6.74962
    0.2290354098              0.00000           6.69239           6.69106
    0.2319191551              0.00000           6.63794           6.63639
    0.2348391734              0.00000           6.58750           6.58570
    0.2377959210              0.00000           6.54115           6.53909
    0.2407898599              0.00000           6.49896           6.49662
    0.2438214579              0.00000           6.46101           6.45837
    0.2468911888              0.00000           6.42736           6.42440
    0.2499995320              0.00000           6.39806           6.39476
    0.2531469735              0.00000           6.37315           6.36949
    0.2563340049              0.00000           6.35268           6.34864
    0.2595611242              0.00000           6.33665           6.33221
    0.2628288356              0.00000           6.32510           6.32024
    0.2661376499              0.00000           6.31802           6.31273
    0.2694880838              0.00000           6.31542           6.30967
    0.2728806611              0.00000           6.31727           6.31105
    0.2763159117              0.00000           6.32357           6.31685
    0.2797943724              0.00000           6.33427           6.32704
    0.2833165868              0.00000           6.34933           6.34157
    0.2868831052              0.00000           6.36870           6.36039
    0.2904944849              0.00000           6.39231           6.38344
    0.2941512902              0.00000           6.42010           6.41064
    0.2978540923              0.00000           6.45197           6.44192
    0.3016034701              0.00000           6.48784           6.47718
    0.3054000091              0.00000           6.52760           6.51632
    0.3092443028              0.00000           6.57115           6.55922
    0.3131369517              0.00000           6.61835           6.60577
    0.3170785641              0.00000           6.66907           6.65583
    0.3210697559              0.00000           6.72319           6.70927
    0.3251111507              0.00000           6.78054           6.76594
    0.3292033800              0.00000           6.84098           6.82568
    0.3333470832              0.00000           6.90433           6.88833
    0.3375429078              0.00000           6.97042           6.95371
    0.3417915093              0.00000           7.03909           7.02166
    0.3460935517              0.00000           7.11013           7.09198
    0.3504497071              0.00000           7.18336           7.16449
    0.3548606562              0.00000           7.25858           7.23898
    0.3593270882              0.00000           7.33558           7.31527
    0.3638497011              0.00000           7.41416           7.39312
    0.3684292013              0.00000           7.49411           7.47235
    0.3730663046              0.00000           7.57521           7.55273
    0.3777617355              0.00000           7.65723           7.63405
    0.3825162276              0.00000           7.73996           7.71607
    0.3873305239              0.00000           7.82317           7.79859
    0.3922053766              0.00000           7.90664           7.88137
    0.3971415473              0.00000           7.99012           7.96419
    0.4021398075              0.00000           8.07341           8.04681
    0.4072009380              0.00000           8.15626           8.12902
    0.4123257297              0.00000           8.23845           8.21058
    0.4175149834              0.00000           8.31974           8.29127
    0.4227695098              0.00000           8.39992           8.37086
    0.4280901300              0.00000           8.47875           8.44913
    0.4334776754              0.00000           8.55602           8.52586
    0.4389329878              0.00000           8.63150           8.60083
    0.4444569196              0.00000           8.70499           8.67382
    0.4500503338              0.00000           8.77625           8.74462
    0.4557141046              0.00000           8.84510           8.81303
    0.4614491168              0.00000           8.91132           8.87886
    0.4672562666              0.00000           8.97472           8.94189
    0.4731364614              0.00000           9.03510           9.00194
    0.4790906199              0.00000           9.09230           9.05884
    0.4851196724              0.00000           9.14611           9.11239
    0.4912245612              0.00000           9.19639           9.16244
    0.4974062400              0.00000           9.24295           9.20882
    0.5036656747              0.00000           9.28566           9.25138
    0.5100038434              0.00000           9.32435           9.28998
    0.5164217365              0.00000           9.35891           9.32446
    0.5229203567              0.00000           9.38919           9.35472
    0.5295007195              0.00000           9.41507           9.38063
    0.5361638531              0.00000           9.43646           9.40209
    0.5429107986              0.00000           9.45325           9.41898
    0.5497426102              0.00000           9.46534           9.43123
    0.5566603554              0.00000           9.47267           9.43876
    0.5636651152              0.00000           9.47516           9.44149
    0.5707579840              0.00000           9.47275           9.43937
    0.5779400700              0.00000           9.46540           9.43235
    0.5852124956              0.00000           9.45306           9.42039
    0.5925763971              0.00000           9.43572           9.40347
    0.6000329250              0.00000           9.41335           9.38156
    0.6075832446              0.00000           9.38596           9.35467
    0.6152285354              0.00000           9.35353           9.32279
    0.6229699922              0.00000           9.31610           9.28595
    0.6308088245              0.00000           9.27368           9.24416
    0.6387462571              0.00000           9.22632           9.19746
    0.6467835304              0.00000           9.17405           9.14589
    0.6549219001              0.00000           9.11693           9.08951
    0.6631626380              0.00000           9.05503           9.02838
    0.6715070315              0.00000           8.98843           8.96257
    0.6799563846              0.00000           8.91720           8.89217
    0.6885120175              0.00000           8.84143           8.81727
    0.6971752670              0.00000           8.76124           8.73796
    0.7059474867              0.00000           8.67673           8.65435
    0.7148300474              0.00000           8.58800           8.56656
    0.7238243370              0.00000           8.49520           8.47470
    0.7329317608              0.00000           8.39845           8.37891
    0.7421537419              0.00000           8.29788           8.27932
    0.7514917212              0.00000           8.19365           8.17607
    0.7609471578              0.00000           8.08590           8.06930
    0.7705215292              0.00000           7.97478           7.95918
    0.7802163314              0.00000           7.86046           7.84585
    0.7900330791              0.00000           7.74310           7.72948
    0.7999733064              0.00000           7.62287           7.61023
    0.8100385663              0.00000           7.49994           7.48828
    0.8202304316              0.00000           7.37449           7.36379
    0.8305504947              0.00000           7.24670           7.23694
    0.8410003683              0.00000           7.11674           7.10790
    0.8515816852              0.00000           6.98480           6.97686
    0.8622960986              0.00000           6.85107           6.84399
    0.8731452827              0.00000           6.71572           6.70947
    0.8841309328              0.00000           6.57894           6.57349
    0.8952547653              0.00000           6.44091           6.43623
    0.9065185184              0.00000           6.30183           6.29786
    0.9179239521              0.00000           6.16187           6.15857
    0.9294728485              0.00000           6.02122           6.01854
    0.9411670121              0.00000           5.88005           5.87793
    0.9530082702              0.00000           5.73854           5.73693
    0.9649984730              0.00000           5.59688           5.59571
    0.9771394940              0.00000           5.45523           5.45444
    0.9894332302              0.00000           5.31376           5.31328
    1.0018816026              0.00000           5.17264           5.17240
    1.0144865562              0.00000           5.03204           5.03195
    1.0272500606              0.00000           4.89210           4.89209
    1.0401741102              0.00000           4.75299           4.75298
    1.0532607243              0.00000           4.61485           4.61475
    1.0665119477              0.00000           4.47783           4.47754
    1.0799298510              0.00000           4.34206           4.34151
    1.0935165307              0.00000           4.20769           4.20677
    1.1072741099              0.00000           4.07483           4.07344
    1.1212047380              0.00000           3.94361           3.94166
    1.1353105919              0.00000           3.81415           3.81154
    1.1495938757              0.00000           3.68656           3.68317
    1.1640568210              0.00000           3.56094           3.55667
    1.1787016877              0.00000           3.43739           3.43214
    1.1935307642              0.00000           3.31600           3.30965
    1.2085463675              0.00000           3.19685           3.18929
    1.2237508439              0.00000           3.08003           3.07115
    1.2391465690              0.00000           2.96561           2.95529
    1.2547359485              0.00000           2.85364           2.84177
    1.2705214183              0.00000           2.74420           2.73066
    1.2865054448              0.00000           2.63734           2.62201
    1.3026905257              0.00000           2.53309           2.51586
    1.3190791898              0.00000           2.43151           2.41226
    1.3356739979              0.00000           2.33261           2.31123
    1.3524775430              0.00000           2.23645           2.21281
    1.3694924506              0.00000           2.14302           2.11701
    1.3867213795              0.00000           2.05235           2.02386
    1.4041670216              0.00000           1.96446           1.93337
    1.4218321029              0.00000           1.87934           1.84553
    1.4397193836              0.00000           1.79699           1.76036
    1.4578316585              0.00000           1.71740           1.67784
    1.4761717578              0.00000           1.64058           1.59797
    1.4947425472              0.00000           1.56649           1.52073
    1.5135469283              0.00000           1.49512           1.44611
    1.5325878394              0.00000           1.42645           1.37408
    1.5518682558              0.00000           1.36044           1.30461
    1.5713911899              0.00000           1.29706           1.23769
    1.5911596922              0.00000           1.23627           1.17326
    1.6111768518              0.00000           1.17804           1.11130
    1.6314457961              0.00000           1.12232           1.05176
    1.6519696925              0.00000           1.06907           0.99461
    1.6727517476              0.00000           1.01823           0.93979
    1.6937952089              0.00000           0.96975           0.88726
    1.7151033643              0.00000           0.92358           0.83697
    1.7366795433              0.00000           0.87966           0.78888
    1.7585271172              0.00000           0.83794           0.74291
    1.7806494998              0.00000           0.79836           0.69903
    1.8030501477              0.00000           0.76085           0.65718
    1.8257325610              0.00000           0.72535           0.61729
    1.8487002840              0.00000           0.69180           0.57932
    1.8719569054              0.00000           0.66014           0.54320
    1.8955060590              0.00000           0.63031           0.50888
    1.9193514246              0.00000           0.60223           0.47629
    1.9434967279              0.00000           0.57584           0.44538
    1.9679457418              0.00000           0.55108           0.41610
    1.9927022863              0.00000           0.52789           0.38838
    2.0177702299              0.00000           0.50620           0.36216
    2.0431534894              0.00000           0.48594           0.33739
    2.0688560310              0.00000           0.46706           0.31400
    2.0948818708              0.00000           0.44949           0.29196
    2.1212350753              0.00000           0.43317           0.27119
    2.1479197624              0.00000           0.41804           0.25165
    2.1749401015              0.00000           0.40404           0.23328
    2.2023003146              0.00000           0.39111           0.21604
    2.2300046768              0.00000           0.37920           0.19986
    2.2580575170              0.00000           0.36824           0.18470
    2.2864632185              0.00000           0.35820           0.17052
    2.3152262197              0.00000           0.34901           0.15726
    2.3443510150              0.00000           0.34063           0.14487
    2.3738421551              0.00000           0.33301           0.13333
    2.4037042480              0.00000           0.32609           0.12257
    2.4339419599              0.00000           0.31984           0.11256
    2.4645600153              0.00000           0.31421           0.10326
    2.4955631985              0.00000           0.30916           0.09463
    2.5269563537              0.00000           0.30464           0.08663
    2.5587443862              0.00000           0.30062           0.07922
    2.5909322629              0.00000           0.29705           0.07236
    2.6235250132              0.00000           0.29391           0.06603
    2.6565277299              0.00000           0.29114           0.06019
    2.6899455697              0.00000           0.28871           0.05480
    2.7237837541              0.00000           0.28659           0.04985
    2.7580475705              0.00000           0.28474           0.04529
    2.7927423727              0.00000           0.28313           0.04110
    2.8278735817              0.00000           0.28172           0.03725
    2.8634466870              0.00000           0.28049           0.03373
    2.8994672468              0.00000           0.27940           0.03050
    2.9359408895              0.00000           0.27843           0.02755
    2.9728733141              0.00000           0.27755           0.02485
    3.0102702915              0.00000           0.27674           0.02239
    3.0481376649              0.00000           0.27597           0.02015
    3.0864813513              0.00000           0.27522           0.01811
    3.1253073418              0.00000           0.27446           0.01625
    3.1646217032              0.00000           0.27369           0.01457
    3.2044305784              0.00000           0.27288           0.01304
    3.2447401876              0.00000           0.27202           0.01166
    3.2855568292              0.00000           0.27108           0.01040
    3.3268868810              0.00000           0.27007           0.00927
    3.3687368009              0.00000           0.26895           0.00826
    3.4111131279              0.00000           0.26773           0.00734
    3.4540224836              0.00000           0.26639           0.00651
    3.4974715724              0.00000           0.26493           0.00577
    3.5414671836              0.00000           0.26332           0.00511
    3.5860161914              0.00000           0.26158           0.00451
    3.6311255567              0.00000           0.25969           0.00398
    3.6768023280              0.00000           0.25765           0.00350
    3.7230536423              0.00000           0.25545           0.00308
    3.7698867266              0.00000           0.25309           0.00270
    3.8173088986              0.00000           0.25057           0.00237
    3.8653275680              0.00000           0.24789           0.00207
    3.9139502379              0.00000           0.24504           0.00181
    3.9631845058              0.00000           0.24204           0.00158
    4.0130380645              0.00000           0.23888           0.00137
    4.0635187037              0.00000           0.23556           0.00119
    4.1146343113              0.00000           0.23209           0.00103
    4.1663928740              0.00000           0.22847           0.00089
    4.2188024793              0.00000           0.22471           0.00077
    4.2718713163              0.00000           0.22082           0.00067
    4.3256076771              0.00000           0.21679           0.00057
    4.3800199581              0.00000           0.21264           0.00049
    4.4351166613              0.00000           0.20837           0.00042
    4.4909063958              0.00000           0.20400           0.00036
    4.5473978787              0.00000           0.19953           0.00031
    4.6045999370              0.00000           0.19496           0.00026
    4.6625215086              0.00000           0.19032           0.00022
    4.7211716439              0.00000           0.18561           0.00019
    4.7805595071              0.00000           0.18083           0.00016
    4.8406943776              0.00000           0.17600           0.00013
    4.9015856517              0.00000           0.17113           0.00011
    4.9632428437              0.00000           0.16623           0.00010
    5.0256755878              0.00000           0.16130           0.00008
    5.0888936390              0.00000           0.15637           0.00007
    5.1529068755              0.00000           0.15143           0.00006
    5.2177252994              0.00000           0.14649           0.00005
    5.2833590387              0.00000           0.14158           0.00004
    5.3498183487              0.00000           0.13668           0.00003
    5.4171136140              0.00000           0.13182           0.00003
    5.4852553496              0.00000           0.12701           0.00002
    5.5542542026              0.00000           0.12224           0.00002
    5.6241209544              0.00000           0.11753           0.00001
    5.6948665217              0.00000           0.11288           0.00001
    5.7665019587              0.00000           0.10830           0.00001
    5.8390384586              0.00000           0.10380           0.00001
    5.9124873553              0.00000           0.09938           0.00001
    5.9868601255              0.00000           0.09504           0.00001
    6.0621683899              0.00000           0.09080           0.00000
    6.1384239157              0.00000           0.08666           0.00000
    6.2156386179              0.00000           0.08261           0.00000
    6.2938245614              0.00000           0.07867           0.00000
    6.3729939631              0.00000           0.07483           0.00000
    6.4531591933              0.00000           0.07110           0.00000
    6.5343327780              0.00000           0.06749           0.00000
    6.6165274006              0.00000           0.06398           0.00000
    6.6997559043              0.00000           0.06059           0.00000
    6.7840312937              0.00000           0.05731           0.00000
    6.8693667371              0.00000           0.05414           0.00000
    6.9557755681              0.00000           0.05109           0.00000
    7.0432712885              0.00000           0.04815           0.00000
    7.1318675695              0.00000           0.04533           0.00000
    7.2215782546              0.00000           0.04262           0.00000
    7.3124173611              0.00000           0.04003           0.00000
    7.4043990830              0.00000           0.03754           0.00000
    7.4975377925              0.00000           0.03517           0.00000
    7.5918480427              0.00000           0.03290           0.00000
    7.6873445699              0.00000           0.03074           0.00000
    7.7840422955              0.00000           0.02868           0.00000
    7.8819563287              0.00000           0.02672           0.00000
    7.9811019689              0.00000           0.02487           0.00000
    8.0814947077              0.00000           0.02311           0.00000
    8.1831502317              0.00000           0.02144           0.00000
    8.2860844247              0.00000           0.01987           0.00000
    8.3903133706              0.00000           0.01839           0.00000
    8.4958533552              0.00000           0.01699           0.00000
    8.6027208693              0.00000           0.01567           0.00000
    8.7109326114              0.00000           0.01444           0.00000
    8.8205054895              0.00000           0.01328           0.00000
    8.9314566248              0.00000           0.01220           0.00000
    9.0438033536              0.00000           0.01118           0.00000
    9.1575632303              0.00000           0.01024           0.00000
    9.2727540300              0.00000           0.00936           0.00000
    9.3893937517              0.00000           0.00854           0.00000
    9.5075006204              0.00000           0.00778           0.00000
    9.6270930907              0.00000           0.00708           0.00000
    9.7481898491              0.00000           0.00643           0.00000
    9.8708098171              0.00000           0.00583           0.00000
    9.9949721545              0.00000           0.00527           0.00000
   10.1206962619              0.00000           0.00476           0.00000
   10.2480017838              0.00000           0.00430           0.00000
   10.3769086121              0.00000           0.00387           0.00000
   10.5074368886              0.00000           0.00348           0.00000
   10.6396070088              0.00000           0.00312           0.00000
   10.7734396244              0.00000           0.00279           0.00000
   10.9089556471              0.00000           0.00250           0.00000
   11.0461762515              0.00000           0.00223           0.00000
   11.1851228786              0.00000           0.00198           0.00000
   11.3258172392              0.00000           0.00176           0.00000
   11.4682813169              0.00000           0.00156           0.00000
   11.6125373722              0.00000           0.00139           0.00000
   11.7586079452              0.00000           0.00122           0.00000
   11.9065158599              0.00000           0.00108           0.00000
   12.0562842271              0.00000           0.00095           0.00000
   12.2079364484              0.00000           0.00084           0.00000
   12.3614962199              0.00000           0.00073           0.00000
   12.5169875355              0.00000           0.00064           0.00000
   12.6744346911              0.00000           0.00056           0.00000
   12.8338622881              0.00000           0.00049           0.00000
   12.9952952374              0.00000           0.00043           0.00000
   13.1587587633              0.00000           0.00037           0.00000
   13.3242784072              0.00000           0.00032           0.00000
   13.4918800319              0.00000           0.00028           0.00000
   13.6615898255              0.00000           0.00024           0.00000
   13.8334343055              0.00000           0.00021           0.00000
   14.0074403230              0.00000           0.00018           0.00000
   14.1836350667              0.00000           0.00015           0.00000
   14.3620460675              0.00000           0.00013           0.00000
   14.5427012025              0.00000           0.00011           0.00000
   14.7256286993              0.00000           0.00009           0.00000
   14.9108571407              0.00000           0.00008           0.00000
   15.0984154691              0.00000           0.00007           0.00000
   15.2883329909              0.00000           0.00006           0.00000
   15.4806393810              0.00000           0.00005           0.00000
   15.6753646877              0.00000           0.00004           0.00000
   15.8725393372              0.00000           0.00003           0.00000
   16.0721941386              0.00000           0.00003           0.00000
   16.2743602881              0.00000           0.00002           0.00000
   16.4790693748              0.00000           0.00002           0.00000
   16.6863533848              0.00000           0.00002           0.00000
   16.8962447067              0.00000           0.00001           0.00000
   17.1087761364              0.00000           0.00001           0.00000
   17.3239808824              0.00000           0.00001           0.00000
   17.5418925709              0.00000           0.00001           0.00000
   17.7625452509              0.00000           0.00001           0.00000
   17.9859734001              0.00000           0.00001           0.00000
   18.2122119293              0.00000           0.00000           0.00000
   18.4412961890              0.00000           0.00000           0.00000
   18.6732619739              0.00000           0.00000           0.00000
   18.9081455292              0.00000           0.00000           0.00000
   19.1459835559              0.00000           0.00000           0.00000
   19.3868132167              0.00000           0.00000           0.00000
   19.6306721417              0.00000           0.00000           0.00000
   19.8775984344              0.00000           0.00000           0.00000
   20.1276306775              0.00000           0.00000           0.00000
   20.3808079390              0.00000           0.00000           0.00000
   20.6371697785              0.00000           0.00000           0.00000
   20.8967562529              0.00000           0.00000           0.00000
   21.1596079232              0.00000           0.00000           0.00000
   21.4257658605              0.00000           0.00000           0.00000
   21.6952716526              0.00000           0.00000           0.00000
   21.9681674102              0.00000           0.00000           0.00000
   22.2444957738              0.00000           0.00000           0.00000
   22.5242999204              0.00000           0.00000           0.00000
   22.8076235699              0.00000           0.00000           0.00000
   23.0945109922              0.00000           0.00000           0.00000
   23.3850070140              0.00000           0.00000           0.00000
   23.6791570259              0.00000           0.00000           0.00000
   23.9770069895              0.00000           0.00000           0.00000
   24.2786034445              0.00000           0.00000           0.00000
   24.5839935158              0.00000           0.00000           0.00000
   24.8932249214              0.00000           0.00000           0.00000
   25.2063459792              0.00000           0.00000           0.00000
   25.5234056150              0.00000           0.00000           0.00000
   25.8444533702              0.00000           0.00000           0.00000
   26.1695394089              0.00000           0.00000           0.00000
   26.4987145266              0.00000           0.00000           0.00000
   26.8320301577              0.00000           0.00000           0.00000
   27.1695383832              0.00000           0.00000           0.00000
   27.5112919395              0.00000           0.00000           0.00000
   27.8573442265              0.00000           0.00000           0.00000
   28.2077493153              0.00000           0.00000           0.00000
   28.5625619576              0.00000           0.00000           0.00000
   28.9218375935              0.00000           0.00000           0.00000
   29.2856323606              0.00000           0.00000           0.00000
   29.6540031025              0.00000           0.00000           0.00000
   30.0270073780              0.00000           0.00000           0.00000
   30.4047034696              0.00000           0.00000           0.00000
   30.7871503933              0.00000           0.00000           0.00000
   31.1744079070              0.00000           0.00000           0.00000
   31.5665365206              0.00000           0.00000           0.00000
   31.9635975050              0.00000           0.00000           0.00000
   32.3656529017              0.00000           0.00000           0.00000
   32.7727655327              0.00000           0.00000           0.00000
   33.1849990103              0.00000           0.00000           0.00000
   33.6024177467              0.00000           0.00000           0.00000
   34.0250869644              0.00000           0.00000           0.00000
   34.4530727064              0.00000           0.00000           0.00000
   34.8864418463              0.00000           0.00000           0.00000
   35.3252620989              0.00000           0.00000           0.00000
   35.7696020308              0.00000           0.00000           0.00000
   36.2195310710              0.00000           0.00000           0.00000
   36.6751195219              0.00000           0.00000           0.00000
   37.1364385700              0.00000           0.00000           0.00000
   37.6035602974              0.00000           0.00000           0.00000
   38.0765576927              0.00000           0.00000           0.00000
   38.5555046630              0.00000           0.00000           0.00000
   39.0404760444              0.00000           0.00000           0.00000
   39.5315476149              0.00000           0.00000           0.00000
   40.0287961054              0.00000           0.00000           0.00000
   40.5322992118              0.00000           0.00000           0.00000
   41.0421356078              0.00000           0.00000           0.00000
   41.5583849561              0.00000           0.00000           0.00000
   42.0811279218              0.00000           0.00000           0.00000
   42.6104461846              0.00000           0.00000           0.00000
   43.1464224515              0.00000           0.00000           0.00000
   43.6891404699              0.00000           0.00000           0.00000
   44.2386850406              0.00000           0.00000           0.00000
   44.7951420310              0.00000           0.00000           0.00000
   45.3585983887              0.00000           0.00000           0.00000
   45.9291421550              0.00000           0.00000           0.00000
   46.5068624783              0.00000           0.00000           0.00000
   47.0918496287              0.00000           0.00000           0.00000
   47.6841950117              0.00000           0.00000           0.00000
   48.2839911823              0.00000           0.00000           0.00000
   48.8913318601              0.00000           0.00000           0.00000
   49.5063119431              0.00000           0.00000           0.00000
   50.1290275232              0.00000           0.00000           0.00000
   50.7595759012              0.00000           0.00000           0.00000
   51.3980556013              0.00000           0.00000           0.00000
   52.0445663874              0.00000           0.00000           0.00000
   52.6992092781              0.00000           0.00000           0.00000
   53.3620865627              0.00000           0.00000           0.00000
   54.0333018171              0.00000           0.00000           0.00000
   54.7129599200              0.00000           0.00000           0.00000
   55.4011670694              0.00000           0.00000           0.00000
   56.0980307992              0.00000           0.00000           0.00000
   56.8036599955              0.00000           0.00000           0.00000
   57.5181649146              0.00000           0.00000           0.00000
   58.2416571991              0.00000           0.00000           0.00000
   58.9742498962              0.00000           0.00000           0.00000
   59.7160574752              0.00000           0.00000           0.00000
   60.4671958447              0.00000           0.00000           0.00000
   61.2277823719              0.00000           0.00000           0.00000
   61.9979358999              0.00000           0.00000           0.00000
   62.7777767666              0.00000           0.00000           0.00000
   63.5674268240              0.00000           0.00000           0.00000
   64.3670094563              0.00000           0.00000           0.00000
   65.1766496000              0.00000           0.00000           0.00000
   65.9964737630              0.00000           0.00000           0.00000
   66.8266100445              0.00000           0.00000           0.00000
   67.6671881550              0.00000           0.00000           0.00000
   68.5183394366              0.00000           0.00000           0.00000
   69.3801968833              0.00000           0.00000           0.00000
   70.2528951621              0.00000           0.00000           0.00000
   71.1365706339              0.00000           0.00000           0.00000
   72.0313613748              0.00000           0.00000           0.00000
   72.9374071977              0.00000           0.00000           0.00000
   73.8548496741              0.00000           0.00000           0.00000
   74.7838321562              0.00000           0.00000           0.00000
   75.7244997995              0.00000           0.00000           0.00000
   76.6769995851              0.00000           0.00000           0.00000
   77.6414803431              0.00000           0.00000           0.00000
   78.6180927756              0.00000           0.00000           0.00000
   79.6069894802              0.00000           0.00000           0.00000
   80.6083249741              0.00000           0.00000           0.00000
   81.6222557180              0.00000           0.00000           0.00000
   82.6489401407              0.00000           0.00000           0.00000
   83.6885386635              0.00000           0.00000           0.00000
   84.7412137261              0.00000           0.00000           0.00000
   85.8071298109              0.00000           0.00000           0.00000
   86.8864534695              0.00000           0.00000           0.00000
   87.9793533484              0.00000           0.00000           0.00000
   89.0860002155              0.00000           0.00000           0.00000
   90.2065669866              0.00000           0.00000           0.00000
   91.3412287526              0.00000           0.00000           0.00000
   92.4901628065              0.00000           0.00000           0.00000
   93.6535486718              0.00000           0.00000           0.00000
   94.8315681298              0.00000           0.00000           0.00000
   96.0244052485              0.00000           0.00000           0.00000
   97.2322464111              0.00000           0.00000           0.00000
   98.4552803452              0.00000           0.00000           0.00000
   99.6936981524              0.00000           0.00000           0.00000
  100.9476933379              0.00000           0.00000           0.00000
  102.2174618412              0.00000           0.00000           0.00000
  103.5032020660              0.00000           0.00000           0.00000
  104.8051149119              0.00000           0.00000           0.00000
  106.1234038055              0.00000           0.00000           0.00000
  107.4582747320              0.00000           0.00000           0.00000
  108.8099362678              0.00000           0.00000           0.00000
  110.1785996128              0.00000           0.00000           0.00000
  111.5644786233              0.00000           0.00000           0.00000
  112.9677898457              0.00000           0.00000           0.00000
  114.3887525504              0.00000           0.00000           0.00000
  115.8275887656              0.00000           0.00000           0.00000
  117.2845233124              0.00000           0.00000           0.00000
  118.7597838398              0.00000           0.00000           0.00000
