    -2.201439       1.344578      -0.201439
    -2.121439       1.314070      -0.201439
    -2.041439       1.282816      -0.201439
    -1.961439       1.250761      -0.201439
    -1.881439       1.217842      -0.201439
    -1.801439       1.183985      -0.201439
    -1.721439       1.149111      -0.201439
    -1.641439       1.113125      -0.201439
    -1.561439       1.075918      -0.201439
    -1.481439       1.037366      -0.201439
    -1.401439       0.997323      -0.201439
    -1.321439       0.955615      -0.201439
    -1.241439       0.912039      -0.201439
    -1.161439       0.866349      -0.201439
    -1.081439       0.818246      -0.201439
    -1.001439       0.767365      -0.201439
    -0.921439       0.713254      -0.201439
    -0.841439       0.655340      -0.201439
    -0.761439       0.592892      -0.201439
    -0.681439       0.524957      -0.201439
    -0.601439       0.450265      -0.201439
    -0.521439       0.367084      -0.201439
    -0.441439       0.272988      -0.201439
    -0.361439       0.164458      -0.201439
    -0.281439       0.036185      -0.201439
    -0.201439      -0.120250      -0.201439
    -0.121439      -0.319057      -0.201439
    -0.041439      -0.586300      -0.201439
     0.038561      -0.975547      -0.201439
     0.118561      -1.617321      -0.201439
     0.198561      -2.935027      -0.201439
     0.278561      -7.518552      -0.201439
     0.358561      29.474798      -0.201439
     0.438561       5.668905      -0.201439
     0.518561       3.282075      -0.201439
     0.598561       2.347103      -0.201439
     0.678561       1.830076      -0.201439
     0.758561       1.489470      -0.201439
     0.838561       1.238985      -0.201439
     0.918561       1.040012      -0.201439
     0.998561       0.872601      -0.201439
     1.078561       0.725311      -0.201439
     1.158561       0.591025      -0.201439
     1.238561       0.464996      -0.201439
     1.318561       0.343841      -0.201439
     1.398561       0.224987      -0.201439
     1.478561       0.106345      -0.201439
     1.558561      -0.013911      -0.201439
     1.638561      -0.137486      -0.201439
     1.718561      -0.266088      -0.201439
     1.798561      -0.401531      -0.201439
