    -2.000000       1.442650       0.000000
    -1.920000       1.415089       0.000000
    -1.840000       1.387010       0.000000
    -1.760000       1.358387       0.000000
    -1.680000       1.329187       0.000000
    -1.600000       1.299376       0.000000
    -1.520000       1.268917       0.000000
    -1.440000       1.237769       0.000000
    -1.360000       1.205884       0.000000
    -1.280000       1.173214       0.000000
    -1.200000       1.139702       0.000000
    -1.120000       1.105284       0.000000
    -1.040000       1.069890       0.000000
    -0.960000       1.033440       0.000000
    -0.880000       0.995845       0.000000
    -0.800000       0.957002       0.000000
    -0.720000       0.916794       0.000000
    -0.640000       0.875085       0.000000
    -0.560000       0.831720       0.000000
    -0.480000       0.786516       0.000000
    -0.400000       0.739259       0.000000
    -0.320000       0.689696       0.000000
    -0.240000       0.637523       0.000000
    -0.160000       0.582373       0.000000
    -0.080000       0.523800       0.000000
     0.000000       0.461252       0.000000
     0.080000       0.394037       0.000000
     0.160000       0.321277       0.000000
     0.240000       0.241836       0.000000
     0.320000       0.154219       0.000000
     0.400000       0.056410       0.000000
     0.480000      -0.054377       0.000000
     0.560000      -0.182112       0.000000
     0.640000      -0.332660       0.000000
     0.720000      -0.515083       0.000000
     0.800000      -0.744174       0.000000
     0.880000      -1.045875       0.000000
     0.960000      -1.470279       0.000000
     1.040000      -2.128368       0.000000
     1.120000      -3.325188       0.000000
     1.200000      -6.314499       0.000000
     1.280000     -29.899837       0.000000
     1.360000      12.417142       0.000000
     1.440000       5.302736       0.000000
     1.520000       3.389601       0.000000
     1.600000       2.474704       0.000000
     1.680000       1.921028       0.000000
     1.760000       1.537257       0.000000
     1.840000       1.245840       0.000000
     1.920000       1.009218       0.000000
     2.000000       0.806831       0.000000
