    -2.054844       1.388784      -0.054844
    -1.974844       1.337148      -0.054844
    -1.894844       1.301164      -0.054844
    -1.814844       1.267456      -0.054844
    -1.734844       1.234053      -0.054844
    -1.654844       1.200334      -0.054844
    -1.574844       1.166010      -0.054844
    -1.494844       1.130903      -0.054844
    -1.414844       1.094873      -0.054844
    -1.334844       1.057798      -0.054844
    -1.254844       1.019553      -0.054844
    -1.174844       0.980005      -0.054844
    -1.094844       0.939009      -0.054844
    -1.014844       0.896399      -0.054844
    -0.934844       0.851985      -0.054844
    -0.854844       0.805543      -0.054844
    -0.774844       0.756808      -0.054844
    -0.694844       0.705464      -0.054844
    -0.614844       0.651127      -0.054844
    -0.534844       0.593326      -0.054844
    -0.454844       0.531474      -0.054844
    -0.374844       0.464832      -0.054844
    -0.294844       0.392449      -0.054844
    -0.214844       0.313087      -0.054844
    -0.134844       0.225091      -0.054844
    -0.054844       0.126199      -0.054844
     0.025156       0.013234      -0.054844
     0.105156      -0.118426      -0.054844
     0.185156      -0.275772      -0.054844
     0.265156      -0.469934      -0.054844
     0.345156      -0.719780      -0.054844
     0.425156      -1.060105      -0.054844
     0.505156      -1.562997      -0.054844
     0.585156      -2.406212      -0.054844
     0.665156      -4.179202      -0.054844
     0.745156     -10.717097      -0.054844
     0.825156      30.203071      -0.054844
     0.905156       6.793145      -0.054844
     0.985156       3.932324      -0.054844
     1.065156       2.787546      -0.054844
     1.145156       2.152754      -0.054844
     1.225156       1.736533      -0.054844
     1.305156       1.433135      -0.054844
     1.385156       1.194825      -0.054844
     1.465156       0.996805      -0.054844
     1.545156       0.824819      -0.054844
     1.625156       0.669998      -0.054844
     1.705156       0.526440      -0.054844
     1.785156       0.389967      -0.054844
     1.865156       0.257430      -0.054844
     1.945156       0.126306      -0.054844
