  0.0000    -0.00000000    0.0000
  0.0101    -0.00044097    0.0000
  0.0201    -0.00164672    0.0000
  0.0300    -0.00349854    0.0000
  0.0401    -0.00591340    0.0000
  0.0503    -0.00880752    0.0000
  0.0607    -0.01215239    0.0000
  0.0706    -0.01560122    0.0000
  0.0800    -0.01909778    0.0000
  0.0907    -0.02323657    0.0000
  0.1002    -0.02705389    0.0000
  0.1108    -0.03135083    0.0000
  0.1210    -0.03551844    0.0000
  0.1304    -0.03939736    0.0000
  0.1406    -0.04355646    0.0000
  0.1515    -0.04798644    0.0000
  0.1613    -0.05187316    0.0000
  0.1718    -0.05592225    0.0000
  0.1806    -0.05926593    0.0000
  0.1922    -0.06355640    0.0000
  0.2021    -0.06705991    0.0000
  0.2125    -0.07060843    0.0000
  0.2206    -0.07328785    0.0000
  0.2319    -0.07686741    0.0000
  0.2408    -0.07954465    0.0000
  0.2531    -0.08308422    0.0000
  0.2628    -0.08570156    0.0000
  0.2729    -0.08827331    0.0000
  0.2833    -0.09078642    0.0000
  0.2905    -0.09242239    0.0000
  0.3016    -0.09480627    0.0000
  0.3131    -0.09709219    0.0000
  0.3211    -0.09855363    0.0000
  0.3333    -0.10063937    0.0000
  0.3418    -0.10195128    0.0000
  0.3504    -0.10319409    0.0000
  0.3638    -0.10491685    0.0000
  0.3731    -0.10596306    0.0000
  0.3825    -0.10692100    0.0000
  0.3922    -0.10778518    0.0000
  0.4021    -0.10855010    0.0000
  0.4123    -0.10921032    0.0000
  0.4228    -0.10976045    0.0000
  0.4335    -0.11019516    0.0000
  0.4445    -0.11050923    0.0000
  0.4501    -0.11061942    0.0000
  0.4614    -0.11074297    0.0000
  0.4731    -0.11073332    0.0000
  0.4851    -0.11058572    0.0000
  0.4912    -0.11045875    0.0000
  0.5037    -0.11009566    0.0000
  0.5100    -0.10985847    0.0000
  0.5229    -0.10927020    0.0000
  0.5362    -0.10852679    0.0000
  0.5429    -0.10809571    0.0000
  0.5567    -0.10711259    0.0000
  0.5637    -0.10655968    0.0000
  0.5708    -0.10596535    0.0000
  0.5852    -0.10465084    0.0000
  0.5926    -0.10392994    0.0000
  0.6000    -0.10316616    0.0000
  0.6152    -0.10150868    0.0000
  0.6230    -0.10061438    0.0000
  0.6308    -0.09967601    0.0000
  0.6468    -0.09766606    0.0000
  0.6549    -0.09659401    0.0000
  0.6632    -0.09547698    0.0000
  0.6715    -0.09431477    0.0000
  0.6885    -0.09185414    0.0000
  0.6972    -0.09055543    0.0000
  0.7059    -0.08921097    0.0000
  0.7148    -0.08782063    0.0000
  0.7238    -0.08638433    0.0000
  0.7329    -0.08490201    0.0000
  0.7422    -0.08337359    0.0000
  0.7515    -0.08179905    0.0000
  0.7609    -0.08017836    0.0000
  0.7705    -0.07851149    0.0000
  0.7802    -0.07679847    0.0000
  0.7900    -0.07503931    0.0000
  0.8100    -0.07138273    0.0000
  0.8202    -0.06948542    0.0000
  0.8306    -0.06754220    0.0000
  0.8410    -0.06555316    0.0000
  0.8516    -0.06351841    0.0000
  0.8623    -0.06143807    0.0000
  0.8731    -0.05931228    0.0000
  0.8841    -0.05714118    0.0000
  0.8953    -0.05492494    0.0000
  0.9065    -0.05266373    0.0000
  0.9179    -0.05035773    0.0000
  0.9295    -0.04800715    0.0000
  0.9412    -0.04561221    0.0000
  0.9530    -0.04317312    0.0000
  0.9650    -0.04069013    0.0000
  0.9771    -0.03816348    0.0000
  0.9894    -0.03559344    0.0000
  1.0019    -0.03298027    0.0000
  1.0145    -0.03032428    0.0000
  1.0273    -0.02762574    0.0000
  1.0402    -0.02488497    0.0000
  1.0533    -0.02210229    0.0000
  1.0665    -0.01927803    0.0000
  1.0799    -0.01641252    0.0000
  1.0935    -0.01350612    0.0000
  1.1073    -0.01055919    0.0000
  1.1212    -0.00757209    0.0000
  1.1353    -0.00454520    0.0000
  1.1496    -0.00147892    0.0000
  1.1641     0.00162636    0.0000
  1.1787     0.00477022    0.0000
  1.1935     0.00795227    0.0000
  1.2085     0.01117207    0.0000
  1.2238     0.01442918    0.0000
  1.2391     0.01772318    0.0000
  1.2547     0.02105361    0.0000
  1.2705     0.02442001    0.0000
  1.2865     0.02782193    0.0000
  1.3027     0.03125888    0.0000
  1.3191     0.03473041    0.0000
  1.3357     0.03823601    0.0000
  1.3525     0.04177519    0.0000
  1.3695     0.04534746    0.0000
  1.3867     0.04895231    0.0000
  1.4042     0.05258922    0.0000
  1.4218     0.05625766    0.0000
  1.4397     0.05995710    0.0000
  1.4578     0.06368699    0.0000
  1.4762     0.06744679    0.0000
  1.4947     0.07123593    0.0000
  1.5135     0.07505383    0.0000
  1.5326     0.07889990    0.0000
  1.5519     0.08277354    0.0000
  1.5714     0.08667414    0.0000
  1.5912     0.09060107    0.0000
  1.6112     0.09455367    0.0000
  1.6314     0.09853129    0.0000
  1.6520     0.10253323    0.0000
  1.6728     0.10655880    0.0000
  1.6938     0.11060727    0.0000
  1.7151     0.11467790    0.0000
  1.7367     0.11876993    0.0000
  1.7585     0.12288255    0.0000
  1.7806     0.12701497    0.0000
  1.8031     0.13116635    0.0000
  1.8257     0.13533582    0.0000
  1.8487     0.13952250    0.0000
  1.8720     0.14372548    0.0000
  1.8955     0.14794384    0.0000
  1.9194     0.15217662    0.0000
  1.9435     0.15642286    0.0000
  1.9679     0.16068155    0.0000
  1.9927     0.16495172    0.0000
  2.0178     0.16923233    0.0000
  2.0432     0.17352239    0.0000
  2.0689     0.17782089    0.0000
  2.0949     0.18212684    0.0000
  2.1212     0.18643927    0.0000
  2.1479     0.19075725    0.0000
  2.1749     0.19507992    0.0000
  2.2023     0.19940648    0.0000
  2.2300     0.20373621    0.0000
  2.2581     0.20806850    0.0000
  2.2865     0.21240286    0.0000
  2.3152     0.21673891    0.0000
  2.3444     0.22107641    0.0000
  2.3738     0.22541522    0.0000
  2.4037     0.22975529    0.0000
  2.4339     0.23409663    0.0000
  2.4646     0.23843923    0.0000
  2.4956     0.24278303    0.0000
  2.5270     0.24712782    0.0000
  2.5587     0.25147315    0.0000
  2.5909     0.25581831    0.0000
  2.6235     0.26016222    0.0000
  2.6565     0.26450343    0.0000
  2.6899     0.26884009    0.0000
  2.7238     0.27316997    0.0000
  2.7580     0.27749049    0.0000
  2.7927     0.28179876    0.0000
  2.8279     0.28609164    0.0000
  2.8634     0.29036581    0.0000
  2.8995     0.29461778    0.0000
  2.9359     0.29884395    0.0000
  2.9729     0.30304064    0.0000
  3.0103     0.30720412    0.0000
  3.0481     0.31133062    0.0000
  3.0865     0.31541632    0.0000
  3.1253     0.31945740    0.0000
  3.1646     0.32345001    0.0000
  3.2044     0.32739027    0.0000
  3.2447     0.33127428    0.0000
  3.2856     0.33509815    0.0000
  3.3269     0.33885794    0.0000
  3.3687     0.34254970    0.0000
  3.4111     0.34616949    0.0000
  3.4540     0.34971333    0.0000
  3.4975     0.35317725    0.0000
  3.5415     0.35655730    0.0000
  3.5860     0.35984951    0.0000
  3.6311     0.36304995    0.0000
  3.6768     0.36615471    0.0000
  3.7231     0.36915993    0.0000
  3.7699     0.37206179    0.0000
  3.8173     0.37485656    0.0000
  3.8653     0.37754056    0.0000
  3.9140     0.38011024    0.0000
  3.9632     0.38256214    0.0000
  4.0130     0.38489291    0.0000
  4.0635     0.38709939    0.0000
  4.1146     0.38917853    0.0000
  4.1664     0.39112749    0.0000
  4.2188     0.39294358    0.0000
  4.2719     0.39462433    0.0000
  4.3256     0.39616748    0.0000
  4.3800     0.39757099    0.0000
  4.4351     0.39883304    0.0000
  4.4909     0.39995205    0.0000
  4.5474     0.40092668    0.0000
  4.6046     0.40175584    0.0000
  4.6625     0.40243866    0.0000
  4.7212     0.40297453    0.0000
  4.7806     0.40336305    0.0000
  4.8407     0.40360407    0.0000
  4.9016     0.40369765    0.0000
  4.9632     0.40364406    0.0000
  5.0257     0.40344375    0.0000
  5.0889     0.40309740    0.0000
  5.1529     0.40260581    0.0000
  5.2177     0.40196996    0.0000
  5.2834     0.40119099    0.0000
  5.3498     0.40027015    0.0000
  5.4171     0.39920879    0.0000
  5.4853     0.39800838    0.0000
  5.5543     0.39667047    0.0000
  5.6241     0.39519668    0.0000
  5.6949     0.39358868    0.0000
  5.7665     0.39184819    0.0000
  5.8390     0.38997698    0.0000
  5.9125     0.38797683    0.0000
  5.9869     0.38584953    0.0000
  6.0622     0.38359691    0.0000
  6.1384     0.38122077    0.0000
  6.2156     0.37872294    0.0000
  6.2938     0.37610524    0.0000
  6.3730     0.37336948    0.0000
  6.4532     0.37051747    0.0000
  6.5343     0.36755102    0.0000
  6.6165     0.36447196    0.0000
  6.6998     0.36128211    0.0000
  6.7840     0.35798330    0.0000
  6.8694     0.35457741    0.0000
  6.9558     0.35106632    0.0000
  7.0433     0.34745197    0.0000
  7.1319     0.34373635    0.0000
  7.2216     0.33992150    0.0000
  7.3124     0.33600955    0.0000
  7.4044     0.33200271    0.0000
  7.4975     0.32790328    0.0000
  7.5918     0.32371370    0.0000
  7.6873     0.31943649    0.0000
  7.7840     0.31507432    0.0000
  7.8820     0.31063002    0.0000
  7.9811     0.30610655    0.0000
  8.0815     0.30150702    0.0000
  8.1832     0.29683473    0.0000
  8.2861     0.29209313    0.0000
  8.3903     0.28728583    0.0000
  8.4959     0.28241664    0.0000
  8.6027     0.27748950    0.0000
  8.7109     0.27250855    0.0000
  8.8205     0.26747806    0.0000
  8.9315     0.26240245    0.0000
  9.0438     0.25728631    0.0000
  9.1576     0.25213432    0.0000
  9.2728     0.24695130    0.0000
  9.3894     0.24174215    0.0000
  9.5075     0.23651189    0.0000
  9.6271     0.23126557    0.0000
  9.7482     0.22600830    0.0000
  9.8708     0.22074525    0.0000
  9.9950     0.21548157    0.0000
 10.1207     0.21022242    0.0000
 10.2480     0.20497293    0.0000
 10.3769     0.19973820    0.0000
 10.5074     0.19452327    0.0000
 10.6396     0.18933309    0.0000
 10.7734     0.18417253    0.0000
 10.9090     0.17904634    0.0000
 11.0462     0.17395916    0.0000
 11.1851     0.16891548    0.0000
 11.3258     0.16391964    0.0000
 11.4683     0.15897583    0.0000
 11.6125     0.15408804    0.0000
 11.7586     0.14926012    0.0000
 11.9065     0.14449570    0.0000
 12.0563     0.13979822    0.0000
 12.2079     0.13517091    0.0000
 12.3615     0.13061682    0.0000
 12.5170     0.12613875    0.0000
 12.6744     0.12173932    0.0000
 12.8339     0.11742092    0.0000
 12.9953     0.11318573    0.0000
 13.1588     0.10903573    0.0000
 13.3243     0.10497265    0.0000
 13.4919     0.10099806    0.0000
 13.6616     0.09711327    0.0000
 13.8334     0.09331944    0.0000
 14.0074     0.08961750    0.0000
 14.1836     0.08600818    0.0000
 14.3620     0.08249205    0.0000
 14.5427     0.07906947    0.0000
 14.7256     0.07574064    0.0000
 14.9109     0.07250559    0.0000
 15.0984     0.06936418    0.0000
 15.2883     0.06631611    0.0000
 15.4806     0.06336094    0.0000
 15.6754     0.06049811    0.0000
 15.8725     0.05772688    0.0000
 16.0722     0.05504642    0.0000
 16.2744     0.05245577    0.0000
 16.4791     0.04995386    0.0000
 16.6864     0.04753952    0.0000
 16.8962     0.04521148    0.0000
 17.1088     0.04296840    0.0000
 17.3240     0.04080882    0.0000
 17.5419     0.03873124    0.0000
 17.7625     0.03673410    0.0000
 17.9860     0.03481574    0.0000
 18.2122     0.03297449    0.0000
 18.4413     0.03120860    0.0000
 18.6733     0.02951630    0.0000
 18.9081     0.02789579    0.0000
 19.1460     0.02634522    0.0000
 19.3868     0.02486272    0.0000
 19.6307     0.02344642    0.0000
 19.8776     0.02209443    0.0000
 20.1276     0.02080484    0.0000
 20.3808     0.01957575    0.0000
 20.6372     0.01840525    0.0000
 20.8968     0.01729145    0.0000
 21.1596     0.01623245    0.0000
 21.4258     0.01522637    0.0000
 21.6953     0.01427135    0.0000
 21.9682     0.01336555    0.0000
 22.2445     0.01250714    0.0000
 22.5243     0.01169432    0.0000
 22.8076     0.01092533    0.0000
 23.0945     0.01019841    0.0000
 23.3850     0.00951186    0.0000
 23.6792     0.00886400    0.0000
 23.9770     0.00825318    0.0000
 24.2786     0.00767779    0.0000
 24.5840     0.00713628    0.0000
 24.8932     0.00662710    0.0000
 25.2063     0.00614876    0.0000
 25.5234     0.00569981    0.0000
 25.8445     0.00527883    0.0000
 26.1695     0.00488443    0.0000
 26.4987     0.00451526    0.0000
 26.8320     0.00417005    0.0000
 27.1695     0.00384753    0.0000
 27.5113     0.00354651    0.0000
 27.8573     0.00326582    0.0000
 28.2077     0.00300434    0.0000
 28.5626     0.00276101    0.0000
 28.9218     0.00253478    0.0000
 29.2856     0.00232468    0.0000
 29.6540     0.00212976    0.0000
 30.0270     0.00194910    0.0000
 30.4047     0.00178185    0.0000
 30.7872     0.00162717    0.0000
 31.1744     0.00148428    0.0000
 31.5665     0.00135241    0.0000
 31.9636     0.00123087    0.0000
 32.3657     0.00111896    0.0000
 32.7728     0.00101604    0.0000
 33.1850     0.00092150    0.0000
 33.6024     0.00083476    0.0000
 34.0251     0.00075527    0.0000
 34.4531     0.00068251    0.0000
 34.8864     0.00061600    0.0000
 35.3253     0.00055527    0.0000
 35.7696     0.00049989    0.0000
 36.2195     0.00044945    0.0000
 36.6751     0.00040358    0.0000
 37.1364     0.00036191    0.0000
 37.6036     0.00032410    0.0000
 38.0766     0.00028985    0.0000
 38.5555     0.00025887    0.0000
 39.0405     0.00023087    0.0000
 39.5315     0.00020562    0.0000
 40.0288     0.00018286    0.0000
 40.5323     0.00016239    0.0000
 41.0421     0.00014400    0.0000
