  0.0000     0.00000000    0.0000
  0.0101     0.00000000    0.0000
  0.0201     0.00000000    0.0000
  0.0300     0.00000000    0.0000
  0.0401     0.00000000    0.0000
  0.0503     0.00000001    0.0000
  0.0607     0.00000001    0.0000
  0.0706     0.00000001    0.0000
  0.0800     0.00000002    0.0000
  0.0907     0.00000003    0.0000
  0.1002     0.00000004    0.0000
  0.1108     0.00000005    0.0000
  0.1210     0.00000006    0.0000
  0.1304     0.00000008    0.0000
  0.1406     0.00000009    0.0000
  0.1515     0.00000011    0.0000
  0.1613     0.00000013    0.0000
  0.1718     0.00000016    0.0000
  0.1806     0.00000018    0.0000
  0.1922     0.00000021    0.0000
  0.2021     0.00000023    0.0000
  0.2125     0.00000026    0.0000
  0.2206     0.00000029    0.0000
  0.2319     0.00000033    0.0000
  0.2408     0.00000036    0.0000
  0.2531     0.00000040    0.0000
  0.2628     0.00000044    0.0000
  0.2729     0.00000048    0.0000
  0.2833     0.00000052    0.0000
  0.2905     0.00000055    0.0000
  0.3016     0.00000060    0.0000
  0.3131     0.00000066    0.0000
  0.3211     0.00000070    0.0000
  0.3333     0.00000076    0.0000
  0.3418     0.00000080    0.0000
  0.3504     0.00000085    0.0000
  0.3638     0.00000092    0.0000
  0.3731     0.00000098    0.0000
  0.3825     0.00000103    0.0000
  0.3922     0.00000109    0.0000
  0.4021     0.00000115    0.0000
  0.4123     0.00000122    0.0000
  0.4228     0.00000129    0.0000
  0.4335     0.00000136    0.0000
  0.4445     0.00000143    0.0000
  0.4501     0.00000147    0.0000
  0.4614     0.00000155    0.0000
  0.4731     0.00000164    0.0000
  0.4851     0.00000173    0.0000
  0.4912     0.00000177    0.0000
  0.5037     0.00000187    0.0000
  0.5100     0.00000192    0.0000
  0.5229     0.00000202    0.0000
  0.5362     0.00000213    0.0000
  0.5429     0.00000218    0.0000
  0.5567     0.00000230    0.0000
  0.5637     0.00000236    0.0000
  0.5708     0.00000242    0.0000
  0.5852     0.00000255    0.0000
  0.5926     0.00000262    0.0000
  0.6000     0.00000269    0.0000
  0.6152     0.00000283    0.0000
  0.6230     0.00000290    0.0000
  0.6308     0.00000297    0.0000
  0.6468     0.00000313    0.0000
  0.6549     0.00000321    0.0000
  0.6632     0.00000329    0.0000
  0.6715     0.00000338    0.0000
  0.6885     0.00000355    0.0000
  0.6972     0.00000364    0.0000
  0.7059     0.00000374    0.0000
  0.7148     0.00000383    0.0000
  0.7238     0.00000393    0.0000
  0.7329     0.00000403    0.0000
  0.7422     0.00000413    0.0000
  0.7515     0.00000424    0.0000
  0.7609     0.00000435    0.0000
  0.7705     0.00000446    0.0000
  0.7802     0.00000457    0.0000
  0.7900     0.00000469    0.0000
  0.8100     0.00000493    0.0000
  0.8202     0.00000505    0.0000
  0.8306     0.00000518    0.0000
  0.8410     0.00000531    0.0000
  0.8516     0.00000545    0.0000
  0.8623     0.00000559    0.0000
  0.8731     0.00000573    0.0000
  0.8841     0.00000587    0.0000
  0.8953     0.00000602    0.0000
  0.9065     0.00000617    0.0000
  0.9179     0.00000633    0.0000
  0.9295     0.00000649    0.0000
  0.9412     0.00000665    0.0000
  0.9530     0.00000682    0.0000
  0.9650     0.00000699    0.0000
  0.9771     0.00000717    0.0000
  0.9894     0.00000735    0.0000
  1.0019     0.00000754    0.0000
  1.0145     0.00000773    0.0000
  1.0273     0.00000793    0.0000
  1.0402     0.00000813    0.0000
  1.0533     0.00000833    0.0000
  1.0665     0.00000854    0.0000
  1.0799     0.00000876    0.0000
  1.0935     0.00000898    0.0000
  1.1073     0.00000921    0.0000
  1.1212     0.00000944    0.0000
  1.1353     0.00000968    0.0000
  1.1496     0.00000993    0.0000
  1.1641     0.00001018    0.0000
  1.1787     0.00001044    0.0000
  1.1935     0.00001071    0.0000
  1.2085     0.00001098    0.0000
  1.2238     0.00001126    0.0000
  1.2391     0.00001154    0.0000
  1.2547     0.00001184    0.0000
  1.2705     0.00001214    0.0000
  1.2865     0.00001245    0.0000
  1.3027     0.00001277    0.0000
  1.3191     0.00001309    0.0000
  1.3357     0.00001343    0.0000
  1.3525     0.00001377    0.0000
  1.3695     0.00001412    0.0000
  1.3867     0.00001449    0.0000
  1.4042     0.00001486    0.0000
  1.4218     0.00001524    0.0000
  1.4397     0.00001563    0.0000
  1.4578     0.00001603    0.0000
  1.4762     0.00001644    0.0000
  1.4947     0.00001686    0.0000
  1.5135     0.00001730    0.0000
  1.5326     0.00001774    0.0000
  1.5519     0.00001820    0.0000
  1.5714     0.00001867    0.0000
  1.5912     0.00001915    0.0000
  1.6112     0.00001964    0.0000
  1.6314     0.00002015    0.0000
  1.6520     0.00002067    0.0000
  1.6728     0.00002120    0.0000
  1.6938     0.00002175    0.0000
  1.7151     0.00002231    0.0000
  1.7367     0.00002289    0.0000
  1.7585     0.00002348    0.0000
  1.7806     0.00002409    0.0000
  1.8031     0.00002471    0.0000
  1.8257     0.00002535    0.0000
  1.8487     0.00002601    0.0000
  1.8720     0.00002668    0.0000
  1.8955     0.00002738    0.0000
  1.9194     0.00002808    0.0000
  1.9435     0.00002881    0.0000
  1.9679     0.00002956    0.0000
  1.9927     0.00003032    0.0000
  2.0178     0.00003111    0.0000
  2.0432     0.00003191    0.0000
  2.0689     0.00003274    0.0000
  2.0949     0.00003359    0.0000
  2.1212     0.00003445    0.0000
  2.1479     0.00003535    0.0000
  2.1749     0.00003626    0.0000
  2.2023     0.00003720    0.0000
  2.2300     0.00003816    0.0000
  2.2581     0.00003914    0.0000
  2.2865     0.00004016    0.0000
  2.3152     0.00004119    0.0000
  2.3444     0.00004226    0.0000
  2.3738     0.00004335    0.0000
  2.4037     0.00004447    0.0000
  2.4339     0.00004562    0.0000
  2.4646     0.00004680    0.0000
  2.4956     0.00004802    0.0000
  2.5270     0.00004926    0.0000
  2.5587     0.00005054    0.0000
  2.5909     0.00005185    0.0000
  2.6235     0.00005320    0.0000
  2.6565     0.00005458    0.0000
  2.6899     0.00005600    0.0000
  2.7238     0.00005745    0.0000
  2.7580     0.00005895    0.0000
  2.7927     0.00006048    0.0000
  2.8279     0.00006205    0.0000
  2.8634     0.00006365    0.0000
  2.8995     0.00006530    0.0000
  2.9359     0.00006698    0.0000
  2.9729     0.00006871    0.0000
  3.0103     0.00007048    0.0000
  3.0481     0.00007228    0.0000
  3.0865     0.00007413    0.0000
  3.1253     0.00007602    0.0000
  3.1646     0.00007795    0.0000
  3.2044     0.00007992    0.0000
  3.2447     0.00008194    0.0000
  3.2856     0.00008399    0.0000
  3.3269     0.00008609    0.0000
  3.3687     0.00008823    0.0000
  3.4111     0.00009042    0.0000
  3.4540     0.00009265    0.0000
  3.4975     0.00009492    0.0000
  3.5415     0.00009724    0.0000
  3.5860     0.00009960    0.0000
  3.6311     0.00010201    0.0000
  3.6768     0.00010446    0.0000
  3.7231     0.00010695    0.0000
  3.7699     0.00010949    0.0000
  3.8173     0.00011208    0.0000
  3.8653     0.00011471    0.0000
  3.9140     0.00011738    0.0000
  3.9632     0.00012011    0.0000
  4.0130     0.00012287    0.0000
  4.0635     0.00012569    0.0000
  4.1146     0.00012855    0.0000
  4.1664     0.00013145    0.0000
  4.2188     0.00013441    0.0000
  4.2719     0.00013741    0.0000
  4.3256     0.00014045    0.0000
  4.3800     0.00014355    0.0000
  4.4351     0.00014669    0.0000
  4.4909     0.00014988    0.0000
  4.5474     0.00015312    0.0000
  4.6046     0.00015641    0.0000
  4.6625     0.00015975    0.0000
  4.7212     0.00016314    0.0000
  4.7806     0.00016658    0.0000
  4.8407     0.00017008    0.0000
  4.9016     0.00017362    0.0000
  4.9632     0.00017723    0.0000
  5.0257     0.00018088    0.0000
  5.0889     0.00018459    0.0000
  5.1529     0.00018836    0.0000
  5.2177     0.00019219    0.0000
  5.2834     0.00019608    0.0000
  5.3498     0.00020003    0.0000
  5.4171     0.00020404    0.0000
  5.4853     0.00020811    0.0000
  5.5543     0.00021224    0.0000
  5.6241     0.00021645    0.0000
  5.6949     0.00022071    0.0000
  5.7665     0.00022505    0.0000
  5.8390     0.00022945    0.0000
  5.9125     0.00023393    0.0000
  5.9869     0.00023848    0.0000
  6.0622     0.00024310    0.0000
  6.1384     0.00024779    0.0000
  6.2156     0.00025256    0.0000
  6.2938     0.00025740    0.0000
  6.3730     0.00026232    0.0000
  6.4532     0.00026732    0.0000
  6.5343     0.00027239    0.0000
  6.6165     0.00027755    0.0000
  6.6998     0.00028278    0.0000
  6.7840     0.00028809    0.0000
  6.8694     0.00029349    0.0000
  6.9558     0.00029897    0.0000
  7.0433     0.00030453    0.0000
  7.1319     0.00031017    0.0000
  7.2216     0.00031589    0.0000
  7.3124     0.00032170    0.0000
  7.4044     0.00032759    0.0000
  7.4975     0.00033356    0.0000
  7.5918     0.00033962    0.0000
  7.6873     0.00034576    0.0000
  7.7840     0.00035199    0.0000
  7.8820     0.00035830    0.0000
  7.9811     0.00036470    0.0000
  8.0815     0.00037118    0.0000
  8.1832     0.00037776    0.0000
  8.2861     0.00038442    0.0000
  8.3903     0.00039117    0.0000
  8.4959     0.00039801    0.0000
  8.6027     0.00040495    0.0000
  8.7109     0.00041198    0.0000
  8.8205     0.00041911    0.0000
  8.9315     0.00042634    0.0000
  9.0438     0.00043367    0.0000
  9.1576     0.00044111    0.0000
  9.2728     0.00044866    0.0000
  9.3894     0.00045633    0.0000
  9.5075     0.00046412    0.0000
  9.6271     0.00047203    0.0000
  9.7482     0.00048008    0.0000
  9.8708     0.00048826    0.0000
  9.9950     0.00049659    0.0000
 10.1207     0.00050507    0.0000
 10.2480     0.00051371    0.0000
 10.3769     0.00052252    0.0000
 10.5074     0.00053151    0.0000
 10.6396     0.00054068    0.0000
 10.7734     0.00055006    0.0000
 10.9090     0.00055964    0.0000
 11.0462     0.00056945    0.0000
 11.1851     0.00057949    0.0000
 11.3258     0.00058978    0.0000
 11.4683     0.00060033    0.0000
 11.6125     0.00061116    0.0000
 11.7586     0.00062227    0.0000
 11.9065     0.00063370    0.0000
 12.0563     0.00064545    0.0000
 12.2079     0.00065754    0.0000
 12.3615     0.00066999    0.0000
 12.5170     0.00068282    0.0000
 12.6744     0.00069604    0.0000
 12.8339     0.00070969    0.0000
 12.9953     0.00072378    0.0000
 13.1588     0.00073833    0.0000
 13.3243     0.00075337    0.0000
 13.4919     0.00076893    0.0000
 13.6616     0.00078502    0.0000
 13.8334     0.00080167    0.0000
 14.0074     0.00081891    0.0000
 14.1836     0.00083677    0.0000
 14.3620     0.00085528    0.0000
 14.5427     0.00087447    0.0000
 14.7256     0.00089436    0.0000
 14.9109     0.00091500    0.0000
 15.0984     0.00093641    0.0000
 15.2883     0.00095864    0.0000
 15.4806     0.00098171    0.0000
 15.6754     0.00100567    0.0000
 15.8725     0.00103056    0.0000
 16.0722     0.00105640    0.0000
 16.2744     0.00108326    0.0000
 16.4791     0.00111117    0.0000
 16.6864     0.00114017    0.0000
 16.8962     0.00117031    0.0000
 17.1088     0.00120165    0.0000
 17.3240     0.00123423    0.0000
 17.5419     0.00126810    0.0000
 17.7625     0.00130331    0.0000
 17.9860     0.00133994    0.0000
 18.2122     0.00137802    0.0000
 18.4413     0.00141762    0.0000
 18.6733     0.00145881    0.0000
 18.9081     0.00150165    0.0000
 19.1460     0.00154621    0.0000
 19.3868     0.00159254    0.0000
 19.6307     0.00164074    0.0000
 19.8776     0.00169087    0.0000
 20.1276     0.00174301    0.0000
 20.3808     0.00179724    0.0000
 20.6372     0.00185364    0.0000
 20.8968     0.00191230    0.0000
 21.1596     0.00197331    0.0000
 21.4258     0.00203676    0.0000
 21.6953     0.00210275    0.0000
 21.9682     0.00217138    0.0000
 22.2445     0.00224275    0.0000
 22.5243     0.00231697    0.0000
 22.8076     0.00239415    0.0000
 23.0945     0.00247441    0.0000
 23.3850     0.00255786    0.0000
 23.6792     0.00264464    0.0000
 23.9770     0.00273486    0.0000
 24.2786     0.00282867    0.0000
 24.5840     0.00292619    0.0000
 24.8932     0.00302759    0.0000
 25.2063     0.00313299    0.0000
 25.5234     0.00324257    0.0000
 25.8445     0.00335647    0.0000
 26.1695     0.00347484    0.0000
 26.4987     0.00359784    0.0000
 26.8320     0.00372565    0.0000
 27.1695     0.00385843    0.0000
 27.5113     0.00399636    0.0000
 27.8573     0.00413963    0.0000
 28.2077     0.00428842    0.0000
 28.5626     0.00444294    0.0000
 28.9218     0.00460339    0.0000
 29.2856     0.00477000    0.0000
 29.6540     0.00494296    0.0000
 30.0270     0.00512253    0.0000
 30.4047     0.00530892    0.0000
 30.7872     0.00550240    0.0000
 31.1744     0.00570321    0.0000
 31.5665     0.00591162    0.0000
 31.9636     0.00612790    0.0000
 32.3657     0.00635232    0.0000
 32.7728     0.00658520    0.0000
 33.1850     0.00682682    0.0000
 33.6024     0.00707750    0.0000
 34.0251     0.00733756    0.0000
 34.4531     0.00760735    0.0000
 34.8864     0.00788719    0.0000
 35.3253     0.00817747    0.0000
 35.7696     0.00847854    0.0000
 36.2195     0.00879079    0.0000
 36.6751     0.00911462    0.0000
 37.1364     0.00945043    0.0000
 37.6036     0.00979866    0.0000
 38.0766     0.01015974    0.0000
 38.5555     0.01053412    0.0000
 39.0405     0.01092227    0.0000
 39.5315     0.01132469    0.0000
 40.0288     0.01174185    0.0000
 40.5323     0.01217430    0.0000
 41.0421     0.01262255    0.0000
