  0.0000     0.00000874    0.0000
  0.0101     0.02783535    0.0000
  0.0201     0.04933338    0.0000
  0.0300     0.06573483    0.0000
  0.0401     0.07777611    0.0000
  0.0503     0.08594751    0.0000
  0.0607     0.09074952    0.0000
  0.0706     0.09245519    0.0000
  0.0800     0.09187927    0.0000
  0.0907     0.08901408    0.0000
  0.1002     0.08476605    0.0000
  0.1108     0.07853273    0.0000
  0.1210     0.07128705    0.0000
  0.1304     0.06365230    0.0000
  0.1406     0.05464460    0.0000
  0.1515     0.04423167    0.0000
  0.1613     0.03447651    0.0000
  0.1718     0.02375642    0.0000
  0.1806     0.01450713    0.0000
  0.1922     0.00214704    0.0000
  0.2021    -0.00833539    0.0000
  0.2125    -0.01929551    0.0000
  0.2206    -0.02779488    0.0000
  0.2319    -0.03944629    0.0000
  0.2408    -0.04838255    0.0000
  0.2531    -0.06049293    0.0000
  0.2628    -0.06967072    0.0000
  0.2729    -0.07888187    0.0000
  0.2833    -0.08807959    0.0000
  0.2905    -0.09417938    0.0000
  0.3016    -0.10324200    0.0000
  0.3131    -0.11215077    0.0000
  0.3211    -0.11797585    0.0000
  0.3333    -0.12649750    0.0000
  0.3418    -0.13200765    0.0000
  0.3504    -0.13735898    0.0000
  0.3638    -0.14504594    0.0000
  0.3731    -0.14991543    0.0000
  0.3825    -0.15455783    0.0000
  0.3922    -0.15895345    0.0000
  0.4021    -0.16308259    0.0000
  0.4123    -0.16692571    0.0000
  0.4228    -0.17046348    0.0000
  0.4335    -0.17367681    0.0000
  0.4445    -0.17654704    0.0000
  0.4501    -0.17784777    0.0000
  0.4614    -0.18016930    0.0000
  0.4731    -0.18210318    0.0000
  0.4851    -0.18363268    0.0000
  0.4912    -0.18424077    0.0000
  0.5037    -0.18513400    0.0000
  0.5100    -0.18541548    0.0000
  0.5229    -0.18563938    0.0000
  0.5362    -0.18540027    0.0000
  0.5429    -0.18510323    0.0000
  0.5567    -0.18414703    0.0000
  0.5637    -0.18348525    0.0000
  0.5708    -0.18269938    0.0000
  0.5852    -0.18075091    0.0000
  0.5926    -0.17958629    0.0000
  0.6000    -0.17829353    0.0000
  0.6152    -0.17532044    0.0000
  0.6230    -0.17363873    0.0000
  0.6308    -0.17182614    0.0000
  0.6468    -0.16780652    0.0000
  0.6549    -0.16559880    0.0000
  0.6632    -0.16325882    0.0000
  0.6715    -0.16078648    0.0000
  0.6885    -0.15544463    0.0000
  0.6972    -0.15257533    0.0000
  0.7059    -0.14957406    0.0000
  0.7148    -0.14644114    0.0000
  0.7238    -0.14317699    0.0000
  0.7329    -0.13978212    0.0000
  0.7422    -0.13625712    0.0000
  0.7515    -0.13260267    0.0000
  0.7609    -0.12881954    0.0000
  0.7705    -0.12490860    0.0000
  0.7802    -0.12087080    0.0000
  0.7900    -0.11670717    0.0000
  0.8100    -0.10800701    0.0000
  0.8202    -0.10347300    0.0000
  0.8306    -0.09881818    0.0000
  0.8410    -0.09404402    0.0000
  0.8516    -0.08915207    0.0000
  0.8623    -0.08414396    0.0000
  0.8731    -0.07902141    0.0000
  0.8841    -0.07378622    0.0000
  0.8953    -0.06844027    0.0000
  0.9065    -0.06298551    0.0000
  0.9179    -0.05742397    0.0000
  0.9295    -0.05175776    0.0000
  0.9412    -0.04598907    0.0000
  0.9530    -0.04012016    0.0000
  0.9650    -0.03415335    0.0000
  0.9771    -0.02809105    0.0000
  0.9894    -0.02193573    0.0000
  1.0019    -0.01568992    0.0000
  1.0145    -0.00935624    0.0000
  1.0273    -0.00293735    0.0000
  1.0402     0.00356402    0.0000
  1.0533     0.01014507    0.0000
  1.0665     0.01680294    0.0000
  1.0799     0.02353474    0.0000
  1.0935     0.03033748    0.0000
  1.1073     0.03720816    0.0000
  1.1212     0.04414371    0.0000
  1.1353     0.05114100    0.0000
  1.1496     0.05819686    0.0000
  1.1641     0.06530809    0.0000
  1.1787     0.07247144    0.0000
  1.1935     0.07968360    0.0000
  1.2085     0.08694125    0.0000
  1.2238     0.09424101    0.0000
  1.2391     0.10157949    0.0000
  1.2547     0.10895325    0.0000
  1.2705     0.11635883    0.0000
  1.2865     0.12379274    0.0000
  1.3027     0.13125146    0.0000
  1.3191     0.13873146    0.0000
  1.3357     0.14622917    0.0000
  1.3525     0.15374102    0.0000
  1.3695     0.16126341    0.0000
  1.3867     0.16879272    0.0000
  1.4042     0.17632532    0.0000
  1.4218     0.18385757    0.0000
  1.4397     0.19138582    0.0000
  1.4578     0.19890639    0.0000
  1.4762     0.20641560    0.0000
  1.4947     0.21390977    0.0000
  1.5135     0.22138519    0.0000
  1.5326     0.22883815    0.0000
  1.5519     0.23626492    0.0000
  1.5714     0.24366179    0.0000
  1.5912     0.25102500    0.0000
  1.6112     0.25835082    0.0000
  1.6314     0.26563549    0.0000
  1.6520     0.27287524    0.0000
  1.6728     0.28006631    0.0000
  1.6938     0.28720493    0.0000
  1.7151     0.29428731    0.0000
  1.7367     0.30130968    0.0000
  1.7585     0.30826826    0.0000
  1.7806     0.31515926    0.0000
  1.8031     0.32197892    0.0000
  1.8257     0.32872345    0.0000
  1.8487     0.33538912    0.0000
  1.8720     0.34197217    0.0000
  1.8955     0.34846889    0.0000
  1.9194     0.35487559    0.0000
  1.9435     0.36118862    0.0000
  1.9679     0.36740436    0.0000
  1.9927     0.37351926    0.0000
  2.0178     0.37952985    0.0000
  2.0432     0.38543272    0.0000
  2.0689     0.39122460    0.0000
  2.0949     0.39690232    0.0000
  2.1212     0.40246287    0.0000
  2.1479     0.40790344    0.0000
  2.1749     0.41322142    0.0000
  2.2023     0.41841445    0.0000
  2.2300     0.42348045    0.0000
  2.2581     0.42841767    0.0000
  2.2865     0.43322465    0.0000
  2.3152     0.43790032    0.0000
  2.3444     0.44244392    0.0000
  2.3738     0.44685501    0.0000
  2.4037     0.45113341    0.0000
  2.4339     0.45527912    0.0000
  2.4646     0.45929223    0.0000
  2.4956     0.46317276    0.0000
  2.5270     0.46692058    0.0000
  2.5587     0.47053520    0.0000
  2.5909     0.47401573    0.0000
  2.6235     0.47736074    0.0000
  2.6565     0.48056822    0.0000
  2.6899     0.48363562    0.0000
  2.7238     0.48655985    0.0000
  2.7580     0.48933737    0.0000
  2.7927     0.49196432    0.0000
  2.8279     0.49443659    0.0000
  2.8634     0.49674994    0.0000
  2.8995     0.49890011    0.0000
  2.9359     0.50088287    0.0000
  2.9729     0.50269407    0.0000
  3.0103     0.50432973    0.0000
  3.0481     0.50578602    0.0000
  3.0865     0.50705930    0.0000
  3.1253     0.50814614    0.0000
  3.1646     0.50904331    0.0000
  3.2044     0.50974777    0.0000
  3.2447     0.51025671    0.0000
  3.2856     0.51056753    0.0000
  3.3269     0.51067783    0.0000
  3.3687     0.51058543    0.0000
  3.4111     0.51028837    0.0000
  3.4540     0.50978489    0.0000
  3.4975     0.50907349    0.0000
  3.5415     0.50815289    0.0000
  3.5860     0.50702204    0.0000
  3.6311     0.50568017    0.0000
  3.6768     0.50412675    0.0000
  3.7231     0.50236153    0.0000
  3.7699     0.50038455    0.0000
  3.8173     0.49819615    0.0000
  3.8653     0.49579697    0.0000
  3.9140     0.49318796    0.0000
  3.9632     0.49037043    0.0000
  4.0130     0.48734602    0.0000
  4.0635     0.48411670    0.0000
  4.1146     0.48068483    0.0000
  4.1664     0.47705310    0.0000
  4.2188     0.47322460    0.0000
  4.2719     0.46920277    0.0000
  4.3256     0.46499141    0.0000
  4.3800     0.46059472    0.0000
  4.4351     0.45601721    0.0000
  4.4909     0.45126378    0.0000
  4.5474     0.44633965    0.0000
  4.6046     0.44125035    0.0000
  4.6625     0.43600173    0.0000
  4.7212     0.43059994    0.0000
  4.7806     0.42505136    0.0000
  4.8407     0.41936263    0.0000
  4.9016     0.41354062    0.0000
  4.9632     0.40759236    0.0000
  5.0257     0.40152507    0.0000
  5.0889     0.39534609    0.0000
  5.1529     0.38906286    0.0000
  5.2177     0.38268294    0.0000
  5.2834     0.37621391    0.0000
  5.3498     0.36966339    0.0000
  5.4171     0.36303901    0.0000
  5.4853     0.35634838    0.0000
  5.5543     0.34959905    0.0000
  5.6241     0.34279854    0.0000
  5.6949     0.33595427    0.0000
  5.7665     0.32907357    0.0000
  5.8390     0.32216364    0.0000
  5.9125     0.31523157    0.0000
  5.9869     0.30828431    0.0000
  6.0622     0.30132863    0.0000
  6.1384     0.29437117    0.0000
  6.2156     0.28741838    0.0000
  6.2938     0.28047656    0.0000
  6.3730     0.27355181    0.0000
  6.4532     0.26665005    0.0000
  6.5343     0.25977701    0.0000
  6.6165     0.25293826    0.0000
  6.6998     0.24613915    0.0000
  6.7840     0.23938488    0.0000
  6.8694     0.23268043    0.0000
  6.9558     0.22603062    0.0000
  7.0433     0.21944010    0.0000
  7.1319     0.21291333    0.0000
  7.2216     0.20645460    0.0000
  7.3124     0.20006803    0.0000
  7.4044     0.19375758    0.0000
  7.4975     0.18752704    0.0000
  7.5918     0.18138005    0.0000
  7.6873     0.17532008    0.0000
  7.7840     0.16935044    0.0000
  7.8820     0.16347431    0.0000
  7.9811     0.15769469    0.0000
  8.0815     0.15201442    0.0000
  8.1832     0.14643622    0.0000
  8.2861     0.14096260    0.0000
  8.3903     0.13559596    0.0000
  8.4959     0.13033851    0.0000
  8.6027     0.12519230    0.0000
  8.7109     0.12015922    0.0000
  8.8205     0.11524097    0.0000
  8.9315     0.11043909    0.0000
  9.0438     0.10575494    0.0000
  9.1576     0.10118969    0.0000
  9.2728     0.09674434    0.0000
  9.3894     0.09241969    0.0000
  9.5075     0.08821634    0.0000
  9.6271     0.08413472    0.0000
  9.7482     0.08017506    0.0000
  9.8708     0.07633739    0.0000
  9.9950     0.07262155    0.0000
 10.1207     0.06902718    0.0000
 10.2480     0.06555376    0.0000
 10.3769     0.06220055    0.0000
 10.5074     0.05896666    0.0000
 10.6396     0.05585099    0.0000
 10.7734     0.05285228    0.0000
 10.9090     0.04996913    0.0000
 11.0462     0.04719995    0.0000
 11.1851     0.04454300    0.0000
 11.3258     0.04199642    0.0000
 11.4683     0.03955821    0.0000
 11.6125     0.03722623    0.0000
 11.7586     0.03499824    0.0000
 11.9065     0.03287189    0.0000
 12.0563     0.03084474    0.0000
 12.2079     0.02891426    0.0000
 12.3615     0.02707784    0.0000
 12.5170     0.02533284    0.0000
 12.6744     0.02367651    0.0000
 12.8339     0.02210610    0.0000
 12.9953     0.02061882    0.0000
 13.1588     0.01921183    0.0000
 13.3243     0.01788231    0.0000
 13.4919     0.01662741    0.0000
 13.6616     0.01544429    0.0000
 13.8334     0.01433012    0.0000
 14.0074     0.01328209    0.0000
 14.1836     0.01229740    0.0000
 14.3620     0.01137332    0.0000
 14.5427     0.01050711    0.0000
 14.7256     0.00969612    0.0000
 14.9109     0.00893772    0.0000
 15.0984     0.00822935    0.0000
 15.2883     0.00756849    0.0000
 15.4806     0.00695270    0.0000
 15.6754     0.00637962    0.0000
 15.8725     0.00584692    0.0000
 16.0722     0.00535236    0.0000
 16.2744     0.00489380    0.0000
 16.4791     0.00446914    0.0000
 16.6864     0.00407636    0.0000
 16.8962     0.00371355    0.0000
 17.1088     0.00337882    0.0000
 17.3240     0.00307042    0.0000
 17.5419     0.00278664    0.0000
 17.7625     0.00252585    0.0000
 17.9860     0.00228652    0.0000
 18.2122     0.00206716    0.0000
 18.4413     0.00186638    0.0000
 18.6733     0.00168286    0.0000
 18.9081     0.00151534    0.0000
 19.1460     0.00136264    0.0000
 19.3868     0.00122364    0.0000
 19.6307     0.00109729    0.0000
 19.8776     0.00098260    0.0000
 20.1276     0.00087865    0.0000
 20.3808     0.00078457    0.0000
 20.6372     0.00069954    0.0000
 20.8968     0.00062281    0.0000
 21.1596     0.00055367    0.0000
 21.4258     0.00049147    0.0000
 21.6953     0.00043559    0.0000
 21.9682     0.00038547    0.0000
 22.2445     0.00034058    0.0000
 22.5243     0.00030045    0.0000
 22.8076     0.00026463    0.0000
 23.0945     0.00023270    0.0000
 23.3850     0.00020429    0.0000
 23.6792     0.00017905    0.0000
 23.9770     0.00015667    0.0000
 24.2786     0.00013685    0.0000
 24.5840     0.00011934    0.0000
 24.8932     0.00010389    0.0000
 25.2063     0.00009028    0.0000
 25.5234     0.00007831    0.0000
 25.8445     0.00006781    0.0000
 26.1695     0.00005861    0.0000
 26.4987     0.00005057    0.0000
 26.8320     0.00004355    0.0000
 27.1695     0.00003743    0.0000
 27.5113     0.00003211    0.0000
 27.8573     0.00002750    0.0000
 28.2077     0.00002350    0.0000
 28.5626     0.00002004    0.0000
 28.9218     0.00001706    0.0000
 29.2856     0.00001449    0.0000
 29.6540     0.00001229    0.0000
 30.0270     0.00001039    0.0000
 30.4047     0.00000877    0.0000
 30.7872     0.00000739    0.0000
 31.1744     0.00000621    0.0000
 31.5665     0.00000521    0.0000
 31.9636     0.00000436    0.0000
 32.3657     0.00000364    0.0000
 32.7728     0.00000303    0.0000
 33.1850     0.00000252    0.0000
 33.6024     0.00000209    0.0000
 34.0251     0.00000173    0.0000
 34.4531     0.00000143    0.0000
 34.8864     0.00000118    0.0000
 35.3253     0.00000097    0.0000
 35.7696     0.00000079    0.0000
 36.2195     0.00000065    0.0000
 36.6751     0.00000053    0.0000
 37.1364     0.00000043    0.0000
 37.6036     0.00000035    0.0000
 38.0766     0.00000028    0.0000
 38.5555     0.00000023    0.0000
 39.0405     0.00000018    0.0000
 39.5315     0.00000015    0.0000
 40.0288     0.00000012    0.0000
 40.5323     0.00000009    0.0000
 41.0421     0.00000007    0.0000
