    0.0000028344        0.00000000     0.00000000     0.00000000
    0.0000057045        0.00000000     0.00000000     0.00000000
    0.0000086107        0.00000000     0.00000000     0.00000000
    0.0000115535        0.00000000     0.00000000     0.00000000
    0.0000145333        0.00000000     0.00000000     0.00000000
    0.0000175505        0.00000000     0.00000000     0.00000000
    0.0000206057        0.00000000     0.00000000     0.00000000
    0.0000236993        0.00000000     0.00000000     0.00000000
    0.0000268319        0.00000000     0.00000000     0.00000000
    0.0000300038        0.00000000     0.00000000     0.00000000
    0.0000332157        0.00000000     0.00000000     0.00000000
    0.0000364679        0.00000000     0.00000000     0.00000000
    0.0000397611        0.00000000     0.00000000     0.00000000
    0.0000430956        0.00000000     0.00000000     0.00000000
    0.0000464722        0.00000000     0.00000000     0.00000000
    0.0000498911        0.00000000     0.00000000     0.00000000
    0.0000533531        0.00000000     0.00000000     0.00000000
    0.0000568587        0.00000000     0.00000000     0.00000000
    0.0000604083        0.00000000     0.00000000     0.00000000
    0.0000640026        0.00000000     0.00000000     0.00000000
    0.0000676421        0.00000000     0.00000000     0.00000000
    0.0000713274        0.00000000     0.00000000     0.00000000
    0.0000750590        0.00000000     0.00000000     0.00000000
    0.0000788376        0.00000000     0.00000000     0.00000000
    0.0000826637        0.00000000     0.00000000     0.00000000
    0.0000865379        0.00000000     0.00000000     0.00000000
    0.0000904608        0.00000000     0.00000000     0.00000000
    0.0000944331        0.00000000     0.00000000     0.00000000
    0.0000984554        0.00000000     0.00000000     0.00000000
    0.0001025283        0.00000000     0.00000000     0.00000000
    0.0001066524        0.00000000     0.00000000     0.00000000
    0.0001108283        0.00000000     0.00000000     0.00000000
    0.0001150568        0.00000000     0.00000000     0.00000000
    0.0001193385        0.00000000     0.00000000     0.00000000
    0.0001236740        0.00000000     0.00000000     0.00000000
    0.0001280641        0.00000000     0.00000000     0.00000000
    0.0001325094        0.00000000     0.00000000     0.00000000
    0.0001370106        0.00000000     0.00000000     0.00000000
    0.0001415684        0.00000000     0.00000000     0.00000000
    0.0001461836        0.00000000     0.00000000     0.00000000
    0.0001508568        0.00000000     0.00000000     0.00000000
    0.0001555888        0.00000000     0.00000000     0.00000000
    0.0001603803        0.00000000     0.00000000     0.00000000
    0.0001652320        0.00000000     0.00000000     0.00000000
    0.0001701449        0.00000000     0.00000000     0.00000000
    0.0001751195        0.00000000     0.00000000     0.00000000
    0.0001801566        0.00000000     0.00000000     0.00000000
    0.0001852572        0.00000000     0.00000000     0.00000000
    0.0001904219        0.00000000     0.00000000     0.00000000
    0.0001956515        0.00000000     0.00000000     0.00000000
    0.0002009469        0.00000000     0.00000000     0.00000000
    0.0002063090        0.00000000     0.00000000     0.00000000
    0.0002117385        0.00000000     0.00000000     0.00000000
    0.0002172363        0.00000000     0.00000000     0.00000000
    0.0002228032        0.00000000     0.00000000     0.00000000
    0.0002284402        0.00000000     0.00000000     0.00000000
    0.0002341480        0.00000000     0.00000000     0.00000000
    0.0002399277        0.00000000     0.00000000     0.00000000
    0.0002457800        0.00000000     0.00000000     0.00000000
    0.0002517060        0.00000000     0.00000000     0.00000000
    0.0002577065        0.00000000     0.00000000     0.00000000
    0.0002637825        0.00000000     0.00000000     0.00000000
    0.0002699349        0.00000000     0.00000000     0.00000000
    0.0002761647        0.00000000     0.00000000     0.00000000
    0.0002824729        0.00000000     0.00000000     0.00000000
    0.0002888604        0.00000000     0.00000000     0.00000000
    0.0002953283        0.00000000     0.00000000     0.00000000
    0.0003018775        0.00000000     0.00000000     0.00000000
    0.0003085091        0.00000000     0.00000000     0.00000000
    0.0003152241        0.00000000     0.00000000     0.00000000
    0.0003220236        0.00000000     0.00000000     0.00000000
    0.0003289086        0.00000000     0.00000000     0.00000000
    0.0003358802        0.00000000     0.00000000     0.00000000
    0.0003429395        0.00000000     0.00000000     0.00000000
    0.0003500876        0.00000000     0.00000000     0.00000000
    0.0003573256        0.00000000     0.00000000     0.00000000
    0.0003646546        0.00000000     0.00000000     0.00000000
    0.0003720758        0.00000000     0.00000000     0.00000000
    0.0003795904        0.00000000     0.00000000     0.00000000
    0.0003871995        0.00000000     0.00000000     0.00000000
    0.0003949043        0.00000000     0.00000000     0.00000000
    0.0004027061        0.00000000     0.00000000     0.00000000
    0.0004106059        0.00000000     0.00000000     0.00000000
    0.0004186052        0.00000000     0.00000000     0.00000000
    0.0004267050        0.00000000     0.00000000     0.00000000
    0.0004349067        0.00000000     0.00000000     0.00000000
    0.0004432116        0.00000000     0.00000000     0.00000000
    0.0004516210        0.00000000     0.00000000     0.00000000
    0.0004601361        0.00000000     0.00000000     0.00000000
    0.0004687584        0.00000000     0.00000000     0.00000000
    0.0004774891        0.00000000     0.00000000     0.00000000
    0.0004863296        0.00000000     0.00000000     0.00000000
    0.0004952813        0.00000000     0.00000000     0.00000000
    0.0005043456        0.00000000     0.00000000     0.00000000
    0.0005135239        0.00000000     0.00000000     0.00000000
    0.0005228177        0.00000000     0.00000000     0.00000000
    0.0005322284        0.00000000     0.00000000     0.00000000
    0.0005417574        0.00000000     0.00000000     0.00000000
    0.0005514064        0.00000000     0.00000000     0.00000000
    0.0005611766        0.00000000     0.00000000     0.00000000
    0.0005710698        0.00000000     0.00000000     0.00000000
    0.0005810874        0.00000000     0.00000000     0.00000000
    0.0005912311        0.00000000     0.00000000     0.00000000
    0.0006015023        0.00000000     0.00000000     0.00000000
    0.0006119027        0.00000000     0.00000000     0.00000000
    0.0006224339        0.00000000     0.00000000     0.00000000
    0.0006330976        0.00000000     0.00000000     0.00000000
    0.0006438954        0.00000000     0.00000000     0.00000000
    0.0006548291        0.00000000     0.00000000     0.00000000
    0.0006659003        0.00000000     0.00000000     0.00000000
    0.0006771107        0.00000000     0.00000001     0.00000000
    0.0006884621        0.00000000     0.00000001     0.00000000
    0.0006999564        0.00000000     0.00000001     0.00000000
    0.0007115952        0.00000000     0.00000001     0.00000000
    0.0007233804        0.00000000     0.00000001     0.00000000
    0.0007353138        0.00000000     0.00000001     0.00000000
    0.0007473974        0.00000000     0.00000001     0.00000000
    0.0007596329        0.00000000     0.00000001     0.00000000
    0.0007720224        0.00000000     0.00000001     0.00000000
    0.0007845677        0.00000000     0.00000001     0.00000000
    0.0007972708        0.00000000     0.00000001     0.00000000
    0.0008101336        0.00000000     0.00000001     0.00000000
    0.0008231583        0.00000000     0.00000001     0.00000000
    0.0008363468        0.00000000     0.00000001     0.00000000
    0.0008497012        0.00000000     0.00000001     0.00000000
    0.0008632236        0.00000000     0.00000001     0.00000000
    0.0008769160        0.00000000     0.00000001     0.00000000
    0.0008907807        0.00000000     0.00000001     0.00000000
    0.0009048198        0.00000000     0.00000001     0.00000000
    0.0009190355        0.00000000     0.00000001     0.00000000
    0.0009334299        0.00000000     0.00000001     0.00000000
    0.0009480055        0.00000000     0.00000001     0.00000000
    0.0009627644        0.00000000     0.00000001     0.00000000
    0.0009777089        0.00000000     0.00000001     0.00000000
    0.0009928414        0.00000000     0.00000001     0.00000000
    0.0010081643        0.00000000     0.00000001     0.00000000
    0.0010236798        0.00000000     0.00000001     0.00000000
    0.0010393906        0.00000000     0.00000001     0.00000000
    0.0010552990        0.00000000     0.00000001     0.00000000
    0.0010714074        0.00000000     0.00000001     0.00000000
    0.0010877185        0.00000000     0.00000001     0.00000000
    0.0011042348        0.00000000     0.00000001     0.00000000
    0.0011209588        0.00000000     0.00000001     0.00000000
    0.0011378931        0.00000000     0.00000001     0.00000000
    0.0011550405        0.00000000     0.00000002     0.00000000
    0.0011724036        0.00000000     0.00000002     0.00000000
    0.0011899851        0.00000000     0.00000002     0.00000000
    0.0012077877        0.00000000     0.00000002     0.00000000
    0.0012258142        0.00000000     0.00000002     0.00000000
    0.0012440675        0.00000000     0.00000002     0.00000000
    0.0012625504        0.00000000     0.00000002     0.00000000
    0.0012812657        0.00000000     0.00000002     0.00000000
    0.0013002165        0.00000000     0.00000002     0.00000000
    0.0013194057        0.00000000     0.00000002     0.00000000
    0.0013388362        0.00000000     0.00000002     0.00000000
    0.0013585111        0.00000000     0.00000002     0.00000000
    0.0013784335        0.00000000     0.00000002     0.00000000
    0.0013986065        0.00000000     0.00000002     0.00000000
    0.0014190333        0.00000000     0.00000002     0.00000000
    0.0014397170        0.00000000     0.00000002     0.00000000
    0.0014606608        0.00000000     0.00000002     0.00000000
    0.0014818681        0.00000000     0.00000002     0.00000000
    0.0015033422        0.00000000     0.00000003     0.00000000
    0.0015250863        0.00000000     0.00000003     0.00000000
    0.0015471040        0.00000000     0.00000003     0.00000000
    0.0015693986        0.00000000     0.00000003     0.00000000
    0.0015919737        0.00000000     0.00000003     0.00000000
    0.0016148327        0.00000000     0.00000003     0.00000000
    0.0016379792        0.00000000     0.00000003     0.00000000
    0.0016614169        0.00000000     0.00000003     0.00000000
    0.0016851494        0.00000000     0.00000003     0.00000000
    0.0017091804        0.00000000     0.00000003     0.00000000
    0.0017335137        0.00000000     0.00000003     0.00000000
    0.0017581530        0.00000000     0.00000003     0.00000000
    0.0017831023        0.00000000     0.00000004     0.00000000
    0.0018083654        0.00000000     0.00000004     0.00000000
    0.0018339463        0.00000000     0.00000004     0.00000000
    0.0018598490        0.00000000     0.00000004     0.00000000
    0.0018860774        0.00000000     0.00000004     0.00000000
    0.0019126358        0.00000000     0.00000004     0.00000000
    0.0019395282        0.00000000     0.00000004     0.00000000
    0.0019667589        0.00000000     0.00000004     0.00000000
    0.0019943322        0.00000000     0.00000004     0.00000000
    0.0020222522        0.00000000     0.00000005     0.00000000
    0.0020505235        0.00000000     0.00000005     0.00000000
    0.0020791503        0.00000000     0.00000005     0.00000000
    0.0021081372        0.00000000     0.00000005     0.00000000
    0.0021374888        0.00000000     0.00000005     0.00000000
    0.0021672095        0.00000000     0.00000005     0.00000000
    0.0021973041        0.00000000     0.00000005     0.00000000
    0.0022277772        0.00000000     0.00000006     0.00000000
    0.0022586337        0.00000000     0.00000006     0.00000000
    0.0022898782        0.00000000     0.00000006     0.00000000
    0.0023215158        0.00000000     0.00000006     0.00000000
    0.0023535513        0.00000000     0.00000006     0.00000000
    0.0023859898        0.00000000     0.00000006     0.00000000
    0.0024188363        0.00000000     0.00000007     0.00000000
    0.0024520959        0.00000000     0.00000007     0.00000000
    0.0024857739        0.00000000     0.00000007     0.00000000
    0.0025198756        0.00000000     0.00000007     0.00000000
    0.0025544061        0.00000000     0.00000007     0.00000000
    0.0025893711        0.00000000     0.00000008     0.00000000
    0.0026247758        0.00000000     0.00000008     0.00000000
    0.0026606258        0.00000000     0.00000008     0.00000000
    0.0026969268        0.00000000     0.00000008     0.00000000
    0.0027336844        0.00000000     0.00000008     0.00000000
    0.0027709044        0.00000000     0.00000009     0.00000000
    0.0028085925        0.00000000     0.00000009     0.00000000
    0.0028467547        0.00000000     0.00000009     0.00000000
    0.0028853969        0.00000000     0.00000009     0.00000000
    0.0029245252        0.00000000     0.00000010     0.00000000
    0.0029641456        0.00000000     0.00000010     0.00000000
    0.0030042644        0.00000000     0.00000010     0.00000000
    0.0030448879        0.00000000     0.00000010     0.00000000
    0.0030860223        0.00000000     0.00000011     0.00000000
    0.0031276741        0.00000000     0.00000011     0.00000000
    0.0031698499        0.00000000     0.00000011     0.00000000
    0.0032125561        0.00000000     0.00000012     0.00000000
    0.0032557995        0.00000000     0.00000012     0.00000000
    0.0032995869        0.00000000     0.00000012     0.00000000
    0.0033439250        0.00000000     0.00000013     0.00000000
    0.0033888209        0.00000000     0.00000013     0.00000000
    0.0034342814        0.00000000     0.00000013     0.00000000
    0.0034803138        0.00000000     0.00000014     0.00000000
    0.0035269252        0.00000000     0.00000014     0.00000000
    0.0035741229        0.00000000     0.00000014     0.00000000
    0.0036219143        0.00000000     0.00000015     0.00000000
    0.0036703068        0.00000000     0.00000015     0.00000000
    0.0037193080        0.00000000     0.00000016     0.00000000
    0.0037689256        0.00000000     0.00000016     0.00000000
    0.0038191673        0.00000000     0.00000016     0.00000000
    0.0038700409        0.00000000     0.00000017     0.00000000
    0.0039215545        0.00000000     0.00000017     0.00000000
    0.0039737160        0.00000000     0.00000018     0.00000000
    0.0040265337        0.00000000     0.00000018     0.00000000
    0.0040800157        0.00000000     0.00000019     0.00000000
    0.0041341704        0.00000000     0.00000019     0.00000000
    0.0041890063        0.00000000     0.00000020     0.00000000
    0.0042445319        0.00000000     0.00000020     0.00000000
    0.0043007560        0.00000000     0.00000021     0.00000000
    0.0043576873        0.00000000     0.00000021     0.00000000
    0.0044153347        0.00000000     0.00000022     0.00000000
    0.0044737072        0.00000000     0.00000023     0.00000000
    0.0045328140        0.00000000     0.00000023     0.00000000
    0.0045926642        0.00000000     0.00000024     0.00000000
    0.0046532672        0.00000000     0.00000024     0.00000000
    0.0047146326        0.00000000     0.00000025     0.00000000
    0.0047767698        0.00000000     0.00000026     0.00000000
    0.0048396886        0.00000000     0.00000026     0.00000000
    0.0049033988        0.00000000     0.00000027     0.00000000
    0.0049679105        0.00000000     0.00000028     0.00000000
    0.0050332335        0.00000000     0.00000029     0.00000000
    0.0050993782        0.00000000     0.00000029     0.00000000
    0.0051663550        0.00000000     0.00000030     0.00000000
    0.0052341742        0.00000000     0.00000031     0.00000000
    0.0053028464        0.00000000     0.00000032     0.00000000
    0.0053723824        0.00000000     0.00000032     0.00000000
    0.0054427931        0.00000000     0.00000033     0.00000000
    0.0055140895        0.00000000     0.00000034     0.00000000
    0.0055862826        0.00000000     0.00000035     0.00000000
    0.0056593839        0.00000000     0.00000036     0.00000000
    0.0057334046        0.00000000     0.00000037     0.00000000
    0.0058083564        0.00000000     0.00000038     0.00000000
    0.0058842510        0.00000000     0.00000039     0.00000000
    0.0059611002        0.00000000     0.00000040     0.00000000
    0.0060389160        0.00000000     0.00000041     0.00000000
    0.0061177107        0.00000000     0.00000042     0.00000000
    0.0061974964        0.00000000     0.00000043     0.00000000
    0.0062782858        0.00000000     0.00000044     0.00000000
    0.0063600914        0.00000000     0.00000046     0.00000000
    0.0064429259        0.00000000     0.00000047     0.00000000
    0.0065268024        0.00000000     0.00000048     0.00000000
    0.0066117339        0.00000000     0.00000049     0.00000000
    0.0066977337        0.00000000     0.00000051     0.00000000
    0.0067848153        0.00000000     0.00000052     0.00000000
    0.0068729922        0.00000000     0.00000053     0.00000000
    0.0069622782        0.00000000     0.00000055     0.00000000
    0.0070526873        0.00000000     0.00000056     0.00000000
    0.0071442337        0.00000000     0.00000057     0.00000000
    0.0072369315        0.00000000     0.00000059     0.00000000
    0.0073307953        0.00000000     0.00000061     0.00000000
    0.0074258398        0.00000000     0.00000062     0.00000000
    0.0075220798        0.00000000     0.00000064     0.00000000
    0.0076195304        0.00000000     0.00000065     0.00000000
    0.0077182067        0.00000000     0.00000067     0.00000000
    0.0078181243        0.00000000     0.00000069     0.00000000
    0.0079192986        0.00000000     0.00000071     0.00000000
    0.0080217456        0.00000000     0.00000072     0.00000000
    0.0081254811        0.00000000     0.00000074     0.00000000
    0.0082305215        0.00000000     0.00000076     0.00000000
    0.0083368832        0.00000000     0.00000078     0.00000000
    0.0084445827        0.00000000     0.00000080     0.00000000
    0.0085536369        0.00000000     0.00000082     0.00000000
    0.0086640629        0.00000000     0.00000085     0.00000000
    0.0087758778        0.00000000     0.00000087     0.00000000
    0.0088890992        0.00000000     0.00000089     0.00000000
    0.0090037448        0.00000000     0.00000091     0.00000000
    0.0091198324        0.00000000     0.00000094     0.00000000
    0.0092373802        0.00000000     0.00000096     0.00000000
    0.0093564066        0.00000000     0.00000099     0.00000000
    0.0094769301        0.00000000     0.00000101     0.00000000
    0.0095989697        0.00000000     0.00000104     0.00000000
    0.0097225443        0.00000000     0.00000106     0.00000000
    0.0098476733        0.00000000     0.00000109     0.00000000
    0.0099743762        0.00000000     0.00000112     0.00000000
    0.0101026729        0.00000000     0.00000115     0.00000000
    0.0102325833        0.00000000     0.00000118     0.00000000
    0.0103641278        0.00000000     0.00000121     0.00000000
    0.0104973269        0.00000000     0.00000124     0.00000000
    0.0106322015        0.00000000     0.00000127     0.00000000
    0.0107687725        0.00000000     0.00000131     0.00000000
    0.0109070615        0.00000000     0.00000134     0.00000000
    0.0110470898        0.00000000     0.00000137     0.00000000
    0.0111888796        0.00000000     0.00000141     0.00000000
    0.0113324528        0.00000000     0.00000145     0.00000000
    0.0114778319        0.00000000     0.00000148     0.00000000
    0.0116250397        0.00000000     0.00000152     0.00000000
    0.0117740992        0.00000000     0.00000156     0.00000000
    0.0119250336        0.00000000     0.00000160     0.00000000
    0.0120778665        0.00000000     0.00000164     0.00000000
    0.0122326218        0.00000000     0.00000168     0.00000000
    0.0123893236        0.00000000     0.00000173     0.00000000
    0.0125479966        0.00000000     0.00000177     0.00000000
    0.0127086654        0.00000000     0.00000182     0.00000000
    0.0128713552        0.00000000     0.00000187     0.00000000
    0.0130360913        0.00000000     0.00000191     0.00000000
    0.0132028996        0.00000000     0.00000196     0.00000000
    0.0133718061        0.00000000     0.00000201     0.00000000
    0.0135428372        0.00000000     0.00000207     0.00000000
    0.0137160195        0.00000000     0.00000212     0.00000000
    0.0138913802        0.00000000     0.00000217     0.00000000
    0.0140689467        0.00000000     0.00000223     0.00000000
    0.0142487467        0.00000000     0.00000229     0.00000000
    0.0144308084        0.00000000     0.00000234     0.00000000
    0.0146151600        0.00000000     0.00000241     0.00000000
    0.0148018305        0.00000000     0.00000247     0.00000000
    0.0149908491        0.00000000     0.00000253     0.00000000
    0.0151822452        0.00000000     0.00000260     0.00000000
    0.0153760488        0.00000000     0.00000266     0.00000000
    0.0155722901        0.00000000     0.00000273     0.00000000
    0.0157709999        0.00000000     0.00000280     0.00000000
    0.0159722091        0.00000000     0.00000287     0.00000000
    0.0161759492        0.00000000     0.00000295     0.00000000
    0.0163822520        0.00000000     0.00000302     0.00000000
    0.0165911498        0.00000000     0.00000310     0.00000000
    0.0168026752        0.00000000     0.00000318     0.00000000
    0.0170168613        0.00000000     0.00000326     0.00000000
    0.0172337415        0.00000000     0.00000334     0.00000000
    0.0174533497        0.00000000     0.00000343     0.00000000
    0.0176757203        0.00000000     0.00000352     0.00000000
    0.0179008879        0.00000000     0.00000361     0.00000000
    0.0181288878        0.00000000     0.00000370     0.00000000
    0.0183597556        0.00000000     0.00000380     0.00000000
    0.0185935273        0.00000000     0.00000389     0.00000000
    0.0188302395        0.00000000     0.00000399     0.00000000
    0.0190699292        0.00000000     0.00000410     0.00000000
    0.0193126339        0.00000000     0.00000420     0.00000000
    0.0195583913        0.00000000     0.00000431     0.00000000
    0.0198072401        0.00000000     0.00000442     0.00000000
    0.0200592189        0.00000000     0.00000453     0.00000000
    0.0203143673        0.00000000     0.00000465     0.00000000
    0.0205727250        0.00000000     0.00000477     0.00000000
    0.0208343325        0.00000000     0.00000489     0.00000000
    0.0210992305        0.00000000     0.00000501     0.00000000
    0.0213674606        0.00000000     0.00000514     0.00000000
    0.0216390646        0.00000000     0.00000527     0.00000000
    0.0219140850        0.00000000     0.00000541     0.00000000
    0.0221925647        0.00000000     0.00000555     0.00000000
    0.0224745472        0.00000000     0.00000569     0.00000000
    0.0227600767        0.00000000     0.00000583     0.00000000
    0.0230491977        0.00000000     0.00000598     0.00000000
    0.0233419553        0.00000000     0.00000614     0.00000000
    0.0236383954        0.00000000     0.00000629     0.00000000
    0.0239385643        0.00000000     0.00000645     0.00000000
    0.0242425088        0.00000000     0.00000662     0.00000000
    0.0245502764        0.00000000     0.00000679     0.00000000
    0.0248619153        0.00000000     0.00000696     0.00000000
    0.0251774742        0.00000000     0.00000714     0.00000000
    0.0254970023        0.00000000     0.00000732     0.00000000
    0.0258205495        0.00000000     0.00000751     0.00000000
    0.0261481665        0.00000000     0.00000770     0.00000000
    0.0264799044        0.00000000     0.00000790     0.00000000
    0.0268158150        0.00000000     0.00000810     0.00000000
    0.0271559509        0.00000000     0.00000831     0.00000000
    0.0275003651        0.00000000     0.00000852     0.00000000
    0.0278491116        0.00000000     0.00000874     0.00000000
    0.0282022447        0.00000000     0.00000896     0.00000000
    0.0285598197        0.00000000     0.00000919     0.00000000
    0.0289218925        0.00000000     0.00000942     0.00000000
    0.0292885196        0.00000000     0.00000966     0.00000000
    0.0296597582        0.00000000     0.00000991     0.00000000
    0.0300356665        0.00000000     0.00001016     0.00000000
    0.0304163031        0.00000000     0.00001042     0.00000000
    0.0308017276        0.00000000     0.00001069     0.00000000
    0.0311920000        0.00000000     0.00001096     0.00000000
    0.0315871815        0.00000000     0.00001124     0.00000000
    0.0319873338        0.00000000     0.00001153     0.00000000
    0.0323925194        0.00000000     0.00001182     0.00000000
    0.0328028016        0.00000000     0.00001212     0.00000000
    0.0332182445        0.00000000     0.00001243     0.00000000
    0.0336389130        0.00000000     0.00001275     0.00000000
    0.0340648729        0.00000000     0.00001307     0.00000000
    0.0344961906        0.00000000     0.00001341     0.00000000
    0.0349329338        0.00000000     0.00001375     0.00000000
    0.0353751704        0.00000000     0.00001410     0.00000000
    0.0358229697        0.00000000     0.00001446     0.00000000
    0.0362764016        0.00000000     0.00001483     0.00000000
    0.0367355371        0.00000000     0.00001520     0.00000000
    0.0372004477        0.00000000     0.00001559     0.00000000
    0.0376712061        0.00000000     0.00001599     0.00000000
    0.0381478860        0.00000000     0.00001640     0.00000000
    0.0386305618        0.00000000     0.00001681     0.00000000
    0.0391193089        0.00000000     0.00001724     0.00000000
    0.0396142037        0.00000000     0.00001768     0.00000000
    0.0401153234        0.00000000     0.00001813     0.00000000
    0.0406227465        0.00000000     0.00001859     0.00000000
    0.0411365522        0.00000000     0.00001907     0.00000000
    0.0416568208        0.00000000     0.00001955     0.00000000
    0.0421836335        0.00000000     0.00002005     0.00000000
    0.0427170728        0.00000000     0.00002056     0.00000000
    0.0432572219        0.00000000     0.00002109     0.00000000
    0.0438041652        0.00000000     0.00002162     0.00000000
    0.0443579882        0.00000000     0.00002217     0.00000000
    0.0449187774        0.00000000     0.00002274     0.00000000
    0.0454866205        0.00000000     0.00002332     0.00000000
    0.0460616062        0.00000000     0.00002391     0.00000000
    0.0466438243        0.00000000     0.00002452     0.00000000
    0.0472333659        0.00000000     0.00002515     0.00000000
    0.0478303229        0.00000000     0.00002579     0.00000000
    0.0484347888        0.00000000     0.00002644     0.00000000
    0.0490468578        0.00000000     0.00002712     0.00000000
    0.0496666258        0.00000000     0.00002781     0.00000000
    0.0502941895        0.00000000     0.00002851     0.00000000
    0.0509296470        0.00000000     0.00002924     0.00000000
    0.0515730975        0.00000000     0.00002998     0.00000000
    0.0522246417        0.00000000     0.00003075     0.00000000
    0.0528843812        0.00000000     0.00003153     0.00000000
    0.0535524193        0.00000000     0.00003233     0.00000000
    0.0542288602        0.00000000     0.00003316     0.00000000
    0.0549138098        0.00000000     0.00003400     0.00000000
    0.0556073749        0.00000000     0.00003487     0.00000000
    0.0563096640        0.00000000     0.00003575     0.00000000
    0.0570207868        0.00000000     0.00003666     0.00000000
    0.0577408545        0.00000000     0.00003760     0.00000000
    0.0584699795        0.00000000     0.00003855     0.00000000
    0.0592082757        0.00000000     0.00003954     0.00000000
    0.0599558586        0.00000000     0.00004054     0.00000000
    0.0607128449        0.00000000     0.00004157     0.00000000
    0.0614793529        0.00000000     0.00004263     0.00000000
    0.0622555024        0.00000000     0.00004372     0.00000000
    0.0630414147        0.00000000     0.00004483     0.00000000
    0.0638372125        0.00000000     0.00004597     0.00000000
    0.0646430202        0.00000000     0.00004714     0.00000000
    0.0654589638        0.00000000     0.00004834     0.00000000
    0.0662851706        0.00000000     0.00004957     0.00000000
    0.0671217699        0.00000000     0.00005083     0.00000000
    0.0679688922        0.00000000     0.00005213     0.00000000
    0.0688266701        0.00000000     0.00005346     0.00000000
    0.0696952375        0.00000000     0.00005482     0.00000000
    0.0705747301        0.00000000     0.00005621     0.00000000
    0.0714652853        0.00000000     0.00005764     0.00000000
    0.0723670424        0.00000000     0.00005911     0.00000000
    0.0732801422        0.00000000     0.00006062     0.00000000
    0.0742047274        0.00000000     0.00006216     0.00000000
    0.0751409424        0.00000000     0.00006374     0.00000000
    0.0760889335        0.00000000     0.00006536     0.00000000
    0.0770488489        0.00000000     0.00006703     0.00000000
    0.0780208386        0.00000000     0.00006874     0.00000000
    0.0790050543        0.00000000     0.00007049     0.00000000
    0.0800016500        0.00000000     0.00007228     0.00000000
    0.0810107814        0.00000000     0.00007412     0.00000000
    0.0820326060        0.00000000     0.00007601     0.00000000
    0.0830672836        0.00000000     0.00007794     0.00000000
    0.0841149758        0.00000000     0.00007993     0.00000000
    0.0851758464        0.00000000     0.00008197     0.00000000
    0.0862500611        0.00000000     0.00008405     0.00000000
    0.0873377878        0.00000000     0.00008620     0.00000000
    0.0884391964        0.00000000     0.00008839     0.00000000
    0.0895544589        0.00000000     0.00009064     0.00000000
    0.0906837498        0.00000000     0.00009295     0.00000000
    0.0918272454        0.00000000     0.00009532     0.00000000
    0.0929851244        0.00000000     0.00009775     0.00000000
    0.0941575677        0.00000000     0.00010024     0.00000000
    0.0953447586        0.00000000     0.00010280     0.00000000
    0.0965468824        0.00000000     0.00010542     0.00000000
    0.0977641272        0.00000000     0.00010810     0.00000000
    0.0989966829        0.00000000     0.00011086     0.00000000
    0.1002447424        0.00000000     0.00011369     0.00000000
    0.1015085004        0.00000000     0.00011658     0.00000000
    0.1027881546        0.00000000     0.00011956     0.00000000
    0.1040839049        0.00000000     0.00012261     0.00000000
    0.1053959537        0.00000000     0.00012573     0.00000000
    0.1067245060        0.00000000     0.00012894     0.00000000
    0.1080697695        0.00000000     0.00013223     0.00000000
    0.1094319543        0.00000000     0.00013560     0.00000000
    0.1108112733        0.00000000     0.00013906     0.00000000
    0.1122079419        0.00000000     0.00014261     0.00000000
    0.1136221785        0.00000000     0.00014625     0.00000000
    0.1150542041        0.00000000     0.00014998     0.00000000
    0.1165042422        0.00000000     0.00015381     0.00000000
    0.1179725196        0.00000000     0.00015774     0.00000000
    0.1194592657        0.00000000     0.00016177     0.00000000
    0.1209647127        0.00000000     0.00016590     0.00000000
    0.1224890959        0.00000000     0.00017014     0.00000000
    0.1240326535        0.00000000     0.00017449     0.00000000
    0.1255956267        0.00000000     0.00017894     0.00000000
    0.1271782597        0.00000000     0.00018352     0.00000000
    0.1287807997        0.00000000     0.00018821     0.00000000
    0.1304034972        0.00000000     0.00019302     0.00000000
    0.1320466057        0.00000000     0.00019796     0.00000000
    0.1337103819        0.00000000     0.00020302     0.00000000
    0.1353950860        0.00000000     0.00020821     0.00000000
    0.1371009809        0.00000000     0.00021354     0.00000000
    0.1388283334        0.00000000     0.00021900     0.00000000
    0.1405774133        0.00000000     0.00022461     0.00000000
    0.1423484939        0.00000000     0.00023036     0.00000000
    0.1441418520        0.00000000     0.00023626     0.00000000
    0.1459577678        0.00000000     0.00024231     0.00000000
    0.1477965249        0.00000000     0.00024852     0.00000000
    0.1496584108        0.00000000     0.00025488     0.00000000
    0.1515437163        0.00000000     0.00026142     0.00000000
    0.1534527360        0.00000000     0.00026812     0.00000000
    0.1553857683        0.00000000     0.00027500     0.00000000
    0.1573431151        0.00000000     0.00028205     0.00000000
    0.1593250823        0.00000000     0.00028929     0.00000000
    0.1613319795        0.00000000     0.00029671     0.00000000
    0.1633641205        0.00000000     0.00030433     0.00000000
    0.1654218226        0.00000000     0.00031214     0.00000000
    0.1675054074        0.00000000     0.00032016     0.00000000
    0.1696152005        0.00000000     0.00032839     0.00000000
    0.1717515315        0.00000000     0.00033683     0.00000000
    0.1739147343        0.00000000     0.00034549     0.00000000
    0.1761051468        0.00000000     0.00035438     0.00000000
    0.1783231113        0.00000000     0.00036350     0.00000000
    0.1805689743        0.00000000     0.00037286     0.00000000
    0.1828430868        0.00000000     0.00038246     0.00000000
    0.1851458042        0.00000000     0.00039231     0.00000000
    0.1874774862        0.00000000     0.00040242     0.00000000
    0.1898384971        0.00000000     0.00041280     0.00000000
    0.1922292059        0.00000000     0.00042344     0.00000000
    0.1946499861        0.00000000     0.00043437     0.00000000
    0.1971012159        0.00000000     0.00044558     0.00000000
    0.1995832784        0.00000000     0.00045709     0.00000000
    0.2020965615        0.00000000     0.00046890     0.00000000
    0.2046414577        0.00000000     0.00048102     0.00000000
    0.2072183648        0.00000000     0.00049346     0.00000000
    0.2098276854        0.00000000     0.00050623     0.00000000
    0.2124698272        0.00000000     0.00051933     0.00000000
    0.2151452031        0.00000000     0.00053278     0.00000000
    0.2178542311        0.00000000     0.00054659     0.00000000
    0.2205973344        0.00000000     0.00056076     0.00000000
    0.2233749417        0.00000000     0.00057531     0.00000000
    0.2261874870        0.00000000     0.00059024     0.00000000
    0.2290354098        0.00000000     0.00060557     0.00000000
    0.2319191551        0.00000000     0.00062131     0.00000000
    0.2348391734        0.00000000     0.00063747     0.00000000
    0.2377959210        0.00000000     0.00065406     0.00000000
    0.2407898599        0.00000000     0.00067109     0.00000000
    0.2438214579        0.00000000     0.00068857     0.00000000
    0.2468911888        0.00000000     0.00070653     0.00000000
    0.2499995320        0.00000000     0.00072496     0.00000000
    0.2531469735        0.00000000     0.00074389     0.00000000
    0.2563340049        0.00000000     0.00076333     0.00000000
    0.2595611242        0.00000000     0.00078329     0.00000000
    0.2628288356        0.00000000     0.00080378     0.00000000
    0.2661376499        0.00000000     0.00082483     0.00000000
    0.2694880838        0.00000000     0.00084645     0.00000000
    0.2728806611        0.00000000     0.00086866     0.00000000
    0.2763159117        0.00000000     0.00089146     0.00000000
    0.2797943724        0.00000000     0.00091489     0.00000000
    0.2833165868        0.00000000     0.00093895     0.00000000
    0.2868831052        0.00000000     0.00096367     0.00000000
    0.2904944849        0.00000000     0.00098906     0.00000000
    0.2941512902        0.00000000     0.00101515     0.00000000
    0.2978540923        0.00000000     0.00104195     0.00000000
    0.3016034701        0.00000000     0.00106948     0.00000000
    0.3054000091        0.00000000     0.00109777     0.00000000
    0.3092443028        0.00000000     0.00112685     0.00000000
    0.3131369517        0.00000000     0.00115672     0.00000000
    0.3170785641        0.00000000     0.00118742     0.00000000
    0.3210697559        0.00000000     0.00121897     0.00000000
    0.3251111507        0.00000000     0.00125139     0.00000000
    0.3292033800        0.00000000     0.00128472     0.00000000
    0.3333470832        0.00000000     0.00131897     0.00000000
    0.3375429078        0.00000000     0.00135419     0.00000000
    0.3417915093        0.00000000     0.00139039     0.00000000
    0.3460935517        0.00000000     0.00142760     0.00000000
    0.3504497071        0.00000000     0.00146586     0.00000000
    0.3548606562        0.00000000     0.00150520     0.00000000
    0.3593270882        0.00000000     0.00154566     0.00000000
    0.3638497011        0.00000000     0.00158725     0.00000000
    0.3684292013        0.00000000     0.00163004     0.00000000
    0.3730663046        0.00000000     0.00167404     0.00000000
    0.3777617355        0.00000000     0.00171929     0.00000000
    0.3825162276        0.00000000     0.00176584     0.00000000
    0.3873305239        0.00000000     0.00181373     0.00000000
    0.3922053766        0.00000000     0.00186300     0.00000000
    0.3971415473        0.00000000     0.00191369     0.00000000
    0.4021398075        0.00000000     0.00196585     0.00000000
    0.4072009380        0.00000000     0.00201953     0.00000000
    0.4123257297        0.00000000     0.00207477     0.00000000
    0.4175149834        0.00000000     0.00213162     0.00000000
    0.4227695098        0.00000000     0.00219014     0.00000000
    0.4280901300        0.00000000     0.00225038     0.00000000
    0.4334776754        0.00000000     0.00231240     0.00000000
    0.4389329878        0.00000000     0.00237626     0.00000000
    0.4444569196        0.00000000     0.00244201     0.00000000
    0.4500503338        0.00000000     0.00250972     0.00000000
    0.4557141046        0.00000000     0.00257946     0.00000000
    0.4614491168        0.00000000     0.00265130     0.00000000
    0.4672562666        0.00000000     0.00272529     0.00000000
    0.4731364614        0.00000000     0.00280153     0.00000000
    0.4790906199        0.00000000     0.00288008     0.00000000
    0.4851196724        0.00000000     0.00296102     0.00000000
    0.4912245612        0.00000000     0.00304444     0.00000000
    0.4974062400        0.00000000     0.00313042     0.00000000
    0.5036656747        0.00000000     0.00321905     0.00000000
    0.5100038434        0.00000000     0.00331043     0.00000000
    0.5164217365        0.00000000     0.00340464     0.00000000
    0.5229203567        0.00000000     0.00350180     0.00000000
    0.5295007195        0.00000000     0.00360200     0.00000000
    0.5361638531        0.00000000     0.00370536     0.00000000
    0.5429107986        0.00000000     0.00381198     0.00000000
    0.5497426102        0.00000000     0.00392199     0.00000000
    0.5566603554        0.00000000     0.00403552     0.00000000
    0.5636651152        0.00000000     0.00415267     0.00000000
    0.5707579840        0.00000000     0.00427360     0.00000000
    0.5779400700        0.00000000     0.00439845     0.00000000
    0.5852124956        0.00000000     0.00452734     0.00000000
    0.5925763971        0.00000000     0.00466045     0.00000000
    0.6000329250        0.00000000     0.00479793     0.00000000
    0.6075832446        0.00000000     0.00493993     0.00000000
    0.6152285354        0.00000000     0.00508665     0.00000000
    0.6229699922        0.00000000     0.00523824     0.00000000
    0.6308088245        0.00000000     0.00539492     0.00000000
    0.6387462571        0.00000000     0.00555686     0.00000000
    0.6467835304        0.00000000     0.00572428     0.00000000
    0.6549219001        0.00000000     0.00589739     0.00000000
    0.6631626380        0.00000000     0.00607641     0.00000000
    0.6715070315        0.00000000     0.00626158     0.00000000
    0.6799563846        0.00000000     0.00645315     0.00000000
    0.6885120175        0.00000000     0.00665137     0.00000000
    0.6971752670        0.00000000     0.00685651     0.00000000
    0.7059474867        0.00000000     0.00706884     0.00000000
    0.7148300474        0.00000000     0.00728867     0.00000000
    0.7238243370        0.00000000     0.00751631     0.00000000
    0.7329317608        0.00000000     0.00775206     0.00000000
    0.7421537419        0.00000000     0.00799627     0.00000000
    0.7514917212        0.00000000     0.00824930     0.00000000
    0.7609471578        0.00000000     0.00851150     0.00000000
    0.7705215292        0.00000000     0.00878328     0.00000000
    0.7802163314        0.00000000     0.00906502     0.00000000
    0.7900330791        0.00000000     0.00935716     0.00000000
    0.7999733064        0.00000000     0.00966015     0.00000000
    0.8100385663        0.00000000     0.00997444     0.00000000
    0.8202304316        0.00000000     0.01030052     0.00000000
    0.8305504947        0.00000000     0.01063892     0.00000000
    0.8410003683        0.00000000     0.01099015     0.00000000
    0.8515816852        0.00000000     0.01135480     0.00000000
    0.8622960986        0.00000000     0.01173343     0.00000000
    0.8731452827        0.00000000     0.01212668     0.00000000
    0.8841309328        0.00000000     0.01253518     0.00000000
    0.8952547653        0.00000000     0.01295963     0.00000000
    0.9065185184        0.00000000     0.01340072     0.00000000
    0.9179239521        0.00000000     0.01385920     0.00000000
    0.9294728485        0.00000000     0.01433585     0.00000000
    0.9411670121        0.00000000     0.01483150     0.00000000
    0.9530082702        0.00000000     0.01534700     0.00000000
    0.9649984730        0.00000000     0.01588324     0.00000000
    0.9771394940        0.00000000     0.01644117     0.00000000
    0.9894332302        0.00000000     0.01702176     0.00000000
    1.0018816026        0.00000000     0.01762607     0.00000000
    1.0144865562        0.00000000     0.01825515     0.00000000
    1.0272500606        0.00000000     0.01891014     0.00000000
    1.0401741102        0.00000000     0.01959221     0.00000000
    1.0532607243        0.00000000     0.02030262     0.00000000
    1.0665119477        0.00000000     0.02104263     0.00000000
    1.0799298510        0.00000000     0.02181360     0.00000000
    1.0935165307        0.00000000     0.02261693     0.00000000
    1.1072741099        0.00000000     0.02345410     0.00000000
    1.1212047380        0.00000000     0.02432662     0.00000000
    1.1353105919        0.00000000     0.02523609     0.00000000
    1.1495938757        0.00000000     0.02618416     0.00000000
    1.1640568210        0.00000000     0.02717256     0.00000000
    1.1787016877        0.00000000     0.02820308     0.00000000
    1.1935307642        0.00000000     0.02927757     0.00000000
    1.2085463675        0.00000000     0.03039796     0.00000000
    1.2237508439        0.00000000     0.03156623     0.00000000
    1.2391465690        0.00000000     0.03278445     0.00000000
    1.2547359485        0.00000000     0.03405474     0.00000000
    1.2705214183        0.00000000     0.03537928     0.00000000
    1.2865054448        0.00000000     0.03676032     0.00000000
    1.3026905257        0.00000000     0.03820017     0.00000000
    1.3190791898        0.00000000     0.03970119     0.00000000
    1.3356739979        0.00000000     0.04126579     0.00000000
    1.3524775430        0.00000000     0.04289641     0.00000000
    1.3694924506        0.00000000     0.04459556     0.00000000
    1.3867213795        0.00000000     0.04636574     0.00000000
    1.4041670216        0.00000000     0.04820948     0.00000000
    1.4218321029        0.00000000     0.05012933     0.00000000
    1.4397193836        0.00000000     0.05212783     0.00000000
    1.4578316585        0.00000000     0.05420747     0.00000000
    1.4761717578        0.00000000     0.05637074     0.00000000
    1.4947425472        0.00000000     0.05862006     0.00000000
    1.5135469283        0.00000000     0.06095776     0.00000000
    1.5325878394        0.00000000     0.06338609     0.00000000
    1.5518682558        0.00000000     0.06590717     0.00000000
    1.5713911899        0.00000000     0.06852296     0.00000000
    1.5911596922        0.00000000     0.07123526     0.00000000
    1.6111768518        0.00000000     0.07404564     0.00000000
    1.6314457961        0.00000000     0.07695543     0.00000000
    1.6519696925        0.00000000     0.07996570     0.00000000
    1.6727517476        0.00000000     0.08307718     0.00000000
    1.6937952089        0.00000000     0.08629026     0.00000000
    1.7151033643        0.00000000     0.08960494     0.00000000
    1.7366795433        0.00000000     0.09302078     0.00000000
    1.7585271172        0.00000000     0.09653687     0.00000000
    1.7806494998        0.00000000     0.10015182     0.00000000
    1.8030501477        0.00000000     0.10386365     0.00000000
    1.8257325610        0.00000000     0.10766983     0.00000000
    1.8487002840        0.00000000     0.11156721     0.00000000
    1.8719569054        0.00000000     0.11555199     0.00000000
    1.8955060590        0.00000000     0.11961974     0.00000000
    1.9193514246        0.00000000     0.12376531     0.00000000
    1.9434967279        0.00000000     0.12798290     0.00000000
    1.9679457418        0.00000000     0.13226600     0.00000000
    1.9927022863        0.00000000     0.13660743     0.00000000
    2.0177702299        0.00000000     0.14099938     0.00000000
    2.0431534894        0.00000000     0.14543337     0.00000000
    2.0688560310        0.00000000     0.14990039     0.00000000
    2.0948818708        0.00000000     0.15439087     0.00000000
    2.1212350753        0.00000000     0.15889482     0.00000000
    2.1479197624        0.00000000     0.16340185     0.00000000
    2.1749401015        0.00000000     0.16790133     0.00000000
    2.2023003146        0.00000000     0.17238243     0.00000000
    2.2300046768        0.00000000     0.17683427     0.00000000
    2.2580575170        0.00000000     0.18124605     0.00000000
    2.2864632185        0.00000000     0.18560714     0.00000000
    2.3152262197        0.00000000     0.18990724     0.00000000
    2.3443510150        0.00000000     0.19413648     0.00000000
    2.3738421551        0.00000000     0.19828553     0.00000000
    2.4037042480        0.00000000     0.20234572     0.00000000
    2.4339419599        0.00000000     0.20630912     0.00000000
    2.4645600153        0.00000000     0.21016862     0.00000000
    2.4955631985        0.00000000     0.21391790     0.00000000
    2.5269563537        0.00000000     0.21755154     0.00000000
    2.5587443862        0.00000000     0.22106488     0.00000000
    2.5909322629        0.00000000     0.22445405     0.00000000
    2.6235250132        0.00000000     0.22771579     0.00000000
    2.6565277299        0.00000000     0.23084733     0.00000000
    2.6899455697        0.00000000     0.23384621     0.00000000
    2.7237837541        0.00000000     0.23671007     0.00000000
    2.7580475705        0.00000000     0.23943640     0.00000000
    2.7927423727        0.00000000     0.24202232     0.00000000
    2.8278735817        0.00000000     0.24446440     0.00000000
    2.8634466870        0.00000000     0.24675843     0.00000000
    2.8994672468        0.00000000     0.24889947     0.00000000
    2.9359408895        0.00000000     0.25088186     0.00000000
    2.9728733141        0.00000000     0.25269959     0.00000000
    3.0102702915        0.00000000     0.25434677     0.00000000
    3.0481376649        0.00000000     0.25581785     0.00000000
    3.0864813513        0.00000000     0.25710755     0.00000000
    3.1253073418        0.00000000     0.25821099     0.00000000
    3.1646217032        0.00000000     0.25912364     0.00000000
    3.2044305784        0.00000000     0.25984142     0.00000000
    3.2447401876        0.00000000     0.26036063     0.00000000
    3.2855568292        0.00000000     0.26067801     0.00000000
    3.3268868810        0.00000000     0.26079074     0.00000000
    3.3687368009        0.00000000     0.26069647     0.00000000
    3.4111131279        0.00000000     0.26039331     0.00000000
    3.4540224836        0.00000000     0.25987983     0.00000000
    3.4974715724        0.00000000     0.25915513     0.00000000
    3.5414671836        0.00000000     0.25821879     0.00000000
    3.5860161914        0.00000000     0.25707090     0.00000000
    3.6311255567        0.00000000     0.25571211     0.00000000
    3.6768023280        0.00000000     0.25414359     0.00000000
    3.7230536423        0.00000000     0.25236705     0.00000000
    3.7698867266        0.00000000     0.25038478     0.00000000
    3.8173088986        0.00000000     0.24819963     0.00000000
    3.8653275680        0.00000000     0.24581500     0.00000000
    3.9139502379        0.00000000     0.24323489     0.00000000
    3.9631845058        0.00000000     0.24046384     0.00000000
    4.0130380645        0.00000000     0.23750698     0.00000000
    4.0635187037        0.00000000     0.23436998     0.00000000
    4.1146343113        0.00000000     0.23105906     0.00000000
    4.1663928740        0.00000000     0.22758099     0.00000000
    4.2188024793        0.00000000     0.22394302     0.00000000
    4.2718713163        0.00000000     0.22015290     0.00000000
    4.3256076771        0.00000000     0.21621886     0.00000000
    4.3800199581        0.00000000     0.21214951     0.00000000
    4.4351166613        0.00000000     0.20795389     0.00000000
    4.4909063958        0.00000000     0.20364137     0.00000000
    4.5473978787        0.00000000     0.19922163     0.00000000
    4.6045999370        0.00000000     0.19470460     0.00000000
    4.6625215086        0.00000000     0.19010042     0.00000000
    4.7211716439        0.00000000     0.18541939     0.00000000
    4.7805595071        0.00000000     0.18067192     0.00000000
    4.8406943776        0.00000000     0.17586846     0.00000000
    4.9015856517        0.00000000     0.17101941     0.00000000
    4.9632428437        0.00000000     0.16613513     0.00000000
    5.0256755878        0.00000000     0.16122594     0.00000000
    5.0888936390        0.00000000     0.15630198     0.00000000
    5.1529068755        0.00000000     0.15137320     0.00000000
    5.2177252994        0.00000000     0.14644931     0.00000000
    5.2833590387        0.00000000     0.14153975     0.00000000
    5.3498183487        0.00000000     0.13665362     0.00000000
    5.4171136140        0.00000000     0.13179966     0.00000000
    5.4852553496        0.00000000     0.12698625     0.00000000
    5.5542542026        0.00000000     0.12222133     0.00000000
    5.6241209544        0.00000000     0.11751244     0.00000000
    5.6948665217        0.00000000     0.11286666     0.00000000
    5.7665019587        0.00000000     0.10829060     0.00000000
    5.8390384586        0.00000000     0.10379041     0.00000000
    5.9124873553        0.00000000     0.09937177     0.00000000
    5.9868601255        0.00000000     0.09503989     0.00000000
    6.0621683899        0.00000000     0.09079948     0.00000000
    6.1384239157        0.00000000     0.08665480     0.00000000
    6.2156386179        0.00000000     0.08260963     0.00000000
    6.2938245614        0.00000000     0.07866731     0.00000000
    6.3729939631        0.00000000     0.07483071     0.00000000
    6.4531591933        0.00000000     0.07110229     0.00000000
    6.5343327780        0.00000000     0.06748407     0.00000000
    6.6165274006        0.00000000     0.06397768     0.00000000
    6.6997559043        0.00000000     0.06058435     0.00000000
    6.7840312937        0.00000000     0.05730495     0.00000000
    6.8693667371        0.00000000     0.05413997     0.00000000
    6.9557755681        0.00000000     0.05108960     0.00000000
    7.0432712885        0.00000000     0.04815369     0.00000000
    7.1318675695        0.00000000     0.04533180     0.00000000
    7.2215782546        0.00000000     0.04262319     0.00000000
    7.3124173611        0.00000000     0.04002689     0.00000000
    7.4043990830        0.00000000     0.03754167     0.00000000
    7.4975377925        0.00000000     0.03516605     0.00000000
    7.5918480427        0.00000000     0.03289837     0.00000000
    7.6873445699        0.00000000     0.03073678     0.00000000
    7.7840422955        0.00000000     0.02867922     0.00000000
    7.8819563287        0.00000000     0.02672350     0.00000000
    7.9811019689        0.00000000     0.02486727     0.00000000
    8.0814947077        0.00000000     0.02310805     0.00000000
    8.1831502317        0.00000000     0.02144323     0.00000000
    8.2860844247        0.00000000     0.01987013     0.00000000
    8.3903133706        0.00000000     0.01838595     0.00000000
    8.4958533552        0.00000000     0.01698782     0.00000000
    8.6027208693        0.00000000     0.01567281     0.00000000
    8.7109326114        0.00000000     0.01443795     0.00000000
    8.8205054895        0.00000000     0.01328020     0.00000000
    8.9314566248        0.00000000     0.01219653     0.00000000
    9.0438033536        0.00000000     0.01118385     0.00000000
    9.1575632303        0.00000000     0.01023911     0.00000000
    9.2727540300        0.00000000     0.00935924     0.00000000
    9.3893937517        0.00000000     0.00854118     0.00000000
    9.5075006204        0.00000000     0.00778192     0.00000000
    9.6270930907        0.00000000     0.00707846     0.00000000
    9.7481898491        0.00000000     0.00642786     0.00000000
    9.8708098171        0.00000000     0.00582723     0.00000000
    9.9949721545        0.00000000     0.00527373     0.00000000
   10.1206962619        0.00000000     0.00476460     0.00000000
   10.2480017838        0.00000000     0.00429716     0.00000000
   10.3769086121        0.00000000     0.00386878     0.00000000
   10.5074368886        0.00000000     0.00347695     0.00000000
   10.6396070088        0.00000000     0.00311922     0.00000000
   10.7734396244        0.00000000     0.00279326     0.00000000
   10.9089556471        0.00000000     0.00249682     0.00000000
   11.0461762515        0.00000000     0.00222775     0.00000000
   11.1851228786        0.00000000     0.00198400     0.00000000
   11.3258172392        0.00000000     0.00176363     0.00000000
   11.4682813169        0.00000000     0.00156479     0.00000000
   11.6125373722        0.00000000     0.00138573     0.00000000
   11.7586079452        0.00000000     0.00122482     0.00000000
   11.9065158599        0.00000000     0.00108051     0.00000000
   12.0562842271        0.00000000     0.00095135     0.00000000
   12.2079364484        0.00000000     0.00083599     0.00000000
   12.3614962199        0.00000000     0.00073317     0.00000000
   12.5169875355        0.00000000     0.00064172     0.00000000
   12.6744346911        0.00000000     0.00056055     0.00000000
   12.8338622881        0.00000000     0.00048865     0.00000000
   12.9952952374        0.00000000     0.00042511     0.00000000
   13.1587587633        0.00000000     0.00036907     0.00000000
   13.3242784072        0.00000000     0.00031976     0.00000000
   13.4918800319        0.00000000     0.00027646     0.00000000
   13.6615898255        0.00000000     0.00023851     0.00000000
   13.8334343055        0.00000000     0.00020534     0.00000000
   14.0074403230        0.00000000     0.00017640     0.00000000
   14.1836350667        0.00000000     0.00015122     0.00000000
   14.3620460675        0.00000000     0.00012934     0.00000000
   14.5427012025        0.00000000     0.00011039     0.00000000
   14.7256286993        0.00000000     0.00009401     0.00000000
   14.9108571407        0.00000000     0.00007988     0.00000000
   15.0984154691        0.00000000     0.00006772     0.00000000
   15.2883329909        0.00000000     0.00005728     0.00000000
   15.4806393810        0.00000000     0.00004834     0.00000000
   15.6753646877        0.00000000     0.00004070     0.00000000
   15.8725393372        0.00000000     0.00003418     0.00000000
   16.0721941386        0.00000000     0.00002865     0.00000000
   16.2743602881        0.00000000     0.00002395     0.00000000
   16.4790693748        0.00000000     0.00001997     0.00000000
   16.6863533848        0.00000000     0.00001662     0.00000000
   16.8962447067        0.00000000     0.00001379     0.00000000
   17.1087761364        0.00000000     0.00001142     0.00000000
   17.3239808824        0.00000000     0.00000943     0.00000000
   17.5418925709        0.00000000     0.00000776     0.00000000
   17.7625452509        0.00000000     0.00000638     0.00000000
   17.9859734001        0.00000000     0.00000523     0.00000000
   18.2122119293        0.00000000     0.00000427     0.00000000
   18.4412961890        0.00000000     0.00000348     0.00000000
   18.6732619739        0.00000000     0.00000283     0.00000000
   18.9081455292        0.00000000     0.00000230     0.00000000
   19.1459835559        0.00000000     0.00000186     0.00000000
   19.3868132167        0.00000000     0.00000150     0.00000000
   19.6306721417        0.00000000     0.00000120     0.00000000
   19.8775984344        0.00000000     0.00000097     0.00000000
   20.1276306775        0.00000000     0.00000077     0.00000000
   20.3808079390        0.00000000     0.00000062     0.00000000
   20.6371697785        0.00000000     0.00000049     0.00000000
   20.8967562529        0.00000000     0.00000039     0.00000000
   21.1596079232        0.00000000     0.00000031     0.00000000
   21.4257658605        0.00000000     0.00000024     0.00000000
   21.6952716526        0.00000000     0.00000019     0.00000000
   21.9681674102        0.00000000     0.00000015     0.00000000
   22.2444957738        0.00000000     0.00000012     0.00000000
   22.5242999204        0.00000000     0.00000009     0.00000000
   22.8076235699        0.00000000     0.00000007     0.00000000
   23.0945109922        0.00000000     0.00000005     0.00000000
   23.3850070140        0.00000000     0.00000004     0.00000000
   23.6791570259        0.00000000     0.00000003     0.00000000
   23.9770069895        0.00000000     0.00000002     0.00000000
   24.2786034445        0.00000000     0.00000002     0.00000000
   24.5839935158        0.00000000     0.00000001     0.00000000
   24.8932249214        0.00000000     0.00000001     0.00000000
   25.2063459792        0.00000000     0.00000001     0.00000000
   25.5234056150        0.00000000     0.00000001     0.00000000
   25.8444533702        0.00000000     0.00000000     0.00000000
   26.1695394089        0.00000000     0.00000000     0.00000000
   26.4987145266        0.00000000     0.00000000     0.00000000
   26.8320301577        0.00000000     0.00000000     0.00000000
   27.1695383832        0.00000000     0.00000000     0.00000000
   27.5112919395        0.00000000     0.00000000     0.00000000
   27.8573442265        0.00000000     0.00000000     0.00000000
   28.2077493153        0.00000000     0.00000000     0.00000000
   28.5625619576        0.00000000     0.00000000     0.00000000
   28.9218375935        0.00000000     0.00000000     0.00000000
   29.2856323606        0.00000000     0.00000000     0.00000000
   29.6540031025        0.00000000     0.00000000     0.00000000
   30.0270073780        0.00000000     0.00000000     0.00000000
   30.4047034696        0.00000000     0.00000000     0.00000000
   30.7871503933        0.00000000     0.00000000     0.00000000
   31.1744079070        0.00000000     0.00000000     0.00000000
   31.5665365206        0.00000000     0.00000000     0.00000000
   31.9635975050        0.00000000     0.00000000     0.00000000
   32.3656529017        0.00000000     0.00000000     0.00000000
   32.7727655327        0.00000000     0.00000000     0.00000000
   33.1849990103        0.00000000     0.00000000     0.00000000
   33.6024177467        0.00000000     0.00000000     0.00000000
   34.0250869644        0.00000000     0.00000000     0.00000000
   34.4530727064        0.00000000     0.00000000     0.00000000
   34.8864418463        0.00000000     0.00000000     0.00000000
   35.3252620989        0.00000000     0.00000000     0.00000000
   35.7696020308        0.00000000     0.00000000     0.00000000
   36.2195310710        0.00000000     0.00000000     0.00000000
   36.6751195219        0.00000000     0.00000000     0.00000000
   37.1364385700        0.00000000     0.00000000     0.00000000
   37.6035602974        0.00000000     0.00000000     0.00000000
   38.0765576927        0.00000000     0.00000000     0.00000000
   38.5555046630        0.00000000     0.00000000     0.00000000
   39.0404760444        0.00000000     0.00000000     0.00000000
   39.5315476149        0.00000000     0.00000000     0.00000000
   40.0287961054        0.00000000     0.00000000     0.00000000
   40.5322992118        0.00000000     0.00000000     0.00000000
   41.0421356078        0.00000000     0.00000000     0.00000000
   41.5583849561        0.00000000     0.00000000     0.00000000
   42.0811279218        0.00000000     0.00000000     0.00000000
   42.6104461846        0.00000000     0.00000000     0.00000000
   43.1464224515        0.00000000     0.00000000     0.00000000
   43.6891404699        0.00000000     0.00000000     0.00000000
   44.2386850406        0.00000000     0.00000000     0.00000000
   44.7951420310        0.00000000     0.00000000     0.00000000
   45.3585983887        0.00000000     0.00000000     0.00000000
   45.9291421550        0.00000000     0.00000000     0.00000000
   46.5068624783        0.00000000     0.00000000     0.00000000
   47.0918496287        0.00000000     0.00000000     0.00000000
   47.6841950117        0.00000000     0.00000000     0.00000000
   48.2839911823        0.00000000     0.00000000     0.00000000
   48.8913318601        0.00000000     0.00000000     0.00000000
   49.5063119431        0.00000000     0.00000000     0.00000000
   50.1290275232        0.00000000     0.00000000     0.00000000
   50.7595759012        0.00000000     0.00000000     0.00000000
   51.3980556013        0.00000000     0.00000000     0.00000000
   52.0445663874        0.00000000     0.00000000     0.00000000
   52.6992092781        0.00000000     0.00000000     0.00000000
   53.3620865627        0.00000000     0.00000000     0.00000000
   54.0333018171        0.00000000     0.00000000     0.00000000
   54.7129599200        0.00000000     0.00000000     0.00000000
   55.4011670694        0.00000000     0.00000000     0.00000000
   56.0980307992        0.00000000     0.00000000     0.00000000
   56.8036599955        0.00000000     0.00000000     0.00000000
   57.5181649146        0.00000000     0.00000000     0.00000000
   58.2416571991        0.00000000     0.00000000     0.00000000
   58.9742498962        0.00000000     0.00000000     0.00000000
   59.7160574752        0.00000000     0.00000000     0.00000000
   60.4671958447        0.00000000     0.00000000     0.00000000
   61.2277823719        0.00000000     0.00000000     0.00000000
   61.9979358999        0.00000000     0.00000000     0.00000000
   62.7777767666        0.00000000     0.00000000     0.00000000
   63.5674268240        0.00000000     0.00000000     0.00000000
   64.3670094563        0.00000000     0.00000000     0.00000000
   65.1766496000        0.00000000     0.00000000     0.00000000
   65.9964737630        0.00000000     0.00000000     0.00000000
   66.8266100445        0.00000000     0.00000000     0.00000000
   67.6671881550        0.00000000     0.00000000     0.00000000
   68.5183394366        0.00000000     0.00000000     0.00000000
   69.3801968833        0.00000000     0.00000000     0.00000000
   70.2528951621        0.00000000     0.00000000     0.00000000
   71.1365706339        0.00000000     0.00000000     0.00000000
   72.0313613748        0.00000000     0.00000000     0.00000000
   72.9374071977        0.00000000     0.00000000     0.00000000
   73.8548496741        0.00000000     0.00000000     0.00000000
   74.7838321562        0.00000000     0.00000000     0.00000000
   75.7244997995        0.00000000     0.00000000     0.00000000
   76.6769995851        0.00000000     0.00000000     0.00000000
   77.6414803431        0.00000000     0.00000000     0.00000000
   78.6180927756        0.00000000     0.00000000     0.00000000
   79.6069894802        0.00000000     0.00000000     0.00000000
   80.6083249741        0.00000000     0.00000000     0.00000000
   81.6222557180        0.00000000     0.00000000     0.00000000
   82.6489401407        0.00000000     0.00000000     0.00000000
   83.6885386635        0.00000000     0.00000000     0.00000000
   84.7412137261        0.00000000     0.00000000     0.00000000
   85.8071298109        0.00000000     0.00000000     0.00000000
   86.8864534695        0.00000000     0.00000000     0.00000000
   87.9793533484        0.00000000     0.00000000     0.00000000
   89.0860002155        0.00000000     0.00000000     0.00000000
   90.2065669866        0.00000000     0.00000000     0.00000000
   91.3412287526        0.00000000     0.00000000     0.00000000
   92.4901628065        0.00000000     0.00000000     0.00000000
   93.6535486718        0.00000000     0.00000000     0.00000000
   94.8315681298        0.00000000     0.00000000     0.00000000
   96.0244052485        0.00000000     0.00000000     0.00000000
   97.2322464111        0.00000000     0.00000000     0.00000000
   98.4552803452        0.00000000     0.00000000     0.00000000
   99.6936981524        0.00000000     0.00000000     0.00000000
  100.9476933379        0.00000000     0.00000000     0.00000000
  102.2174618412        0.00000000     0.00000000     0.00000000
  103.5032020660        0.00000000     0.00000000     0.00000000
  104.8051149119        0.00000000     0.00000000     0.00000000
  106.1234038055        0.00000000     0.00000000     0.00000000
  107.4582747320        0.00000000     0.00000000     0.00000000
  108.8099362678        0.00000000     0.00000000     0.00000000
  110.1785996128        0.00000000     0.00000000     0.00000000
  111.5644786233        0.00000000     0.00000000     0.00000000
  112.9677898457        0.00000000     0.00000000     0.00000000
  114.3887525504        0.00000000     0.00000000     0.00000000
  115.8275887656        0.00000000     0.00000000     0.00000000
  117.2845233124        0.00000000     0.00000000     0.00000000
  118.7597838398        0.00000000     0.00000000     0.00000000
