    -2.201442       1.343840      -0.201442
    -2.121442       1.313308      -0.201442
    -2.041442       1.282029      -0.201442
    -1.961442       1.249949      -0.201442
    -1.881442       1.217002      -0.201442
    -1.801442       1.183119      -0.201442
    -1.721442       1.148216      -0.201442
    -1.641442       1.112201      -0.201442
    -1.561442       1.074967      -0.201442
    -1.481442       1.036388      -0.201442
    -1.401442       0.996319      -0.201442
    -1.321442       0.954589      -0.201442
    -1.241442       0.910993      -0.201442
    -1.161442       0.865288      -0.201442
    -1.081442       0.817178      -0.201442
    -1.001442       0.766299      -0.201442
    -0.921442       0.712202      -0.201442
    -0.841442       0.654317      -0.201442
    -0.761442       0.591919      -0.201442
    -0.681442       0.524057      -0.201442
    -0.601442       0.449467      -0.201442
    -0.521442       0.366422      -0.201442
    -0.441442       0.272497      -0.201442
    -0.361442       0.164166      -0.201442
    -0.281442       0.036090      -0.201442
    -0.201442      -0.120237      -0.201442
    -0.121442      -0.319267      -0.201442
    -0.041442      -0.587744      -0.201442
     0.038558      -0.981368      -0.201442
     0.118558      -1.638724      -0.201442
     0.198558      -3.027298      -0.201442
     0.278558      -8.346603      -0.201442
     0.358558      19.741341      -0.201442
     0.438558       5.058602      -0.201442
     0.518558       3.012309      -0.201442
     0.598558       2.167131      -0.201442
     0.678558       1.686342      -0.201442
     0.758558       1.362631      -0.201442
     0.838558       1.119768      -0.201442
     0.918558       0.922975      -0.201442
     0.998558       0.753957      -0.201442
     1.078558       0.601998      -0.201442
     1.158558       0.460227      -0.201442
     1.238558       0.323841      -0.201442
     1.318558       0.189172      -0.201442
     1.398558       0.053136      -0.201442
     1.478558      -0.087123      -0.201442
     1.558558      -0.234521      -0.201442
     1.638558      -0.392299      -0.201442
     1.718558      -0.564333      -0.201442
     1.798558      -0.755548      -0.201442
