    -2.000000       1.442694       0.000000
    -1.920000       1.415134       0.000000
    -1.840000       1.387057       0.000000
    -1.760000       1.358435       0.000000
    -1.680000       1.329237       0.000000
    -1.600000       1.299427       0.000000
    -1.520000       1.268969       0.000000
    -1.440000       1.237822       0.000000
    -1.360000       1.205938       0.000000
    -1.280000       1.173269       0.000000
    -1.200000       1.139756       0.000000
    -1.120000       1.105338       0.000000
    -1.040000       1.069944       0.000000
    -0.960000       1.033493       0.000000
    -0.880000       0.995897       0.000000
    -0.800000       0.957052       0.000000
    -0.720000       0.916841       0.000000
    -0.640000       0.875128       0.000000
    -0.560000       0.831759       0.000000
    -0.480000       0.786550       0.000000
    -0.400000       0.739287       0.000000
    -0.320000       0.689718       0.000000
    -0.240000       0.637537       0.000000
    -0.160000       0.582381       0.000000
    -0.080000       0.523803       0.000000
     0.000000       0.461252       0.000000
     0.080000       0.394040       0.000000
     0.160000       0.321294       0.000000
     0.240000       0.241887       0.000000
     0.320000       0.154334       0.000000
     0.400000       0.056643       0.000000
     0.480000      -0.053933       0.000000
     0.560000      -0.181297       0.000000
     0.640000      -0.331191       0.000000
     0.720000      -0.512437       0.000000
     0.800000      -0.739338       0.000000
     0.880000      -1.036751       0.000000
     0.960000      -1.452065       0.000000
     1.040000      -2.088302       0.000000
     1.120000      -3.219920       0.000000
     1.200000      -5.904069       0.000000
     1.280000     -21.711967       0.000000
     1.360000      15.203493       0.000000
     1.440000       5.849610       0.000000
     1.520000       3.656107       0.000000
     1.600000       2.650614       0.000000
     1.680000       2.056415       0.000000
     1.760000       1.651618       0.000000
     1.840000       1.348693       0.000000
     1.920000       1.106019       0.000000
     2.000000       0.901158       0.000000
