    -2.054847       1.351398      -0.054847
    -1.974847       1.321570      -0.054847
    -1.894847       1.291074      -0.054847
    -1.814847       1.259866      -0.054847
    -1.734847       1.227896      -0.054847
    -1.654847       1.195110      -0.054847
    -1.574847       1.161444      -0.054847
    -1.494847       1.126830      -0.054847
    -1.414847       1.091189      -0.054847
    -1.334847       1.054432      -0.054847
    -1.254847       1.016457      -0.054847
    -1.174847       0.977147      -0.054847
    -1.094847       0.936367      -0.054847
    -1.014847       0.893960      -0.054847
    -0.934847       0.849740      -0.054847
    -0.854847       0.803491      -0.054847
    -0.774847       0.754952      -0.054847
    -0.694847       0.703811      -0.054847
    -0.614847       0.649685      -0.054847
    -0.534847       0.592106      -0.054847
    -0.454847       0.530489      -0.054847
    -0.374847       0.464089      -0.054847
    -0.294847       0.391952      -0.054847
    -0.214847       0.312822      -0.054847
    -0.134847       0.225013      -0.054847
    -0.054847       0.126204      -0.054847
     0.025153       0.013107      -0.054847
     0.105153      -0.119114      -0.054847
     0.185153      -0.277878      -0.054847
     0.265153      -0.475202      -0.054847
     0.345153      -0.731941      -0.054847
     0.425153      -1.087803      -0.054847
     0.505153      -1.628982      -0.054847
     0.585153      -2.584565      -0.054847
     0.665153      -4.833094      -0.054847
     0.745153     -17.816423      -0.054847
     0.825153      13.069849      -0.054847
     0.905153       5.032658      -0.054847
     0.985153       3.160080      -0.054847
     1.065153       2.298094      -0.054847
     1.145153       1.784286      -0.054847
     1.225153       1.430042      -0.054847
     1.305153       1.161008      -0.054847
     1.385153       0.941778      -0.054847
     1.465153       0.753174      -0.054847
     1.545153       0.583725      -0.054847
     1.625153       0.425971      -0.054847
     1.705153       0.274645      -0.054847
     1.785153       0.125715      -0.054847
     1.865153      -0.024200      -0.054847
     1.945153      -0.178202      -0.054847
