  0.2500    -1.051022  0.000000
  0.5000    -1.194049  0.000000
  0.7500    -1.396928  0.000000
  1.0000    -1.603941  0.000000
  1.2500    -1.743735  0.000000
  1.5000    -1.749391  0.000000
  1.7500    -1.582883  0.000000
  2.0000    -1.251067  0.000000
  2.2500    -0.805079  0.000000
  2.5000    -0.324531  0.000000
  2.7500     0.105526  0.000000
  3.0000     0.416596  0.000000
  3.2500     0.572398  0.000000
  3.5000     0.575382  0.000000
  3.7500     0.462680  0.000000
  4.0000     0.292356  0.000000
  4.2500     0.124316  0.000000
  4.5000     0.002804  0.000000
  4.7500    -0.053435  0.000000
  5.0000    -0.051081  0.000000
  5.2500    -0.014129  0.000000
  5.5000     0.028091  0.000000
  5.7500     0.052356  0.000000
  6.0000     0.048881  0.000000
  6.2500     0.022493  0.000000
  6.5000    -0.012152  0.000000
  6.7500    -0.038604  0.000000
  7.0000    -0.045974  0.000000
  7.2500    -0.032540  0.000000
  7.5000    -0.004958  0.000000
  7.7500     0.025499  0.000000
  8.0000     0.047636  0.000000
  8.2500     0.054294  0.000000
  8.5000     0.044528  0.000000
  8.7500     0.023375  0.000000
  9.0000    -0.000717  0.000000
  9.2500    -0.019640  0.000000
  9.5000    -0.028723  0.000000
  9.7500    -0.027772  0.000000
 10.0000    -0.020003  0.000000
 10.2500    -0.009969  0.000000
 10.5000    -0.001682  0.000000
 10.7500     0.002545  0.000000
 11.0000     0.002517  0.000000
 11.2500    -0.000119  0.000000
 11.5000    -0.002858  0.000000
 11.7500    -0.003741  0.000000
 12.0000    -0.002388  0.000000
 12.2500     0.000004  0.000000
 12.5000     0.001650  0.000000
 12.7500     0.001364  0.000000
 13.0000    -0.000889  0.000000
 13.2500    -0.004197  0.000000
 13.5000    -0.007261  0.000000
 13.7500    -0.008864  0.000000
 14.0000    -0.008230  0.000000
 14.2500    -0.005371  0.000000
 14.5000    -0.001257  0.000000
 14.7500     0.002492  0.000000
 15.0000     0.004411  0.000000
 15.2500     0.003985  0.000000
 15.5000     0.001837  0.000000
 15.7500    -0.000800  0.000000
 16.0000    -0.002818  0.000000
 16.2500    -0.003646  0.000000
 16.5000    -0.003231  0.000000
 16.7500    -0.001887  0.000000
 17.0000    -0.000204  0.000000
 17.2500     0.001073  0.000000
 17.5000     0.001379  0.000000
 17.7500     0.000697  0.000000
 18.0000    -0.000389  0.000000
 18.2500    -0.001104  0.000000
 18.5000    -0.001050  0.000000
 18.7500    -0.000405  0.000000
 19.0000     0.000339  0.000000
 19.2500     0.000791  0.000000
 19.5000     0.000833  0.000000
 19.7500     0.000510  0.000000
 20.0000    -0.000083  0.000000
 20.2500    -0.000753  0.000000
 20.5000    -0.001168  0.000000
 20.7500    -0.001015  0.000000
 21.0000    -0.000292  0.000000
 21.2500     0.000592  0.000000
 21.5000     0.001097  0.000000
 21.7500     0.000965  0.000000
 22.0000     0.000384  0.000000
 22.2500    -0.000243  0.000000
 22.5000    -0.000629  0.000000
 22.7500    -0.000716  0.000000
 23.0000    -0.000555  0.000000
 23.2500    -0.000182  0.000000
 23.5000     0.000314  0.000000
