  0.2500    -0.888842  0.000000
  0.5000    -0.579069  0.000000
  0.7500    -0.133764  0.000000
  1.0000     0.363377  0.000000
  1.2500     0.826644  0.000000
  1.5000     1.180012  0.000000
  1.7500     1.363888  0.000000
  2.0000     1.342739  0.000000
  2.2500     1.115207  0.000000
  2.5000     0.721311  0.000000
  2.7500     0.239250  0.000000
  3.0000    -0.230889  0.000000
  3.2500    -0.592041  0.000000
  3.5000    -0.775307  0.000000
  3.7500    -0.757514  0.000000
  4.0000    -0.566362  0.000000
  4.2500    -0.271540  0.000000
  4.5000     0.036288  0.000000
  4.7500     0.272696  0.000000
  5.0000     0.383985  0.000000
  5.2500     0.360437  0.000000
  5.5000     0.234246  0.000000
  5.7500     0.064057  0.000000
  6.0000    -0.087280  0.000000
  6.2500    -0.173683  0.000000
  6.5000    -0.178771  0.000000
  6.7500    -0.117110  0.000000
  7.0000    -0.024289  0.000000
  7.2500     0.059512  0.000000
  7.5000     0.105364  0.000000
  7.7500     0.104508  0.000000
  8.0000     0.067781  0.000000
  8.2500     0.017478  0.000000
  8.5000    -0.023651  0.000000
  8.7500    -0.041469  0.000000
  9.0000    -0.034542  0.000000
  9.2500    -0.012501  0.000000
  9.5000     0.009979  0.000000
  9.7500     0.020652  0.000000
 10.0000     0.015170  0.000000
 10.2500    -0.001912  0.000000
 10.5000    -0.020614  0.000000
 10.7500    -0.031181  0.000000
 11.0000    -0.028757  0.000000
 11.2500    -0.015020  0.000000
 11.5000     0.003349  0.000000
 11.7500     0.018112  0.000000
 12.0000     0.023156  0.000000
 12.2500     0.017007  0.000000
 12.5000     0.003238  0.000000
 12.7500    -0.011436  0.000000
 13.0000    -0.020497  0.000000
 13.2500    -0.020707  0.000000
 13.5000    -0.013280  0.000000
 13.7500    -0.002685  0.000000
 14.0000     0.005964  0.000000
 14.2500     0.009323  0.000000
 14.5000     0.006945  0.000000
 14.7500     0.000965  0.000000
 15.0000    -0.005168  0.000000
 15.2500    -0.008318  0.000000
 15.5000    -0.007076  0.000000
 15.7500    -0.002389  0.000000
 16.0000     0.003001  0.000000
 16.2500     0.006127  0.000000
 16.5000     0.005460  0.000000
 16.7500     0.001647  0.000000
 17.0000    -0.003078  0.000000
 17.2500    -0.006277  0.000000
 17.5000    -0.006529  0.000000
 17.7500    -0.003907  0.000000
 18.0000     0.000264  0.000000
 18.2500     0.004063  0.000000
 18.5000     0.005770  0.000000
 18.7500     0.004631  0.000000
 19.0000     0.001287  0.000000
 19.2500    -0.002494  0.000000
 19.5000    -0.004767  0.000000
 19.7500    -0.004506  0.000000
 20.0000    -0.002114  0.000000
 20.2500     0.000971  0.000000
 20.5000     0.003198  0.000000
 20.7500     0.003671  0.000000
 21.0000     0.002401  0.000000
 21.2500     0.000114  0.000000
 21.5000    -0.002098  0.000000
 21.7500    -0.003195  0.000000
 22.0000    -0.002637  0.000000
 22.2500    -0.000718  0.000000
 22.5000     0.001506  0.000000
 22.7500     0.002808  0.000000
 23.0000     0.002536  0.000000
 23.2500     0.000982  0.000000
 23.5000    -0.000899  0.000000
