  0.0000      0.89747    -173107.9318    
  0.0101      0.89749    -197.9674119    
  0.0201      0.89753    -99.70477960    
  0.0300      0.89759    -66.58750189    
  0.0401      0.89768    -49.85626011    
  0.0503      0.89778    -39.76602506    
  0.0607      0.89790    -32.94195822    
  0.0706      0.89802    -28.33875521    
  0.0800      0.89814    -24.99948437    
  0.0907      0.89827    -22.05466806    
  0.1002      0.89837    -19.95117103    
  0.1108      0.89845    -18.04870516    
  0.1210      0.89850    -16.53374736    
  0.1304      0.89851    -15.33701199    
  0.1406      0.89847    -14.22703657    
  0.1515      0.89836    -13.19751191    
  0.1613      0.89819    -12.39679824    
  0.1718      0.89793    -11.64472877    
  0.1806      0.89763    -11.07609991    
  0.1922      0.89713    -10.40424628    
  0.2021      0.89660    -9.896259418    
  0.2125      0.89593    -9.413101267    
  0.2206      0.89532    -9.066292689    
  0.2319      0.89434    -8.623694750    
  0.2408      0.89346    -8.305997607    
  0.2531      0.89206    -7.900548730    
  0.2628      0.89083    -7.609515125    
  0.2729      0.88943    -7.329211210    
  0.2833      0.88783    -7.059240768    
  0.2905      0.88664    -6.884812290    
  0.3016      0.88468    -6.631223439    
  0.3131      0.88247    -6.386981764    
  0.3211      0.88086    -6.229175944    
  0.3333      0.87821    -5.999752512    
  0.3418      0.87629    -5.851520431    
  0.3504      0.87423    -5.706952979    
  0.3638      0.87089    -5.496775163    
  0.3731      0.86849    -5.360977325    
  0.3825      0.86594    -5.228536348    
  0.3922      0.86324    -5.099369156    
  0.4021      0.86040    -4.973394732    
  0.4123      0.85740    -4.850534070    
  0.4228      0.85425    -4.730710124    
  0.4335      0.85095    -4.613847756    
  0.4445      0.84750    -4.499873693    
  0.4501      0.84571    -4.443947376    
  0.4614      0.84203    -4.334172343    
  0.4731      0.83820    -4.227110281    
  0.4851      0.83421    -4.122694077    
  0.4912      0.83216    -4.071457655    
  0.5037      0.82795    -3.970888033    
  0.5100      0.82579    -3.921539074    
  0.5229      0.82134    -3.824674206    
  0.5362      0.81675    -3.730202975    
  0.5429      0.81439    -3.683846417    
  0.5567      0.80955    -3.592855105    
  0.5637      0.80707    -3.548206100    
  0.5708      0.80454    -3.504112174    
  0.5852      0.79935    -3.417562022    
  0.5926      0.79669    -3.375092241    
  0.6000      0.79397    -3.333150426    
  0.6152      0.78838    -3.250824507    
  0.6230      0.78550    -3.210427509    
  0.6308      0.78256    -3.170532691    
  0.6468      0.77649    -3.092224687    
  0.6549      0.77334    -3.053799239    
  0.6632      0.77012    -3.015851445    
  0.6715      0.76682    -2.978375365    
  0.6885      0.75996    -2.904814948    
  0.6972      0.75638    -2.868719094    
  0.7059      0.75270    -2.833071918    
  0.7148      0.74892    -2.797867839    
  0.7238      0.74501    -2.763101346    
  0.7329      0.74098    -2.728766997    
  0.7422      0.73681    -2.694859417    
  0.7515      0.73251    -2.661373297    
  0.7609      0.72805    -2.628303397    
  0.7705      0.72344    -2.595644540    
  0.7802      0.71865    -2.563391613    
  0.7900      0.71369    -2.531539568    
  0.8100      0.70317    -2.469018246    
  0.8202      0.69760    -2.438339183    
  0.8306      0.69181    -2.408041429    
  0.8410      0.68577    -2.378120243    
  0.8516      0.67949    -2.348570941    
  0.8623      0.67294    -2.319388901    
  0.8731      0.66612    -2.290569553    
  0.8841      0.65901    -2.262108389    
  0.8953      0.65158    -2.234000954    
  0.9065      0.64384    -2.206242850    
  0.9179      0.63577    -2.178829734    
  0.9295      0.62734    -2.151757314    
  0.9412      0.61855    -2.125021356    
  0.9530      0.60938    -2.098617675    
  0.9650      0.59982    -2.072542140    
  0.9771      0.58984    -2.046790670    
  0.9894      0.57943    -2.021359238    
  1.0019      0.56858    -1.996243862    
  1.0145      0.55726    -1.971440615    
  1.0273      0.54547    -1.946945614    
  1.0402      0.53319    -1.922755028    
  1.0533      0.52040    -1.898865071    
  1.0665      0.50709    -1.875272006    
  1.0799      0.49323    -1.851972143    
  1.0935      0.47883    -1.828961834    
  1.1073      0.46385    -1.806237482    
  1.1212      0.44830    -1.783795530    
  1.1353      0.43215    -1.761632468    
  1.1496      0.41538    -1.739744828    
  1.1641      0.39800    -1.718129188    
  1.1787      0.37999    -1.696782164    
  1.1935      0.36134    -1.675700418    
  1.2085      0.34203    -1.654880651    
  1.2238      0.32206    -1.634319608    
  1.2391      0.30143    -1.614014072    
  1.2547      0.28013    -1.593960867    
  1.2705      0.25814    -1.574156855    
  1.2865      0.23548    -1.554598939    
  1.3027      0.21213    -1.535284061    
  1.3191      0.18810    -1.516209198    
  1.3357      0.16339    -1.497371367    
  1.3525      0.13799    -1.478767622    
  1.3695      0.11192    -1.460395053    
  1.3867      0.08518    -1.442250786    
  1.4042      0.05777    -1.424331984    
  1.4218      0.02971    -1.406635844    
  1.4397      0.00100    -1.389159598    
  1.4578     -0.02835    -1.371900513    
  1.4762     -0.05832    -1.354855890    
  1.4947     -0.08890    -1.338023062    
  1.5135     -0.12007    -1.321399398    
  1.5326     -0.15181    -1.304982298    
  1.5519     -0.18411    -1.288769193    
  1.5714     -0.21693    -1.272757549    
  1.5912     -0.25024    -1.256944862    
  1.6112     -0.28402    -1.241328659    
  1.6314     -0.31822    -1.225906496    
  1.6520     -0.35279    -1.210675964    
  1.6728     -0.38767    -1.195634680    
  1.6938     -0.42278    -1.180780291    
  1.7151     -0.45806    -1.166110476    
  1.7367     -0.49339    -1.151622939    
  1.7585     -0.52866    -1.137315416    
  1.7806     -0.56373    -1.123185669    
  1.8031     -0.59845    -1.109231489    
  1.8257     -0.63266    -1.095450693    
  1.8487     -0.66616    -1.081841128    
  1.8720     -0.69874    -1.068400664    
  1.8955     -0.73020    -1.055127200    
  1.9194     -0.76032    -1.042018660    
  1.9435     -0.78887    -1.029072996    
  1.9679     -0.81565    -1.016288182    
  1.9927     -0.84044    -1.003662220    
  2.0178     -0.86306   -0.9911931350    
  2.0432     -0.88333   -0.9788789782    
  2.0689     -0.90112   -0.9667178238    
  2.0949     -0.91631   -0.9547077703    
  2.1212     -0.92878   -0.9428469401    
  2.1479     -0.93849   -0.9311334786    
  2.1749     -0.94539   -0.9195655543    
  2.2023     -0.94945   -0.9081413587    
  2.2300     -0.95069   -0.8968591056    
  2.2581     -0.94915   -0.8857170311    
  2.2865     -0.94488   -0.8747133931    
  2.3152     -0.93800   -0.8638464712    
  2.3444     -0.92864   -0.8531145665    
  2.3738     -0.91698   -0.8425160012    
  2.4037     -0.90323   -0.8320491182    
  2.4339     -0.88765   -0.8217122811    
  2.4646     -0.87053   -0.8115038739    
  2.4956     -0.85222   -0.8014223007    
  2.5270     -0.83306   -0.7914659852    
  2.5587     -0.81345   -0.7816333710    
  2.5909     -0.79377   -0.7719229208    
  2.6235     -0.77442   -0.7623331167    
  2.6565     -0.75581   -0.7528624593    
  2.6899     -0.73828   -0.7435094682    
  2.7238     -0.72218   -0.7342726811    
  2.7580     -0.70775   -0.7251506542    
  2.7927     -0.69517   -0.7161419612    
  2.8279     -0.68448   -0.7072451940    
  2.8634     -0.67557   -0.6984589617    
  2.8995     -0.66810   -0.6897818909    
  2.9359     -0.66146   -0.6812126249    
  2.9729     -0.65491   -0.6727498244    
  3.0103     -0.64827   -0.6643921663    
  3.0481     -0.64154   -0.6561383441    
  3.0865     -0.63473   -0.6479870676    
  3.1253     -0.62786   -0.6399370626    
  3.1646     -0.62095   -0.6319870707    
  3.2044     -0.61401   -0.6241358491    
  3.2447     -0.60708   -0.6163821706    
  3.2856     -0.60015   -0.6087248232    
  3.3269     -0.59325   -0.6011626098    
  3.3687     -0.58638   -0.5936943484    
  3.4111     -0.57956   -0.5863188716    
  3.4540     -0.57279   -0.5790350264    
  3.4975     -0.56608   -0.5718416744    
  3.5415     -0.55942   -0.5647376910    
  3.5860     -0.55283   -0.5577219659    
  3.6311     -0.54630   -0.5507934024    
  3.6768     -0.53983   -0.5439509176    
  3.7231     -0.53343   -0.5371934418    
  3.7699     -0.52709   -0.5305199188    
  3.8173     -0.52082   -0.5239293055    
  3.8653     -0.51461   -0.5174205717    
  3.9140     -0.50846   -0.5109927001    
  3.9632     -0.50237   -0.5046446859    
  4.0130     -0.49635   -0.4983755369    
  4.0635     -0.49038   -0.4921842732    
  4.1146     -0.48448   -0.4860699272    
  4.1664     -0.47863   -0.4800315430    
  4.2188     -0.47284   -0.4740681769    
  4.2719     -0.46711   -0.4681788968    
  4.3256     -0.46144   -0.4623627821    
  4.3800     -0.45583   -0.4566189239    
  4.4351     -0.45027   -0.4509464244    
  4.4909     -0.44477   -0.4453443968    
  4.5474     -0.43933   -0.4398119657    
  4.6046     -0.43395   -0.4343482664    
  4.6625     -0.42862   -0.4289524448    
  4.7212     -0.42335   -0.4236236576    
  4.7806     -0.41814   -0.4183610720    
  4.8407     -0.41303   -0.4131638653    
  4.9016     -0.40796   -0.4080312254    
  4.9632     -0.40292   -0.4029623500    
  5.0257     -0.39793   -0.3979564469    
  5.0889     -0.39300   -0.3930127336    
  5.1529     -0.38812   -0.3881304375    
  5.2177     -0.38331   -0.3833087955    
  5.2834     -0.37855   -0.3785470541    
  5.3498     -0.37384   -0.3738444690    
  5.4171     -0.36920   -0.3692003053    
  5.4853     -0.36461   -0.3646138370    
  5.5543     -0.36008   -0.3600843474    
  5.6241     -0.35561   -0.3556111286    
  5.6949     -0.35119   -0.3511934814    
  5.7665     -0.34683   -0.3468307155    
  5.8390     -0.34252   -0.3425221488    
  5.9125     -0.33827   -0.3382671082    
  5.9869     -0.33406   -0.3340649285    
  6.0622     -0.32991   -0.3299149531    
  6.1384     -0.32582   -0.3258165333    
  6.2156     -0.32177   -0.3217690286    
  6.2938     -0.31777   -0.3177718064    
  6.3730     -0.31382   -0.3138242420    
  6.4532     -0.30993   -0.3099257186    
  6.5343     -0.30608   -0.3060756267    
  6.6165     -0.30227   -0.3022733647    
  6.6998     -0.29852   -0.2985183384    
  6.7840     -0.29481   -0.2948099608    
  6.8694     -0.29115   -0.2911476526    
  6.9558     -0.28753   -0.2875308412    
  7.0433     -0.28396   -0.2839589614    
  7.1319     -0.28043   -0.2804314551    
  7.2216     -0.27695   -0.2769477709    
  7.3124     -0.27351   -0.2735073644    
  7.4044     -0.27011   -0.2701096980    
  7.4975     -0.26675   -0.2667542406    
  7.5918     -0.26344   -0.2634404678    
  7.6873     -0.26017   -0.2601678618    
  7.7840     -0.25694   -0.2569359112    
  7.8820     -0.25374   -0.2537441108    
  7.9811     -0.25059   -0.2505919618    
  8.0815     -0.24748   -0.2474789717    
  8.1832     -0.24440   -0.2444046539    
  8.2861     -0.24137   -0.2413685279    
  8.3903     -0.23837   -0.2383701194    
  8.4959     -0.23541   -0.2354089597    
  8.6027     -0.23248   -0.2324845860    
  8.7109     -0.22960   -0.2295965414    
  8.8205     -0.22674   -0.2267443745    
  8.9315     -0.22393   -0.2239276396    
  9.0438     -0.22115   -0.2211458965    
  9.1576     -0.21840   -0.2183987104    
  9.2728     -0.21569   -0.2156856521    
  9.3894     -0.21301   -0.2130062976    
  9.5075     -0.21036   -0.2103602282    
  9.6271     -0.20775   -0.2077470303    
  9.7482     -0.20517   -0.2051662956    
  9.8708     -0.20262   -0.2026176207    
  9.9950     -0.20010   -0.2001006075    
 10.1207     -0.19761   -0.1976148625    
 10.2480     -0.19516   -0.1951599973    
 10.3769     -0.19274   -0.1927356282    
 10.5074     -0.19034   -0.1903413764    
 10.6396     -0.18798   -0.1879768678    
 10.7734     -0.18564   -0.1856417328    
 10.9090     -0.18334   -0.1833356065    
 11.0462     -0.18106   -0.1810581286    
 11.1851     -0.17881   -0.1788089431    
 11.3258     -0.17659   -0.1765876985    
 11.4683     -0.17439   -0.1743940478    
 11.6125     -0.17223   -0.1722276481    
 11.7586     -0.17009   -0.1700881609    
 11.9065     -0.16798   -0.1679752518    
 12.0563     -0.16589   -0.1658885907    
 12.2079     -0.16383   -0.1638278515    
 12.3615     -0.16179   -0.1617927122    
 12.5170     -0.15978   -0.1597828546    
 12.6744     -0.15780   -0.1577979649    
 12.8339     -0.15584   -0.1558377326    
 12.9953     -0.15390   -0.1539018517    
 13.1588     -0.15199   -0.1519900194    
 13.3243     -0.15010   -0.1501019371    
 13.4919     -0.14824   -0.1482373098    
 13.6616     -0.14640   -0.1463958460    
 13.8334     -0.14458   -0.1445772580    
 14.0074     -0.14278   -0.1427812615    
 14.1836     -0.14101   -0.1410075760    
 14.3620     -0.13926   -0.1392559243    
 14.5427     -0.13753   -0.1375260326    
 14.7256     -0.13582   -0.1358176307    
 14.9109     -0.13413   -0.1341304515    
 15.0984     -0.13246   -0.1324642314    
 15.2883     -0.13082   -0.1308187100    
 15.4806     -0.12919   -0.1291936302    
 15.6754     -0.12759   -0.1275887381    
 15.8725     -0.12600   -0.1260037829    
 16.0722     -0.12444   -0.1244385168    
 16.2744     -0.12289   -0.1228926953    
 16.4791     -0.12137   -0.1213660768    
 16.6864     -0.11986   -0.1198584229    
 16.8962     -0.11837   -0.1183694978    
 17.1088     -0.11690   -0.1168990689    
 17.3240     -0.11545   -0.1154469064    
 17.5419     -0.11401   -0.1140127835    
 17.7625     -0.11260   -0.1125964760    
 17.9860     -0.11120   -0.1111977626    
 18.2122     -0.10982   -0.1098164247    
 18.4413     -0.10845   -0.1084522465    
 18.6733     -0.10711   -0.1071050148    
 18.9081     -0.10577   -0.1057745191    
 19.1460     -0.10446   -0.1044605514    
 19.3868     -0.10316   -0.1031629065    
 19.6307     -0.10188   -0.1018813816    
 19.8776     -0.10062   -0.1006157764    
 20.1276     -0.09937   -0.9936589319E-01
 20.3808     -0.09813   -0.9813153659E-01
 20.6372     -0.09691   -0.9691251375E-01
 20.8968     -0.09571   -0.9570863419E-01
 21.1596     -0.09452   -0.9451970978E-01
 21.4258     -0.09335   -0.9334555474E-01
 21.6953     -0.09219   -0.9218598559E-01
 21.9682     -0.09104   -0.9104082114E-01
 22.2445     -0.08991   -0.8990988244E-01
 22.5243     -0.08879   -0.8879299277E-01
 22.8076     -0.08769   -0.8768997760E-01
 23.0945     -0.08660   -0.8660066458E-01
 23.3850     -0.08552   -0.8552488348E-01
 23.6792     -0.08446   -0.8446246620E-01
 23.9770     -0.08341   -0.8341324674E-01
 24.2786     -0.08238   -0.8237706113E-01
 24.5840     -0.08135   -0.8135374746E-01
 24.8932     -0.08034   -0.8034314583E-01
 25.2063     -0.07935   -0.7934509832E-01
 25.5234     -0.07836   -0.7835944898E-01
 25.8445     -0.07739   -0.7738604378E-01
 26.1695     -0.07642   -0.7642473063E-01
 26.4987     -0.07548   -0.7547535930E-01
