  0.2500    -0.924506  0.000000
  0.5000    -0.727978  0.000000
  0.7500    -0.485486  0.000000
  1.0000    -0.281783  0.000000
  1.2500    -0.175368  0.000000
  1.5000    -0.179230  0.000000
  1.7500    -0.263035  0.000000
  2.0000    -0.370350  0.000000
  2.2500    -0.441097  0.000000
  2.5000    -0.431933  0.000000
  2.7500    -0.329976  0.000000
  3.0000    -0.156395  0.000000
  3.2500     0.041976  0.000000
  3.5000     0.210583  0.000000
  3.7500     0.307386  0.000000
  4.0000     0.316741  0.000000
  4.2500     0.251797  0.000000
  4.5000     0.146128  0.000000
  4.7500     0.039522  0.000000
  5.0000    -0.036126  0.000000
  5.2500    -0.066126  0.000000
  5.5000    -0.054977  0.000000
  5.7500    -0.021041  0.000000
  6.0000     0.013330  0.000000
  6.2500     0.031609  0.000000
  6.5000     0.028651  0.000000
  6.7500     0.010363  0.000000
  7.0000    -0.011108  0.000000
  7.2500    -0.023733  0.000000
  7.5000    -0.020773  0.000000
  7.7500    -0.003205  0.000000
  8.0000     0.021160  0.000000
  8.2500     0.041401  0.000000
  8.5000     0.048528  0.000000
  8.7500     0.039469  0.000000
  9.0000     0.018066  0.000000
  9.2500    -0.007216  0.000000
  9.5000    -0.027342  0.000000
  9.7500    -0.036321  0.000000
 10.0000    -0.032974  0.000000
 10.2500    -0.020644  0.000000
 10.5000    -0.005397  0.000000
 10.7500     0.006541  0.000000
 11.0000     0.011263  0.000000
 11.2500     0.008594  0.000000
 11.5000     0.001692  0.000000
 11.7500    -0.004975  0.000000
 12.0000    -0.008082  0.000000
 12.2500    -0.006876  0.000000
 12.5000    -0.002977  0.000000
 12.7500     0.000939  0.000000
 13.0000     0.002603  0.000000
 13.2500     0.001081  0.000000
 13.5000    -0.002942  0.000000
 13.7500    -0.007483  0.000000
 14.0000    -0.010138  0.000000
 14.2500    -0.009294  0.000000
 14.5000    -0.005082  0.000000
 14.7500     0.000611  0.000000
 15.0000     0.005193  0.000000
 15.2500     0.006786  0.000000
 15.5000     0.005095  0.000000
 15.7500     0.001282  0.000000
 16.0000    -0.002818  0.000000
 16.2500    -0.005534  0.000000
 16.5000    -0.005912  0.000000
 16.7500    -0.003976  0.000000
 17.0000    -0.000731  0.000000
 17.2500     0.002231  0.000000
 17.5000     0.003508  0.000000
 17.7500     0.002669  0.000000
 18.0000     0.000470  0.000000
 18.2500    -0.001690  0.000000
 18.5000    -0.002674  0.000000
 18.7500    -0.002183  0.000000
 19.0000    -0.000705  0.000000
 19.2500     0.000939  0.000000
 19.5000     0.002008  0.000000
 19.7500     0.002053  0.000000
 20.0000     0.001038  0.000000
 20.2500    -0.000577  0.000000
 20.5000    -0.001955  0.000000
 20.7500    -0.002304  0.000000
 21.0000    -0.001410  0.000000
 21.2500     0.000188  0.000000
 21.5000     0.001556  0.000000
 21.7500     0.002001  0.000000
 22.0000     0.001442  0.000000
 22.2500     0.000311  0.000000
 22.5000    -0.000820  0.000000
 22.7500    -0.001508  0.000000
 23.0000    -0.001514  0.000000
 23.2500    -0.000821  0.000000
 23.5000     0.000293  0.000000
