  0.0000     0.00000000    2.9359
  0.0101     0.00000603    2.9359
  0.0201     0.00002378    2.9359
  0.0300     0.00005331    2.9359
  0.0401     0.00009509    2.9359
  0.0503     0.00014946    2.9359
  0.0607     0.00021777    2.9359
  0.0706     0.00029422    2.9359
  0.0800     0.00037803    2.9359
  0.0907     0.00048564    2.9359
  0.1002     0.00059334    2.9359
  0.1108     0.00072487    2.9359
  0.1210     0.00086361    2.9359
  0.1304     0.00100342    2.9359
  0.1406     0.00116581    2.9359
  0.1515     0.00135439    2.9359
  0.1613     0.00153458    2.9359
  0.1718     0.00173865    2.9359
  0.1806     0.00192120    2.9359
  0.1922     0.00217648    2.9359
  0.2021     0.00240480    2.9359
  0.2125     0.00265696    2.9359
  0.2206     0.00286320    2.9359
  0.2319     0.00316317    2.9359
  0.2408     0.00340847    2.9359
  0.2531     0.00376519    2.9359
  0.2628     0.00405685    2.9359
  0.2729     0.00437095    2.9359
  0.2833     0.00470917    2.9359
  0.2905     0.00494895    2.9359
  0.3016     0.00533149    2.9359
  0.3131     0.00574333    2.9359
  0.3211     0.00603525    2.9359
  0.3333     0.00650087    2.9359
  0.3418     0.00683085    2.9359
  0.3504     0.00717738    2.9359
  0.3638     0.00773000    2.9359
  0.3731     0.00812154    2.9359
  0.3825     0.00853263    2.9359
  0.3922     0.00896423    2.9359
  0.4021     0.00941732    2.9359
  0.4123     0.00989294    2.9359
  0.4228     0.01039217    2.9359
  0.4335     0.01091614    2.9359
  0.4445     0.01146603    2.9359
  0.4501     0.01175108    2.9359
  0.4614     0.01234217    2.9359
  0.4731     0.01296236    2.9359
  0.4851     0.01361301    2.9359
  0.4912     0.01395020    2.9359
  0.5037     0.01464924    2.9359
  0.5100     0.01501146    2.9359
  0.5229     0.01576228    2.9359
  0.5362     0.01654962    2.9359
  0.5429     0.01695750    2.9359
  0.5567     0.01780276    2.9359
  0.5637     0.01824059    2.9359
  0.5708     0.01868884    2.9359
  0.5852     0.01961757    2.9359
  0.5926     0.02009852    2.9359
  0.6000     0.02059085    2.9359
  0.6152     0.02161065    2.9359
  0.6230     0.02213864    2.9359
  0.6308     0.02267903    2.9359
  0.6468     0.02379809    2.9359
  0.6549     0.02437731    2.9359
  0.6632     0.02497003    2.9359
  0.6715     0.02557653    2.9359
  0.6885     0.02683204    2.9359
  0.6972     0.02748165    2.9359
  0.7059     0.02814622    2.9359
  0.7148     0.02882607    2.9359
  0.7238     0.02952150    2.9359
  0.7329     0.03023284    2.9359
  0.7422     0.03096040    2.9359
  0.7515     0.03170452    2.9359
  0.7609     0.03246552    2.9359
  0.7705     0.03324373    2.9359
  0.7802     0.03403950    2.9359
  0.7900     0.03485317    2.9359
  0.8100     0.03653559    2.9359
  0.8202     0.03740506    2.9359
  0.8306     0.03829384    2.9359
  0.8410     0.03920229    2.9359
  0.8516     0.04013080    2.9359
  0.8623     0.04107971    2.9359
  0.8731     0.04204943    2.9359
  0.8841     0.04304031    2.9359
  0.8953     0.04405276    2.9359
  0.9065     0.04508714    2.9359
  0.9179     0.04614386    2.9359
  0.9295     0.04722331    2.9359
  0.9412     0.04832588    2.9359
  0.9530     0.04945197    2.9359
  0.9650     0.05060199    2.9359
  0.9771     0.05177635    2.9359
  0.9894     0.05297545    2.9359
  1.0019     0.05419970    2.9359
  1.0145     0.05544953    2.9359
  1.0273     0.05672534    2.9359
  1.0402     0.05802757    2.9359
  1.0533     0.05935663    2.9359
  1.0665     0.06071294    2.9359
  1.0799     0.06209695    2.9359
  1.0935     0.06350907    2.9359
  1.1073     0.06494975    2.9359
  1.1212     0.06641941    2.9359
  1.1353     0.06791850    2.9359
  1.1496     0.06944746    2.9359
  1.1641     0.07100674    2.9359
  1.1787     0.07259678    2.9359
  1.1935     0.07421803    2.9359
  1.2085     0.07587094    2.9359
  1.2238     0.07755598    2.9359
  1.2391     0.07927360    2.9359
  1.2547     0.08102427    2.9359
  1.2705     0.08280846    2.9359
  1.2865     0.08462663    2.9359
  1.3027     0.08647928    2.9359
  1.3191     0.08836687    2.9359
  1.3357     0.09028990    2.9359
  1.3525     0.09224886    2.9359
  1.3695     0.09424426    2.9359
  1.3867     0.09627660    2.9359
  1.4042     0.09834639    2.9359
  1.4218     0.10045416    2.9359
  1.4397     0.10260044    2.9359
  1.4578     0.10478577    2.9359
  1.4762     0.10701069    2.9359
  1.4947     0.10927577    2.9359
  1.5135     0.11158157    2.9359
  1.5326     0.11392867    2.9359
  1.5519     0.11631766    2.9359
  1.5714     0.11874914    2.9359
  1.5912     0.12122372    2.9359
  1.6112     0.12374201    2.9359
  1.6314     0.12630465    2.9359
  1.6520     0.12891228    2.9359
  1.6728     0.13156553    2.9359
  1.6938     0.13426506    2.9359
  1.7151     0.13701154    2.9359
  1.7367     0.13980561    2.9359
  1.7585     0.14264794    2.9359
  1.7806     0.14553919    2.9359
  1.8031     0.14848000    2.9359
  1.8257     0.15147102    2.9359
  1.8487     0.15451286    2.9359
  1.8720     0.15760613    2.9359
  1.8955     0.16075139    2.9359
  1.9194     0.16394918    2.9359
  1.9435     0.16719998    2.9359
  1.9679     0.17050422    2.9359
  1.9927     0.17386226    2.9359
  2.0178     0.17727438    2.9359
  2.0432     0.18074077    2.9359
  2.0689     0.18426151    2.9359
  2.0949     0.18783655    2.9359
  2.1212     0.19146572    2.9359
  2.1479     0.19514866    2.9359
  2.1749     0.19888486    2.9359
  2.2023     0.20267362    2.9359
  2.2300     0.20651399    2.9359
  2.2581     0.21040483    2.9359
  2.2865     0.21434473    2.9359
  2.3152     0.21833200    2.9359
  2.3444     0.22236469    2.9359
  2.3738     0.22644054    2.9359
  2.4037     0.23055699    2.9359
  2.4339     0.23471117    2.9359
  2.4646     0.23889990    2.9359
  2.4956     0.24311968    2.9359
  2.5270     0.24736674    2.9359
  2.5587     0.25163704    2.9359
  2.5909     0.25592627    2.9359
  2.6235     0.26022995    2.9359
  2.6565     0.26454343    2.9359
  2.6899     0.26886197    2.9359
  2.7238     0.27318079    2.9359
  2.7580     0.27749515    2.9359
  2.7927     0.28180040    2.9359
  2.8279     0.28609207    2.9359
  2.8634     0.29036588    2.9359
  2.8995     0.29461780    2.9359
  2.9359     0.29884396    2.9359
  2.9729     0.30304064    2.9359
  3.0103     0.30720412    2.9359
  3.0481     0.31133062    2.9359
  3.0865     0.31541632    2.9359
  3.1253     0.31945740    2.9359
  3.1646     0.32345001    2.9359
  3.2044     0.32739027    2.9359
  3.2447     0.33127428    2.9359
  3.2856     0.33509815    2.9359
  3.3269     0.33885794    2.9359
  3.3687     0.34254970    2.9359
  3.4111     0.34616949    2.9359
  3.4540     0.34971333    2.9359
  3.4975     0.35317725    2.9359
  3.5415     0.35655730    2.9359
  3.5860     0.35984951    2.9359
  3.6311     0.36304995    2.9359
  3.6768     0.36615471    2.9359
  3.7231     0.36915993    2.9359
  3.7699     0.37206179    2.9359
  3.8173     0.37485656    2.9359
  3.8653     0.37754056    2.9359
  3.9140     0.38011024    2.9359
  3.9632     0.38256214    2.9359
  4.0130     0.38489291    2.9359
  4.0635     0.38709939    2.9359
  4.1146     0.38917853    2.9359
  4.1664     0.39112749    2.9359
  4.2188     0.39294358    2.9359
  4.2719     0.39462433    2.9359
  4.3256     0.39616748    2.9359
  4.3800     0.39757099    2.9359
  4.4351     0.39883304    2.9359
  4.4909     0.39995205    2.9359
  4.5474     0.40092668    2.9359
  4.6046     0.40175584    2.9359
  4.6625     0.40243866    2.9359
  4.7212     0.40297453    2.9359
  4.7806     0.40336305    2.9359
  4.8407     0.40360407    2.9359
  4.9016     0.40369765    2.9359
  4.9632     0.40364406    2.9359
  5.0257     0.40344375    2.9359
  5.0889     0.40309740    2.9359
  5.1529     0.40260581    2.9359
  5.2177     0.40196996    2.9359
  5.2834     0.40119099    2.9359
  5.3498     0.40027015    2.9359
  5.4171     0.39920879    2.9359
  5.4853     0.39800838    2.9359
  5.5543     0.39667047    2.9359
  5.6241     0.39519668    2.9359
  5.6949     0.39358868    2.9359
  5.7665     0.39184819    2.9359
  5.8390     0.38997698    2.9359
  5.9125     0.38797683    2.9359
  5.9869     0.38584953    2.9359
  6.0622     0.38359691    2.9359
  6.1384     0.38122077    2.9359
  6.2156     0.37872294    2.9359
  6.2938     0.37610524    2.9359
  6.3730     0.37336948    2.9359
  6.4532     0.37051747    2.9359
  6.5343     0.36755102    2.9359
  6.6165     0.36447196    2.9359
  6.6998     0.36128211    2.9359
  6.7840     0.35798330    2.9359
  6.8694     0.35457741    2.9359
  6.9558     0.35106632    2.9359
  7.0433     0.34745197    2.9359
  7.1319     0.34373635    2.9359
  7.2216     0.33992150    2.9359
  7.3124     0.33600955    2.9359
  7.4044     0.33200271    2.9359
  7.4975     0.32790328    2.9359
  7.5918     0.32371370    2.9359
  7.6873     0.31943649    2.9359
  7.7840     0.31507432    2.9359
  7.8820     0.31063002    2.9359
  7.9811     0.30610655    2.9359
  8.0815     0.30150702    2.9359
  8.1832     0.29683473    2.9359
  8.2861     0.29209313    2.9359
  8.3903     0.28728583    2.9359
  8.4959     0.28241664    2.9359
  8.6027     0.27748950    2.9359
  8.7109     0.27250855    2.9359
  8.8205     0.26747806    2.9359
  8.9315     0.26240245    2.9359
  9.0438     0.25728631    2.9359
  9.1576     0.25213432    2.9359
  9.2728     0.24695130    2.9359
  9.3894     0.24174215    2.9359
  9.5075     0.23651189    2.9359
  9.6271     0.23126557    2.9359
  9.7482     0.22600830    2.9359
  9.8708     0.22074525    2.9359
  9.9950     0.21548157    2.9359
 10.1207     0.21022242    2.9359
 10.2480     0.20497293    2.9359
 10.3769     0.19973820    2.9359
 10.5074     0.19452327    2.9359
 10.6396     0.18933309    2.9359
 10.7734     0.18417253    2.9359
 10.9090     0.17904634    2.9359
 11.0462     0.17395916    2.9359
 11.1851     0.16891548    2.9359
 11.3258     0.16391964    2.9359
 11.4683     0.15897583    2.9359
 11.6125     0.15408804    2.9359
 11.7586     0.14926012    2.9359
 11.9065     0.14449570    2.9359
 12.0563     0.13979822    2.9359
 12.2079     0.13517091    2.9359
 12.3615     0.13061682    2.9359
 12.5170     0.12613875    2.9359
 12.6744     0.12173932    2.9359
 12.8339     0.11742092    2.9359
 12.9953     0.11318573    2.9359
 13.1588     0.10903573    2.9359
 13.3243     0.10497265    2.9359
 13.4919     0.10099806    2.9359
 13.6616     0.09711327    2.9359
 13.8334     0.09331944    2.9359
 14.0074     0.08961750    2.9359
 14.1836     0.08600818    2.9359
 14.3620     0.08249205    2.9359
 14.5427     0.07906947    2.9359
 14.7256     0.07574064    2.9359
 14.9109     0.07250559    2.9359
 15.0984     0.06936418    2.9359
 15.2883     0.06631611    2.9359
 15.4806     0.06336094    2.9359
 15.6754     0.06049811    2.9359
 15.8725     0.05772688    2.9359
 16.0722     0.05504642    2.9359
 16.2744     0.05245577    2.9359
 16.4791     0.04995386    2.9359
 16.6864     0.04753952    2.9359
 16.8962     0.04521148    2.9359
 17.1088     0.04296840    2.9359
 17.3240     0.04080882    2.9359
 17.5419     0.03873124    2.9359
 17.7625     0.03673410    2.9359
 17.9860     0.03481574    2.9359
 18.2122     0.03297449    2.9359
 18.4413     0.03120860    2.9359
 18.6733     0.02951630    2.9359
 18.9081     0.02789579    2.9359
 19.1460     0.02634522    2.9359
 19.3868     0.02486272    2.9359
 19.6307     0.02344642    2.9359
 19.8776     0.02209443    2.9359
 20.1276     0.02080484    2.9359
 20.3808     0.01957575    2.9359
 20.6372     0.01840525    2.9359
 20.8968     0.01729145    2.9359
 21.1596     0.01623245    2.9359
 21.4258     0.01522637    2.9359
 21.6953     0.01427135    2.9359
 21.9682     0.01336555    2.9359
 22.2445     0.01250714    2.9359
 22.5243     0.01169432    2.9359
 22.8076     0.01092533    2.9359
 23.0945     0.01019841    2.9359
 23.3850     0.00951186    2.9359
 23.6792     0.00886400    2.9359
 23.9770     0.00825318    2.9359
 24.2786     0.00767779    2.9359
 24.5840     0.00713628    2.9359
 24.8932     0.00662710    2.9359
 25.2063     0.00614876    2.9359
 25.5234     0.00569981    2.9359
 25.8445     0.00527883    2.9359
 26.1695     0.00488443    2.9359
 26.4987     0.00451526    2.9359
 26.8320     0.00417005    2.9359
 27.1695     0.00384753    2.9359
 27.5113     0.00354651    2.9359
 27.8573     0.00326582    2.9359
 28.2077     0.00300434    2.9359
 28.5626     0.00276101    2.9359
 28.9218     0.00253478    2.9359
 29.2856     0.00232468    2.9359
 29.6540     0.00212976    2.9359
 30.0270     0.00194910    2.9359
 30.4047     0.00178185    2.9359
 30.7872     0.00162717    2.9359
 31.1744     0.00148428    2.9359
 31.5665     0.00135241    2.9359
 31.9636     0.00123087    2.9359
 32.3657     0.00111896    2.9359
 32.7728     0.00101604    2.9359
 33.1850     0.00092150    2.9359
 33.6024     0.00083476    2.9359
 34.0251     0.00075527    2.9359
 34.4531     0.00068251    2.9359
 34.8864     0.00061600    2.9359
 35.3253     0.00055527    2.9359
 35.7696     0.00049989    2.9359
 36.2195     0.00044945    2.9359
 36.6751     0.00040358    2.9359
 37.1364     0.00036191    2.9359
 37.6036     0.00032410    2.9359
 38.0766     0.00028985    2.9359
 38.5555     0.00025887    2.9359
 39.0405     0.00023087    2.9359
 39.5315     0.00020562    2.9359
 40.0288     0.00018286    2.9359
 40.5323     0.00016239    2.9359
 41.0421     0.00014400    2.9359
