  0.0000     0.00000000    2.9359
  0.0101     0.00000000    2.9359
  0.0201     0.00000000    2.9359
  0.0300     0.00000000    2.9359
  0.0401     0.00000000    2.9359
  0.0503     0.00000000    2.9359
  0.0607     0.00000000    2.9359
  0.0706     0.00000000    2.9359
  0.0800     0.00000000    2.9359
  0.0907     0.00000001    2.9359
  0.1002     0.00000001    2.9359
  0.1108     0.00000001    2.9359
  0.1210     0.00000001    2.9359
  0.1304     0.00000002    2.9359
  0.1406     0.00000002    2.9359
  0.1515     0.00000003    2.9359
  0.1613     0.00000003    2.9359
  0.1718     0.00000004    2.9359
  0.1806     0.00000005    2.9359
  0.1922     0.00000006    2.9359
  0.2021     0.00000007    2.9359
  0.2125     0.00000008    2.9359
  0.2206     0.00000009    2.9359
  0.2319     0.00000010    2.9359
  0.2408     0.00000011    2.9359
  0.2531     0.00000013    2.9359
  0.2628     0.00000014    2.9359
  0.2729     0.00000016    2.9359
  0.2833     0.00000018    2.9359
  0.2905     0.00000019    2.9359
  0.3016     0.00000022    2.9359
  0.3131     0.00000024    2.9359
  0.3211     0.00000026    2.9359
  0.3333     0.00000029    2.9359
  0.3418     0.00000031    2.9359
  0.3504     0.00000034    2.9359
  0.3638     0.00000038    2.9359
  0.3731     0.00000040    2.9359
  0.3825     0.00000044    2.9359
  0.3922     0.00000047    2.9359
  0.4021     0.00000050    2.9359
  0.4123     0.00000054    2.9359
  0.4228     0.00000058    2.9359
  0.4335     0.00000063    2.9359
  0.4445     0.00000068    2.9359
  0.4501     0.00000070    2.9359
  0.4614     0.00000075    2.9359
  0.4731     0.00000081    2.9359
  0.4851     0.00000087    2.9359
  0.4912     0.00000090    2.9359
  0.5037     0.00000097    2.9359
  0.5100     0.00000101    2.9359
  0.5229     0.00000108    2.9359
  0.5362     0.00000116    2.9359
  0.5429     0.00000121    2.9359
  0.5567     0.00000130    2.9359
  0.5637     0.00000134    2.9359
  0.5708     0.00000139    2.9359
  0.5852     0.00000149    2.9359
  0.5926     0.00000155    2.9359
  0.6000     0.00000160    2.9359
  0.6152     0.00000172    2.9359
  0.6230     0.00000178    2.9359
  0.6308     0.00000185    2.9359
  0.6468     0.00000198    2.9359
  0.6549     0.00000205    2.9359
  0.6632     0.00000213    2.9359
  0.6715     0.00000220    2.9359
  0.6885     0.00000236    2.9359
  0.6972     0.00000245    2.9359
  0.7059     0.00000253    2.9359
  0.7148     0.00000262    2.9359
  0.7238     0.00000272    2.9359
  0.7329     0.00000281    2.9359
  0.7422     0.00000291    2.9359
  0.7515     0.00000301    2.9359
  0.7609     0.00000312    2.9359
  0.7705     0.00000323    2.9359
  0.7802     0.00000334    2.9359
  0.7900     0.00000345    2.9359
  0.8100     0.00000370    2.9359
  0.8202     0.00000382    2.9359
  0.8306     0.00000396    2.9359
  0.8410     0.00000409    2.9359
  0.8516     0.00000423    2.9359
  0.8623     0.00000438    2.9359
  0.8731     0.00000452    2.9359
  0.8841     0.00000468    2.9359
  0.8953     0.00000484    2.9359
  0.9065     0.00000500    2.9359
  0.9179     0.00000517    2.9359
  0.9295     0.00000534    2.9359
  0.9412     0.00000552    2.9359
  0.9530     0.00000570    2.9359
  0.9650     0.00000589    2.9359
  0.9771     0.00000608    2.9359
  0.9894     0.00000628    2.9359
  1.0019     0.00000649    2.9359
  1.0145     0.00000670    2.9359
  1.0273     0.00000692    2.9359
  1.0402     0.00000714    2.9359
  1.0533     0.00000737    2.9359
  1.0665     0.00000761    2.9359
  1.0799     0.00000785    2.9359
  1.0935     0.00000810    2.9359
  1.1073     0.00000836    2.9359
  1.1212     0.00000862    2.9359
  1.1353     0.00000889    2.9359
  1.1496     0.00000917    2.9359
  1.1641     0.00000945    2.9359
  1.1787     0.00000974    2.9359
  1.1935     0.00001004    2.9359
  1.2085     0.00001035    2.9359
  1.2238     0.00001066    2.9359
  1.2391     0.00001099    2.9359
  1.2547     0.00001132    2.9359
  1.2705     0.00001166    2.9359
  1.2865     0.00001200    2.9359
  1.3027     0.00001236    2.9359
  1.3191     0.00001272    2.9359
  1.3357     0.00001309    2.9359
  1.3525     0.00001348    2.9359
  1.3695     0.00001387    2.9359
  1.3867     0.00001427    2.9359
  1.4042     0.00001467    2.9359
  1.4218     0.00001509    2.9359
  1.4397     0.00001552    2.9359
  1.4578     0.00001595    2.9359
  1.4762     0.00001640    2.9359
  1.4947     0.00001686    2.9359
  1.5135     0.00001732    2.9359
  1.5326     0.00001780    2.9359
  1.5519     0.00001829    2.9359
  1.5714     0.00001878    2.9359
  1.5912     0.00001929    2.9359
  1.6112     0.00001981    2.9359
  1.6314     0.00002034    2.9359
  1.6520     0.00002088    2.9359
  1.6728     0.00002143    2.9359
  1.6938     0.00002200    2.9359
  1.7151     0.00002257    2.9359
  1.7367     0.00002316    2.9359
  1.7585     0.00002377    2.9359
  1.7806     0.00002438    2.9359
  1.8031     0.00002501    2.9359
  1.8257     0.00002565    2.9359
  1.8487     0.00002631    2.9359
  1.8720     0.00002698    2.9359
  1.8955     0.00002767    2.9359
  1.9194     0.00002837    2.9359
  1.9435     0.00002909    2.9359
  1.9679     0.00002983    2.9359
  1.9927     0.00003058    2.9359
  2.0178     0.00003135    2.9359
  2.0432     0.00003214    2.9359
  2.0689     0.00003295    2.9359
  2.0949     0.00003379    2.9359
  2.1212     0.00003464    2.9359
  2.1479     0.00003551    2.9359
  2.1749     0.00003641    2.9359
  2.2023     0.00003733    2.9359
  2.2300     0.00003827    2.9359
  2.2581     0.00003924    2.9359
  2.2865     0.00004024    2.9359
  2.3152     0.00004127    2.9359
  2.3444     0.00004232    2.9359
  2.3738     0.00004340    2.9359
  2.4037     0.00004451    2.9359
  2.4339     0.00004565    2.9359
  2.4646     0.00004683    2.9359
  2.4956     0.00004803    2.9359
  2.5270     0.00004927    2.9359
  2.5587     0.00005055    2.9359
  2.5909     0.00005186    2.9359
  2.6235     0.00005320    2.9359
  2.6565     0.00005458    2.9359
  2.6899     0.00005600    2.9359
  2.7238     0.00005745    2.9359
  2.7580     0.00005895    2.9359
  2.7927     0.00006048    2.9359
  2.8279     0.00006205    2.9359
  2.8634     0.00006365    2.9359
  2.8995     0.00006530    2.9359
  2.9359     0.00006698    2.9359
  2.9729     0.00006871    2.9359
  3.0103     0.00007048    2.9359
  3.0481     0.00007228    2.9359
  3.0865     0.00007413    2.9359
  3.1253     0.00007602    2.9359
  3.1646     0.00007795    2.9359
  3.2044     0.00007992    2.9359
  3.2447     0.00008194    2.9359
  3.2856     0.00008399    2.9359
  3.3269     0.00008609    2.9359
  3.3687     0.00008823    2.9359
  3.4111     0.00009042    2.9359
  3.4540     0.00009265    2.9359
  3.4975     0.00009492    2.9359
  3.5415     0.00009724    2.9359
  3.5860     0.00009960    2.9359
  3.6311     0.00010201    2.9359
  3.6768     0.00010446    2.9359
  3.7231     0.00010695    2.9359
  3.7699     0.00010949    2.9359
  3.8173     0.00011208    2.9359
  3.8653     0.00011471    2.9359
  3.9140     0.00011738    2.9359
  3.9632     0.00012011    2.9359
  4.0130     0.00012287    2.9359
  4.0635     0.00012569    2.9359
  4.1146     0.00012855    2.9359
  4.1664     0.00013145    2.9359
  4.2188     0.00013441    2.9359
  4.2719     0.00013741    2.9359
  4.3256     0.00014045    2.9359
  4.3800     0.00014355    2.9359
  4.4351     0.00014669    2.9359
  4.4909     0.00014988    2.9359
  4.5474     0.00015312    2.9359
  4.6046     0.00015641    2.9359
  4.6625     0.00015975    2.9359
  4.7212     0.00016314    2.9359
  4.7806     0.00016658    2.9359
  4.8407     0.00017008    2.9359
  4.9016     0.00017362    2.9359
  4.9632     0.00017723    2.9359
  5.0257     0.00018088    2.9359
  5.0889     0.00018459    2.9359
  5.1529     0.00018836    2.9359
  5.2177     0.00019219    2.9359
  5.2834     0.00019608    2.9359
  5.3498     0.00020003    2.9359
  5.4171     0.00020404    2.9359
  5.4853     0.00020811    2.9359
  5.5543     0.00021224    2.9359
  5.6241     0.00021645    2.9359
  5.6949     0.00022071    2.9359
  5.7665     0.00022505    2.9359
  5.8390     0.00022945    2.9359
  5.9125     0.00023393    2.9359
  5.9869     0.00023848    2.9359
  6.0622     0.00024310    2.9359
  6.1384     0.00024779    2.9359
  6.2156     0.00025256    2.9359
  6.2938     0.00025740    2.9359
  6.3730     0.00026232    2.9359
  6.4532     0.00026732    2.9359
  6.5343     0.00027239    2.9359
  6.6165     0.00027755    2.9359
  6.6998     0.00028278    2.9359
  6.7840     0.00028809    2.9359
  6.8694     0.00029349    2.9359
  6.9558     0.00029897    2.9359
  7.0433     0.00030453    2.9359
  7.1319     0.00031017    2.9359
  7.2216     0.00031589    2.9359
  7.3124     0.00032170    2.9359
  7.4044     0.00032759    2.9359
  7.4975     0.00033356    2.9359
  7.5918     0.00033962    2.9359
  7.6873     0.00034576    2.9359
  7.7840     0.00035199    2.9359
  7.8820     0.00035830    2.9359
  7.9811     0.00036470    2.9359
  8.0815     0.00037118    2.9359
  8.1832     0.00037776    2.9359
  8.2861     0.00038442    2.9359
  8.3903     0.00039117    2.9359
  8.4959     0.00039801    2.9359
  8.6027     0.00040495    2.9359
  8.7109     0.00041198    2.9359
  8.8205     0.00041911    2.9359
  8.9315     0.00042634    2.9359
  9.0438     0.00043367    2.9359
  9.1576     0.00044111    2.9359
  9.2728     0.00044866    2.9359
  9.3894     0.00045633    2.9359
  9.5075     0.00046412    2.9359
  9.6271     0.00047203    2.9359
  9.7482     0.00048008    2.9359
  9.8708     0.00048826    2.9359
  9.9950     0.00049659    2.9359
 10.1207     0.00050507    2.9359
 10.2480     0.00051371    2.9359
 10.3769     0.00052252    2.9359
 10.5074     0.00053151    2.9359
 10.6396     0.00054068    2.9359
 10.7734     0.00055006    2.9359
 10.9090     0.00055964    2.9359
 11.0462     0.00056945    2.9359
 11.1851     0.00057949    2.9359
 11.3258     0.00058978    2.9359
 11.4683     0.00060033    2.9359
 11.6125     0.00061116    2.9359
 11.7586     0.00062227    2.9359
 11.9065     0.00063370    2.9359
 12.0563     0.00064545    2.9359
 12.2079     0.00065754    2.9359
 12.3615     0.00066999    2.9359
 12.5170     0.00068282    2.9359
 12.6744     0.00069604    2.9359
 12.8339     0.00070969    2.9359
 12.9953     0.00072378    2.9359
 13.1588     0.00073833    2.9359
 13.3243     0.00075337    2.9359
 13.4919     0.00076893    2.9359
 13.6616     0.00078502    2.9359
 13.8334     0.00080167    2.9359
 14.0074     0.00081891    2.9359
 14.1836     0.00083677    2.9359
 14.3620     0.00085528    2.9359
 14.5427     0.00087447    2.9359
 14.7256     0.00089436    2.9359
 14.9109     0.00091500    2.9359
 15.0984     0.00093641    2.9359
 15.2883     0.00095864    2.9359
 15.4806     0.00098171    2.9359
 15.6754     0.00100567    2.9359
 15.8725     0.00103056    2.9359
 16.0722     0.00105640    2.9359
 16.2744     0.00108326    2.9359
 16.4791     0.00111117    2.9359
 16.6864     0.00114017    2.9359
 16.8962     0.00117031    2.9359
 17.1088     0.00120165    2.9359
 17.3240     0.00123423    2.9359
 17.5419     0.00126810    2.9359
 17.7625     0.00130331    2.9359
 17.9860     0.00133994    2.9359
 18.2122     0.00137802    2.9359
 18.4413     0.00141762    2.9359
 18.6733     0.00145881    2.9359
 18.9081     0.00150165    2.9359
 19.1460     0.00154621    2.9359
 19.3868     0.00159254    2.9359
 19.6307     0.00164074    2.9359
 19.8776     0.00169087    2.9359
 20.1276     0.00174301    2.9359
 20.3808     0.00179724    2.9359
 20.6372     0.00185364    2.9359
 20.8968     0.00191230    2.9359
 21.1596     0.00197331    2.9359
 21.4258     0.00203676    2.9359
 21.6953     0.00210275    2.9359
 21.9682     0.00217138    2.9359
 22.2445     0.00224275    2.9359
 22.5243     0.00231697    2.9359
 22.8076     0.00239415    2.9359
 23.0945     0.00247441    2.9359
 23.3850     0.00255786    2.9359
 23.6792     0.00264464    2.9359
 23.9770     0.00273486    2.9359
 24.2786     0.00282867    2.9359
 24.5840     0.00292619    2.9359
 24.8932     0.00302759    2.9359
 25.2063     0.00313299    2.9359
 25.5234     0.00324257    2.9359
 25.8445     0.00335647    2.9359
 26.1695     0.00347484    2.9359
 26.4987     0.00359784    2.9359
 26.8320     0.00372565    2.9359
 27.1695     0.00385843    2.9359
 27.5113     0.00399636    2.9359
 27.8573     0.00413963    2.9359
 28.2077     0.00428842    2.9359
 28.5626     0.00444294    2.9359
 28.9218     0.00460339    2.9359
 29.2856     0.00477000    2.9359
 29.6540     0.00494296    2.9359
 30.0270     0.00512253    2.9359
 30.4047     0.00530892    2.9359
 30.7872     0.00550240    2.9359
 31.1744     0.00570321    2.9359
 31.5665     0.00591162    2.9359
 31.9636     0.00612790    2.9359
 32.3657     0.00635232    2.9359
 32.7728     0.00658520    2.9359
 33.1850     0.00682682    2.9359
 33.6024     0.00707750    2.9359
 34.0251     0.00733756    2.9359
 34.4531     0.00760735    2.9359
 34.8864     0.00788719    2.9359
 35.3253     0.00817747    2.9359
 35.7696     0.00847854    2.9359
 36.2195     0.00879079    2.9359
 36.6751     0.00911462    2.9359
 37.1364     0.00945043    2.9359
 37.6036     0.00979866    2.9359
 38.0766     0.01015974    2.9359
 38.5555     0.01053412    2.9359
 39.0405     0.01092227    2.9359
 39.5315     0.01132469    2.9359
 40.0288     0.01174185    2.9359
 40.5323     0.01217430    2.9359
 41.0421     0.01262255    2.9359
