  0.0000     0.00000030    2.9359
  0.0101     0.00107201    2.9359
  0.0201     0.00212866    2.9359
  0.0300     0.00318773    2.9359
  0.0401     0.00425822    2.9359
  0.0503     0.00533987    2.9359
  0.0607     0.00644783    2.9359
  0.0706     0.00749751    2.9359
  0.0800     0.00850186    2.9359
  0.0907     0.00964126    2.9359
  0.1002     0.01066241    2.9359
  0.1108     0.01179258    2.9359
  0.1210     0.01288035    2.9359
  0.1304     0.01389326    2.9359
  0.1406     0.01498706    2.9359
  0.1515     0.01616854    2.9359
  0.1613     0.01722545    2.9359
  0.1718     0.01835313    2.9359
  0.1806     0.01930965    2.9359
  0.1922     0.02057787    2.9359
  0.2021     0.02165422    2.9359
  0.2125     0.02278901    2.9359
  0.2206     0.02368058    2.9359
  0.2319     0.02492631    2.9359
  0.2408     0.02590554    2.9359
  0.2531     0.02727452    2.9359
  0.2628     0.02835128    2.9359
  0.2729     0.02947321    2.9359
  0.2833     0.03064254    2.9359
  0.2905     0.03144957    2.9359
  0.3016     0.03270318    2.9359
  0.3131     0.03401082    2.9359
  0.3211     0.03491396    2.9359
  0.3333     0.03631795    2.9359
  0.3418     0.03728815    2.9359
  0.3504     0.03828686    2.9359
  0.3638     0.03984066    2.9359
  0.3731     0.04091528    2.9359
  0.3825     0.04202226    2.9359
  0.3922     0.04316282    2.9359
  0.4021     0.04433826    2.9359
  0.4123     0.04554993    2.9359
  0.4228     0.04679928    2.9359
  0.4335     0.04808779    2.9359
  0.4445     0.04941707    2.9359
  0.4501     0.05009752    2.9359
  0.4614     0.05149112    2.9359
  0.4731     0.05292986    2.9359
  0.4851     0.05441567    2.9359
  0.4912     0.05517685    2.9359
  0.5037     0.05673711    2.9359
  0.5100     0.05753674    2.9359
  0.5229     0.05917645    2.9359
  0.5362     0.06087211    2.9359
  0.5429     0.06174172    2.9359
  0.5567     0.06352617    2.9359
  0.5637     0.06444171    2.9359
  0.5708     0.06537328    2.9359
  0.5852     0.06728603    2.9359
  0.5926     0.06826800    2.9359
  0.6000     0.06926757    2.9359
  0.6152     0.07132125    2.9359
  0.6230     0.07237625    2.9359
  0.6308     0.07345063    2.9359
  0.6468     0.07565951    2.9359
  0.6549     0.07679500    2.9359
  0.6632     0.07795190    2.9359
  0.6715     0.07913074    2.9359
  0.6885     0.08155652    2.9359
  0.6972     0.08280462    2.9359
  0.7059     0.08407702    2.9359
  0.7148     0.08537435    2.9359
  0.7238     0.08669726    2.9359
  0.7329     0.08804642    2.9359
  0.7422     0.08942252    2.9359
  0.7515     0.09082629    2.9359
  0.7609     0.09225847    2.9359
  0.7705     0.09371980    2.9359
  0.7802     0.09521109    2.9359
  0.7900     0.09673312    2.9359
  0.8100     0.09987282    2.9359
  0.8202     0.10149222    2.9359
  0.8306     0.10314586    2.9359
  0.8410     0.10483468    2.9359
  0.8516     0.10655964    2.9359
  0.8623     0.10832173    2.9359
  0.8731     0.11012198    2.9359
  0.8841     0.11196143    2.9359
  0.8953     0.11384116    2.9359
  0.9065     0.11576228    2.9359
  0.9179     0.11772593    2.9359
  0.9295     0.11973327    2.9359
  0.9412     0.12178551    2.9359
  0.9530     0.12388387    2.9359
  0.9650     0.12602960    2.9359
  0.9771     0.12822401    2.9359
  0.9894     0.13046840    2.9359
  1.0019     0.13276412    2.9359
  1.0145     0.13511255    2.9359
  1.0273     0.13751509    2.9359
  1.0402     0.13997316    2.9359
  1.0533     0.14248824    2.9359
  1.0665     0.14506178    2.9359
  1.0799     0.14769530    2.9359
  1.0935     0.15039032    2.9359
  1.1073     0.15314836    2.9359
  1.1212     0.15597100    2.9359
  1.1353     0.15885980    2.9359
  1.1496     0.16181632    2.9359
  1.1641     0.16484216    2.9359
  1.1787     0.16793888    2.9359
  1.1935     0.17110807    2.9359
  1.2085     0.17435129    2.9359
  1.2238     0.17767009    2.9359
  1.2391     0.18106600    2.9359
  1.2547     0.18454050    2.9359
  1.2705     0.18809507    2.9359
  1.2865     0.19173110    2.9359
  1.3027     0.19544995    2.9359
  1.3191     0.19925290    2.9359
  1.3357     0.20314117    2.9359
  1.3525     0.20711587    2.9359
  1.3695     0.21117800    2.9359
  1.3867     0.21532846    2.9359
  1.4042     0.21956802    2.9359
  1.4218     0.22389728    2.9359
  1.4397     0.22831668    2.9359
  1.4578     0.23282650    2.9359
  1.4762     0.23742678    2.9359
  1.4947     0.24211736    2.9359
  1.5135     0.24689785    2.9359
  1.5326     0.25176756    2.9359
  1.5519     0.25672556    2.9359
  1.5714     0.26177058    2.9359
  1.5912     0.26690104    2.9359
  1.6112     0.27211500    2.9359
  1.6314     0.27741017    2.9359
  1.6520     0.28278384    2.9359
  1.6728     0.28823292    2.9359
  1.6938     0.29375386    2.9359
  1.7151     0.29934269    2.9359
  1.7367     0.30499495    2.9359
  1.7585     0.31070574    2.9359
  1.7806     0.31646965    2.9359
  1.8031     0.32228079    2.9359
  1.8257     0.32813279    2.9359
  1.8487     0.33401878    2.9359
  1.8720     0.33993142    2.9359
  1.8955     0.34586291    2.9359
  1.9194     0.35180501    2.9359
  1.9435     0.35774906    2.9359
  1.9679     0.36368603    2.9359
  1.9927     0.36960655    2.9359
  2.0178     0.37550098    2.9359
  2.0432     0.38135943    2.9359
  2.0689     0.38717189    2.9359
  2.0949     0.39292823    2.9359
  2.1212     0.39861833    2.9359
  2.1479     0.40423216    2.9359
  2.1749     0.40975987    2.9359
  2.2023     0.41519186    2.9359
  2.2300     0.42051891    2.9359
  2.2581     0.42573226    2.9359
  2.2865     0.43082372    2.9359
  2.3152     0.43578573    2.9359
  2.3444     0.44061145    2.9359
  2.3738     0.44529487    2.9359
  2.4037     0.44983077    2.9359
  2.4339     0.45421486    2.9359
  2.4646     0.45844372    2.9359
  2.4956     0.46251479    2.9359
  2.5270     0.46642638    2.9359
  2.5587     0.47017754    2.9359
  2.5909     0.47376796    2.9359
  2.6235     0.47719787    2.9359
  2.6565     0.48046783    2.9359
  2.6899     0.48357854    2.9359
  2.7238     0.48653061    2.9359
  2.7580     0.48932437    2.9359
  2.7927     0.49195959    2.9359
  2.8279     0.49443531    2.9359
  2.8634     0.49674971    2.9359
  2.8995     0.49890005    2.9359
  2.9359     0.50088281    2.9359
  2.9729     0.50269407    2.9359
  3.0103     0.50432973    2.9359
  3.0481     0.50578602    2.9359
  3.0865     0.50705930    2.9359
  3.1253     0.50814614    2.9359
  3.1646     0.50904331    2.9359
  3.2044     0.50974777    2.9359
  3.2447     0.51025671    2.9359
  3.2856     0.51056753    2.9359
  3.3269     0.51067783    2.9359
  3.3687     0.51058543    2.9359
  3.4111     0.51028837    2.9359
  3.4540     0.50978489    2.9359
  3.4975     0.50907349    2.9359
  3.5415     0.50815289    2.9359
  3.5860     0.50702204    2.9359
  3.6311     0.50568017    2.9359
  3.6768     0.50412675    2.9359
  3.7231     0.50236153    2.9359
  3.7699     0.50038455    2.9359
  3.8173     0.49819615    2.9359
  3.8653     0.49579697    2.9359
  3.9140     0.49318796    2.9359
  3.9632     0.49037043    2.9359
  4.0130     0.48734602    2.9359
  4.0635     0.48411670    2.9359
  4.1146     0.48068483    2.9359
  4.1664     0.47705310    2.9359
  4.2188     0.47322460    2.9359
  4.2719     0.46920277    2.9359
  4.3256     0.46499141    2.9359
  4.3800     0.46059472    2.9359
  4.4351     0.45601721    2.9359
  4.4909     0.45126378    2.9359
  4.5474     0.44633965    2.9359
  4.6046     0.44125035    2.9359
  4.6625     0.43600173    2.9359
  4.7212     0.43059994    2.9359
  4.7806     0.42505136    2.9359
  4.8407     0.41936263    2.9359
  4.9016     0.41354062    2.9359
  4.9632     0.40759236    2.9359
  5.0257     0.40152507    2.9359
  5.0889     0.39534609    2.9359
  5.1529     0.38906286    2.9359
  5.2177     0.38268294    2.9359
  5.2834     0.37621391    2.9359
  5.3498     0.36966339    2.9359
  5.4171     0.36303901    2.9359
  5.4853     0.35634838    2.9359
  5.5543     0.34959905    2.9359
  5.6241     0.34279854    2.9359
  5.6949     0.33595427    2.9359
  5.7665     0.32907357    2.9359
  5.8390     0.32216364    2.9359
  5.9125     0.31523157    2.9359
  5.9869     0.30828431    2.9359
  6.0622     0.30132863    2.9359
  6.1384     0.29437117    2.9359
  6.2156     0.28741838    2.9359
  6.2938     0.28047656    2.9359
  6.3730     0.27355181    2.9359
  6.4532     0.26665005    2.9359
  6.5343     0.25977701    2.9359
  6.6165     0.25293826    2.9359
  6.6998     0.24613915    2.9359
  6.7840     0.23938488    2.9359
  6.8694     0.23268043    2.9359
  6.9558     0.22603062    2.9359
  7.0433     0.21944010    2.9359
  7.1319     0.21291333    2.9359
  7.2216     0.20645460    2.9359
  7.3124     0.20006803    2.9359
  7.4044     0.19375758    2.9359
  7.4975     0.18752704    2.9359
  7.5918     0.18138005    2.9359
  7.6873     0.17532008    2.9359
  7.7840     0.16935044    2.9359
  7.8820     0.16347431    2.9359
  7.9811     0.15769469    2.9359
  8.0815     0.15201442    2.9359
  8.1832     0.14643622    2.9359
  8.2861     0.14096260    2.9359
  8.3903     0.13559596    2.9359
  8.4959     0.13033851    2.9359
  8.6027     0.12519230    2.9359
  8.7109     0.12015922    2.9359
  8.8205     0.11524097    2.9359
  8.9315     0.11043909    2.9359
  9.0438     0.10575494    2.9359
  9.1576     0.10118969    2.9359
  9.2728     0.09674434    2.9359
  9.3894     0.09241969    2.9359
  9.5075     0.08821634    2.9359
  9.6271     0.08413472    2.9359
  9.7482     0.08017506    2.9359
  9.8708     0.07633739    2.9359
  9.9950     0.07262155    2.9359
 10.1207     0.06902718    2.9359
 10.2480     0.06555376    2.9359
 10.3769     0.06220055    2.9359
 10.5074     0.05896666    2.9359
 10.6396     0.05585099    2.9359
 10.7734     0.05285228    2.9359
 10.9090     0.04996913    2.9359
 11.0462     0.04719995    2.9359
 11.1851     0.04454300    2.9359
 11.3258     0.04199642    2.9359
 11.4683     0.03955821    2.9359
 11.6125     0.03722623    2.9359
 11.7586     0.03499824    2.9359
 11.9065     0.03287189    2.9359
 12.0563     0.03084474    2.9359
 12.2079     0.02891426    2.9359
 12.3615     0.02707784    2.9359
 12.5170     0.02533284    2.9359
 12.6744     0.02367651    2.9359
 12.8339     0.02210610    2.9359
 12.9953     0.02061882    2.9359
 13.1588     0.01921183    2.9359
 13.3243     0.01788231    2.9359
 13.4919     0.01662741    2.9359
 13.6616     0.01544429    2.9359
 13.8334     0.01433012    2.9359
 14.0074     0.01328209    2.9359
 14.1836     0.01229740    2.9359
 14.3620     0.01137332    2.9359
 14.5427     0.01050711    2.9359
 14.7256     0.00969612    2.9359
 14.9109     0.00893772    2.9359
 15.0984     0.00822935    2.9359
 15.2883     0.00756849    2.9359
 15.4806     0.00695270    2.9359
 15.6754     0.00637962    2.9359
 15.8725     0.00584692    2.9359
 16.0722     0.00535236    2.9359
 16.2744     0.00489380    2.9359
 16.4791     0.00446914    2.9359
 16.6864     0.00407636    2.9359
 16.8962     0.00371355    2.9359
 17.1088     0.00337882    2.9359
 17.3240     0.00307042    2.9359
 17.5419     0.00278664    2.9359
 17.7625     0.00252585    2.9359
 17.9860     0.00228652    2.9359
 18.2122     0.00206716    2.9359
 18.4413     0.00186638    2.9359
 18.6733     0.00168286    2.9359
 18.9081     0.00151534    2.9359
 19.1460     0.00136264    2.9359
 19.3868     0.00122364    2.9359
 19.6307     0.00109729    2.9359
 19.8776     0.00098260    2.9359
 20.1276     0.00087865    2.9359
 20.3808     0.00078457    2.9359
 20.6372     0.00069954    2.9359
 20.8968     0.00062281    2.9359
 21.1596     0.00055367    2.9359
 21.4258     0.00049147    2.9359
 21.6953     0.00043559    2.9359
 21.9682     0.00038547    2.9359
 22.2445     0.00034058    2.9359
 22.5243     0.00030045    2.9359
 22.8076     0.00026463    2.9359
 23.0945     0.00023270    2.9359
 23.3850     0.00020429    2.9359
 23.6792     0.00017905    2.9359
 23.9770     0.00015667    2.9359
 24.2786     0.00013685    2.9359
 24.5840     0.00011934    2.9359
 24.8932     0.00010389    2.9359
 25.2063     0.00009028    2.9359
 25.5234     0.00007831    2.9359
 25.8445     0.00006781    2.9359
 26.1695     0.00005861    2.9359
 26.4987     0.00005057    2.9359
 26.8320     0.00004355    2.9359
 27.1695     0.00003743    2.9359
 27.5113     0.00003211    2.9359
 27.8573     0.00002750    2.9359
 28.2077     0.00002350    2.9359
 28.5626     0.00002004    2.9359
 28.9218     0.00001706    2.9359
 29.2856     0.00001449    2.9359
 29.6540     0.00001229    2.9359
 30.0270     0.00001039    2.9359
 30.4047     0.00000877    2.9359
 30.7872     0.00000739    2.9359
 31.1744     0.00000621    2.9359
 31.5665     0.00000521    2.9359
 31.9636     0.00000436    2.9359
 32.3657     0.00000364    2.9359
 32.7728     0.00000303    2.9359
 33.1850     0.00000252    2.9359
 33.6024     0.00000209    2.9359
 34.0251     0.00000173    2.9359
 34.4531     0.00000143    2.9359
 34.8864     0.00000118    2.9359
 35.3253     0.00000097    2.9359
 35.7696     0.00000079    2.9359
 36.2195     0.00000065    2.9359
 36.6751     0.00000053    2.9359
 37.1364     0.00000043    2.9359
 37.6036     0.00000035    2.9359
 38.0766     0.00000028    2.9359
 38.5555     0.00000023    2.9359
 39.0405     0.00000018    2.9359
 39.5315     0.00000015    2.9359
 40.0288     0.00000012    2.9359
 40.5323     0.00000009    2.9359
 41.0421     0.00000007    2.9359
