  0.2500     8.675268
  0.5000     0.711373
  0.7500    -0.142965
  1.0000    -0.144397
  1.2500    -0.081474
  1.5000    -0.037177
  1.7500    -0.015458
  2.0000    -0.006708
  2.2500    -0.003465
  2.5000    -0.002269
  2.7500    -0.001803
  3.0000    -0.001574
  3.2500    -0.001387
  3.5000    -0.001172
  3.7500    -0.000928
  4.0000    -0.000685
  4.2500    -0.000475
  4.5000    -0.000317
  4.7500    -0.000214
  5.0000    -0.000156
  5.2500    -0.000128
  5.5000    -0.000116
  5.7500    -0.000108
  6.0000    -0.000100
  6.2500    -0.000088
  6.5000    -0.000075
  6.7500    -0.000062
  7.0000    -0.000050
  7.2500    -0.000041
  7.5000    -0.000035
  7.7500    -0.000031
  8.0000    -0.000029
  8.2500    -0.000026
  8.5000    -0.000024
  8.7500    -0.000021
  9.0000    -0.000019
  9.2500    -0.000016
  9.5000    -0.000014
  9.7500    -0.000013
 10.0000    -0.000012
 10.2500    -0.000011
 10.5000    -0.000010
 10.7500    -0.000009
 11.0000    -0.000008
 11.2500    -0.000008
 11.5000    -0.000007
 11.7500    -0.000006
 12.0000    -0.000006
