  0.2500     8.565907
  0.5000     2.444110
  0.7500     0.404174
  1.0000    -0.060293
  1.2500    -0.114995
  1.5000    -0.084923
  1.7500    -0.051244
  2.0000    -0.027975
  2.2500    -0.013547
  2.5000    -0.004985
  2.7500    -0.000271
  3.0000     0.001906
  3.2500     0.002494
  3.5000     0.002207
  3.7500     0.001553
  4.0000     0.000860
  4.2500     0.000302
  4.5000    -0.000056
  4.7500    -0.000224
  5.0000    -0.000248
  5.2500    -0.000190
  5.5000    -0.000104
  5.7500    -0.000026
  6.0000     0.000023
  6.2500     0.000042
  6.5000     0.000038
  6.7500     0.000022
  7.0000     0.000005
  7.2500    -0.000006
  7.5000    -0.000010
  7.7500    -0.000009
  8.0000    -0.000004
  8.2500     0.000000
  8.5000     0.000003
  8.7500     0.000003
  9.0000     0.000002
  9.2500     0.000000
  9.5000    -0.000001
  9.7500    -0.000001
 10.0000    -0.000001
 10.2500    -0.000000
 10.5000     0.000000
 10.7500     0.000001
 11.0000     0.000001
 11.2500     0.000000
 11.5000     0.000000
 11.7500    -0.000000
 12.0000    -0.000000
