  0.2500     0.226687
  0.5000     0.856524
  0.7500    -0.149424
  1.0000    -0.200509
  1.2500     0.103444
  1.5000     0.062441
  1.7500    -0.065784
  2.0000    -0.019769
  2.2500     0.044652
  2.5000     0.001654
  2.7500    -0.030698
  3.0000     0.007191
  3.2500     0.019885
  3.5000    -0.010519
  3.7500    -0.012144
  4.0000     0.011422
  4.2500     0.006241
  4.5000    -0.010653
  4.7500    -0.002144
  5.0000     0.009340
  5.2500    -0.000965
  5.5000    -0.007376
  5.7500     0.002843
  6.0000     0.005429
  6.2500    -0.003994
  6.5000    -0.003440
  6.7500     0.004364
  7.0000     0.001760
  7.2500    -0.004339
  7.5000    -0.000237
  7.7500     0.003833
  8.0000    -0.000879
  8.2500    -0.003149
  8.5000     0.001719
  8.7500     0.002274
  9.0000    -0.002172
  9.2500    -0.001425
  9.5000     0.002392
  9.7500     0.000559
 10.0000    -0.002306
 10.2500     0.000159
 10.5000     0.002057
 10.7500    -0.000765
 11.0000    -0.001634
 11.2500     0.001167
 11.5000     0.001165
 11.7500    -0.001428
 12.0000    -0.000635
