 Na pb nrl nc  
 ATM3       7-APR-22 Troullier-Martins                       
 3s 1.00  r= 2.94/3p 0.00  r= 2.94/3d 0.00  r= 2.94/                   
   3  0 1054  0.225341106970E-03  0.125000000000E-01   1.00000000000    
 Radial grid follows
  0.283444219413E-05  0.570453728205E-05  0.861073372194E-05  0.115534856129E-04
  0.145332527660E-04  0.175505007757E-04  0.206057010934E-04  0.236993311002E-04
  0.268318741821E-04  0.300038198054E-04  0.332156635930E-04  0.364679074020E-04
  0.397610594022E-04  0.430956341552E-04  0.464721526952E-04  0.498911426100E-04
  0.533531381237E-04  0.568586801803E-04  0.604083165277E-04  0.640026018039E-04
  0.676420976233E-04  0.713273726645E-04  0.750590027592E-04  0.788375709823E-04
  0.826636677426E-04  0.865378908756E-04  0.904608457365E-04  0.944331452951E-04
  0.984554102311E-04  0.102528269032E-03  0.106652358089E-03  0.110828321802E-03
  0.115056812671E-03  0.119338491407E-03  0.123674027033E-03  0.128064096983E-03
  0.132509387215E-03  0.137010592315E-03  0.141568415605E-03  0.146183569254E-03
  0.150856774390E-03  0.155588761211E-03  0.160380269098E-03  0.165232046735E-03
  0.170144852222E-03  0.175119453195E-03  0.180156626945E-03  0.185257160541E-03
  0.190421850951E-03  0.195651505170E-03  0.200946940340E-03  0.206308983886E-03
  0.211738473636E-03  0.217236257960E-03  0.222803195898E-03  0.228440157295E-03
  0.234148022937E-03  0.239927684691E-03  0.245780045641E-03  0.251706020229E-03
  0.257706534401E-03  0.263782525749E-03  0.269934943661E-03  0.276164749463E-03
  0.282472916576E-03  0.288860430662E-03  0.295328289786E-03  0.301877504561E-03
  0.308509098318E-03  0.315224107255E-03  0.322023580607E-03  0.328908580804E-03
  0.335880183644E-03  0.342939478451E-03  0.350087568256E-03  0.357325569963E-03
  0.364654614523E-03  0.372075847115E-03  0.379590427321E-03  0.387199529311E-03
  0.394904342021E-03  0.402706069344E-03  0.410605930317E-03  0.418605159308E-03
  0.426705006213E-03  0.434906736650E-03  0.443211632156E-03  0.451620990387E-03
  0.460136125324E-03  0.468758367472E-03  0.477489064076E-03  0.486329579324E-03
  0.495281294564E-03  0.504345608521E-03  0.513523937511E-03  0.522817715669E-03
  0.532228395164E-03  0.541757446435E-03  0.551406358416E-03  0.561176638769E-03
  0.571069814119E-03  0.581087430297E-03  0.591231052574E-03  0.601502265912E-03
  0.611902675209E-03  0.622433905551E-03  0.633097602463E-03  0.643895432171E-03
  0.654829081856E-03  0.665900259923E-03  0.677110696268E-03  0.688462142542E-03
  0.699956372434E-03  0.711595181939E-03  0.723380389646E-03  0.735313837017E-03
  0.747397388677E-03  0.759632932706E-03  0.772022380933E-03  0.784567669234E-03
  0.797270757836E-03  0.810133631622E-03  0.823158300443E-03  0.836346799430E-03
  0.849701189312E-03  0.863223556740E-03  0.876916014611E-03  0.890780702400E-03
  0.904819786493E-03  0.919035460524E-03  0.933429945723E-03  0.948005491256E-03
  0.962764374582E-03  0.977708901807E-03  0.992841408043E-03  0.100816425778E-02
  0.102367984523E-02  0.103939059475E-02  0.105529896117E-02  0.107140743021E-02
  0.108771851885E-02  0.110423477572E-02  0.112095878153E-02  0.113789314944E-02
  0.115504052547E-02  0.117240358894E-02  0.118998505287E-02  0.120778766438E-02
  0.122581420518E-02  0.124406749195E-02  0.126255037681E-02  0.128126574774E-02
  0.130021652905E-02  0.131940568185E-02  0.133883620447E-02  0.135851113298E-02
  0.137843354163E-02  0.139860654333E-02  0.141903329016E-02  0.143971697382E-02
  0.146066082621E-02  0.148186811982E-02  0.150334216835E-02  0.152508632716E-02
  0.154710399381E-02  0.156939860862E-02  0.159197365516E-02  0.161483266083E-02
  0.163797919740E-02  0.166141688155E-02  0.168514937548E-02  0.170918038743E-02
  0.173351367230E-02  0.175815303222E-02  0.178310231713E-02  0.180836542541E-02
  0.183394630447E-02  0.185984895139E-02  0.188607741349E-02  0.191263578903E-02
  0.193952822781E-02  0.196675893183E-02  0.199433215594E-02  0.202225220852E-02
  0.205052345212E-02  0.207915030419E-02  0.210813723773E-02  0.213748878201E-02
  0.216720952327E-02  0.219730410543E-02  0.222777723083E-02  0.225863366097E-02
  0.228987821721E-02  0.232151578160E-02  0.235355129755E-02  0.238598977069E-02
  0.241883626959E-02  0.245209592659E-02  0.248577393857E-02  0.251987556779E-02
  0.255440614270E-02  0.258937105877E-02  0.262477577935E-02  0.266062583649E-02
  0.269692683184E-02  0.273368443749E-02  0.277090439691E-02  0.280859252579E-02
  0.284675471296E-02  0.288539692136E-02  0.292452518891E-02  0.296414562947E-02
  0.300426443382E-02  0.304488787061E-02  0.308602228734E-02  0.312767411132E-02
  0.316984985076E-02  0.321255609570E-02  0.325579951906E-02  0.329958687773E-02
  0.334392501357E-02  0.338882085450E-02  0.343428141560E-02  0.348031380015E-02
  0.352692520083E-02  0.357412290075E-02  0.362191427465E-02  0.367030679003E-02
  0.371930800833E-02  0.376892558607E-02  0.381916727611E-02  0.387004092881E-02
  0.392155449329E-02  0.397371601864E-02  0.402653365521E-02  0.408001565586E-02
  0.413417037727E-02  0.418900628121E-02  0.424453193592E-02  0.430075601738E-02
  0.435768731073E-02  0.441533471159E-02  0.447370722749E-02  0.453281397925E-02
  0.459266420243E-02  0.465326724873E-02  0.471463258752E-02  0.477676980725E-02
  0.483968861698E-02  0.490339884792E-02  0.496791045491E-02  0.503323351802E-02
  0.509937824411E-02  0.516635496843E-02  0.523417415624E-02  0.530284640441E-02
  0.537238244313E-02  0.544279313755E-02  0.551408948947E-02  0.558628263909E-02
  0.565938386676E-02  0.573340459467E-02  0.580835638872E-02  0.588425096028E-02
  0.596110016803E-02  0.603891601982E-02  0.611771067453E-02  0.619749644398E-02
  0.627828579487E-02  0.636009135069E-02  0.644292589373E-02  0.652680236706E-02
  0.661173387654E-02  0.669773369290E-02  0.678481525379E-02  0.687299216586E-02
  0.696227820695E-02  0.705268732819E-02  0.714423365617E-02  0.723693149520E-02
  0.733079532951E-02  0.742583982551E-02  0.752207983410E-02  0.761953039297E-02
  0.771820672898E-02  0.781812426049E-02  0.791929859984E-02  0.802174555570E-02
  0.812548113564E-02  0.823052154855E-02  0.833688320719E-02  0.844458273081E-02
  0.855363694766E-02  0.866406289770E-02  0.877587783520E-02  0.888909923147E-02
  0.900374477758E-02  0.911983238715E-02  0.923738019908E-02  0.935640658047E-02
  0.947693012943E-02  0.959896967801E-02  0.972254429514E-02  0.984767328961E-02
  0.997437621306E-02  0.101026728631E-01  0.102325832863E-01  0.103641277815E-01
  0.104973269028E-01  0.106322014627E-01  0.107687725358E-01  0.109070614615E-01
  0.110470898477E-01  0.111888795742E-01  0.113324527959E-01  0.114778319465E-01
  0.116250397416E-01  0.117740991828E-01  0.119250335610E-01  0.120778664600E-01
  0.122326217602E-01  0.123893236424E-01  0.125479965916E-01  0.127086654009E-01
  0.128713551750E-01  0.130360913345E-01  0.132028996198E-01  0.133718060951E-01
  0.135428371523E-01  0.137160195153E-01  0.138913802443E-01  0.140689467397E-01
  0.142487467467E-01  0.144308083594E-01  0.146151600252E-01  0.148018305495E-01
  0.149908491000E-01  0.151822452112E-01  0.153760487890E-01  0.155722901158E-01
  0.157709998546E-01  0.159722090542E-01  0.161759491540E-01  0.163822519887E-01
  0.165911497937E-01  0.168026752096E-01  0.170168612876E-01  0.172337414949E-01
  0.174533497194E-01  0.176757202752E-01  0.179008879084E-01  0.181288878016E-01
  0.183597555805E-01  0.185935273186E-01  0.188302395431E-01  0.190699292409E-01
  0.193126338640E-01  0.195583913353E-01  0.198072400551E-01  0.200592189065E-01
  0.203143672617E-01  0.205727249881E-01  0.208343324546E-01  0.210992305379E-01
  0.213674606290E-01  0.216390646392E-01  0.219140850074E-01  0.221925647059E-01
  0.224745472478E-01  0.227600766935E-01  0.230491976574E-01  0.233419553154E-01
  0.236383954114E-01  0.239385642648E-01  0.242425087775E-01  0.245502764416E-01
  0.248619153463E-01  0.251774741859E-01  0.254970022670E-01  0.258205495167E-01
  0.261481664897E-01  0.264799043770E-01  0.268158150132E-01  0.271559508850E-01
  0.275003651395E-01  0.278491115919E-01  0.282022447347E-01  0.285598197457E-01
  0.289218924965E-01  0.292885195620E-01  0.296597582282E-01  0.300356665019E-01
  0.304163031197E-01  0.308017275568E-01  0.311920000364E-01  0.315871815395E-01
  0.319873338140E-01  0.323925193845E-01  0.328028015620E-01  0.332182444541E-01
  0.336389129744E-01  0.340648728533E-01  0.344961906479E-01  0.349329337525E-01
  0.353751704091E-01  0.358229697180E-01  0.362764016489E-01  0.367355370513E-01
  0.372004476661E-01  0.376712061365E-01  0.381478860196E-01  0.386305617975E-01
  0.391193088892E-01  0.396142036626E-01  0.401153234459E-01  0.406227465401E-01
  0.411365522310E-01  0.416568208020E-01  0.421836335460E-01  0.427170727786E-01
  0.432572218507E-01  0.438041651617E-01  0.443579881727E-01  0.449187774195E-01
  0.454866205268E-01  0.460616062210E-01  0.466438243449E-01  0.472333658713E-01
  0.478303229172E-01  0.484347887584E-01  0.490468578439E-01  0.496666258107E-01
  0.502941894988E-01  0.509296469664E-01  0.515730975049E-01  0.522246416549E-01
  0.528843812214E-01  0.535524192900E-01  0.542288602431E-01  0.549138097760E-01
  0.556073749134E-01  0.563096640262E-01  0.570207868486E-01  0.577408544950E-01
  0.584699794774E-01  0.592082757230E-01  0.599558585922E-01  0.607128448963E-01
  0.614793529159E-01  0.622555024195E-01  0.630414146820E-01  0.638372125038E-01
  0.646430202300E-01  0.654589637696E-01  0.662851706155E-01  0.671217698641E-01
  0.679688922358E-01  0.688266700953E-01  0.696952374720E-01  0.705747300813E-01
  0.714652853459E-01  0.723670424166E-01  0.732801421950E-01  0.742047273547E-01
  0.751409423640E-01  0.760889335084E-01  0.770488489135E-01  0.780208385680E-01
  0.790050543473E-01  0.800016500371E-01  0.810107813574E-01  0.820326059872E-01
  0.830672835886E-01  0.841149758320E-01  0.851758464215E-01  0.862500611204E-01
  0.873377877767E-01  0.884391963502E-01  0.895544589379E-01  0.906837498021E-01
  0.918272453967E-01  0.929851243953E-01  0.941575677187E-01  0.953447585636E-01
  0.965468824310E-01  0.977641271553E-01  0.989966829333E-01  0.100244742354    
  0.101508500431      0.102788154626      0.104083904890      0.105395953687    
  0.106724506025      0.108069769494      0.109431954295      0.110811273271    
  0.112207941944      0.113622178547      0.115054204056      0.116504242228    
  0.117972519636      0.119459265699      0.120964712726      0.122489095945    
  0.124032653545      0.125595626709      0.127178259656      0.128780799674    
  0.130403497164      0.132046605677      0.133710381949      0.135395085951    
  0.137100980921      0.138828333408      0.140577413314      0.142348493938    
  0.144141852013      0.145957767755      0.147796524906      0.149658410775    
  0.151543716285      0.153452736018      0.155385768264      0.157343115063    
  0.159325082253      0.161331979522      0.163364120450      0.165421822565    
  0.167505407386      0.169615200478      0.171751531500      0.173914734258    
  0.176105146757      0.178323111254      0.180568974310      0.182843086845    
  0.185145804195      0.187477486163      0.189838497080      0.192229205858    
  0.194649986051      0.197101215910      0.199583278445      0.202096561483    
  0.204641457731      0.207218364832      0.209827685435      0.212469827250    
  0.215145203118      0.217854231072      0.220597334403      0.223374941725    
  0.226187487048      0.229035409835      0.231919155081      0.234839173376    
  0.237795920981      0.240789859891      0.243821457918      0.246891188753    
  0.249999532049      0.253146973490      0.256334004871      0.259561124171    
  0.262828835636      0.266137649851      0.269488083825      0.272880661070    
  0.276315911684      0.279794372431      0.283316586828      0.286883105228    
  0.290494484908      0.294151290151      0.297854092342      0.301603470051    
  0.305400009126      0.309244302783      0.313136951702      0.317078564117    
  0.321069755912      0.325111150720      0.329203380017      0.333347083222    
  0.337542907797      0.341791509348      0.346093551727      0.350449707138    
  0.354860656239      0.359327088249      0.363849701058      0.368429201333    
  0.373066304631      0.377761735507      0.382516227633      0.387330523908    
  0.392205376576      0.397141547341      0.402139807491      0.407200938015    
  0.412325729723      0.417514983375      0.422769509804      0.428090130038    
  0.433477675436      0.438932987812      0.444456919571      0.450050333838    
  0.455714104595      0.461449116818      0.467256266615      0.473136461364    
  0.479090619857      0.485119672445      0.491224561179      0.497406239959    
  0.503665674687      0.510003843411      0.516421736483      0.522920356712    
  0.529500719520      0.536163853104      0.542910798590      0.549742610203    
  0.556660355428      0.563665115175      0.570757983954      0.577940070039    
  0.585212495645      0.592576397105      0.600032925042      0.607583244555    
  0.615228535396      0.622969992157      0.630808824456      0.638746257128    
  0.646783530413      0.654921900149      0.663162637976      0.671507031523    
  0.679956384620      0.688512017496      0.697175266986      0.705947486739    
  0.714830047433      0.723824336987      0.732931760776      0.742153741854    
  0.751491721174      0.760947157814      0.770521529205      0.780216331364    
  0.790033079121      0.799973306365      0.810038566275      0.820230431569    
  0.830550494747      0.841000368339      0.851581685160      0.862296098562    
  0.873145282694      0.884130932762      0.895254765298      0.906518518422    
  0.917923952118      0.929472848510      0.941167012136      0.953008270232    
  0.964998473019      0.977139493991      0.989433230207       1.00188160259    
   1.01448655622       1.02725006065       1.04017411020       1.05326072428    
   1.06651194770       1.07992985099       1.09351653073       1.10727410987    
   1.12120473804       1.13531059195       1.14959387565       1.16405682095    
   1.17870168771       1.19353076421       1.20854636753       1.22375084389    
   1.23914656902       1.25473594854       1.27052141830       1.28650544484    
   1.30269052567       1.31907918976       1.33567399787       1.35247754297    
   1.36949245065       1.38672137952       1.40416702163       1.42183210291    
   1.43971938356       1.45783165850       1.47617175781       1.49474254717    
   1.51354692831       1.53258783945       1.55186825576       1.57139118985    
   1.59115969223       1.61117685175       1.63144579615       1.65196969248    
   1.67275174764       1.69379520888       1.71510336428       1.73667954328    
   1.75852711720       1.78064949977       1.80305014765       1.82573256100    
   1.84870028399       1.87195690537       1.89550605903       1.91935142458    
   1.94349672790       1.96794574176       1.99270228635       2.01777022993    
   2.04315348943       2.06885603103       2.09488187080       2.12123507534    
   2.14791976239       2.17494010147       2.20230031458       2.23000467681    
   2.25805751702       2.28646321851       2.31522621975       2.34435101500    
   2.37384215508       2.40370424804       2.43394195988       2.46456001532    
   2.49556319848       2.52695635368       2.55874438616       2.59093226287    
   2.62352501323       2.65652772991       2.68994556967       2.72378375411    
   2.75804757051       2.79274237267       2.82787358171       2.86344668696    
   2.89946724679       2.93594088949       2.97287331414       3.01027029150    
   3.04813766493       3.08648135128       3.12530734183       3.16462170322    
   3.20443057840       3.24474018759       3.28555682924       3.32688688105    
   3.36873680090       3.41111312795       3.45402248357       3.49747157244    
   3.54146718357       3.58601619137       3.63112555670       3.67680232799    
   3.72305364234       3.76988672660       3.81730889855       3.86532756799    
   3.91395023793       3.96318450578       4.01303806447       4.06351870374    
   4.11463431128       4.16639287401       4.21880247932       4.27187131631    
   4.32560767709       4.38001995808       4.43511666132       4.49090639576    
   4.54739787867       4.60459993697       4.66252150858       4.72117164388    
   4.78055950706       4.84069437760       4.90158565169       4.96324284372    
   5.02567558776       5.08889363904       5.15290687552       5.21772529939    
   5.28335903866       5.34981834874       5.41711361404       5.48525534956    
   5.55425420261       5.62412095438       5.69486652171       5.76650195872    
   5.83903845861       5.91248735535       5.98686012548       6.06216838989    
   6.13842391565       6.21563861785       6.29382456144       6.37299396314    
   6.45315919331       6.53433277795       6.61652740059       6.69975590431    
   6.78403129373       6.86936673705       6.95577556811       7.04327128846    
   7.13186756949       7.22157825455       7.31241736112       7.40439908298    
   7.49753779248       7.59184804271       7.68734456987       7.78404229546    
   7.88195632870       7.98110196887       8.08149470767       8.18315023167    
   8.28608442475       8.39031337059       8.49585335517       8.60272086934    
   8.71093261136       8.82050548952       8.93145662483       9.04380335361    
   9.15756323028       9.27275403005       9.38939375170       9.50750062045    
   9.62709309072       9.74818984908       9.87080981715       9.99497215454    
   10.1206962619       10.2480017838       10.3769086121       10.5074368886    
   10.6396070088       10.7734396244       10.9089556471       11.0461762515    
   11.1851228786       11.3258172392       11.4682813169       11.6125373722    
   11.7586079452       11.9065158599       12.0562842271       12.2079364484    
   12.3614962199       12.5169875355       12.6744346911       12.8338622881    
   12.9952952374       13.1587587633       13.3242784072       13.4918800319    
   13.6615898255       13.8334343055       14.0074403230       14.1836350667    
   14.3620460675       14.5427012025       14.7256286993       14.9108571407    
   15.0984154691       15.2883329909       15.4806393810       15.6753646877    
   15.8725393372       16.0721941386       16.2743602881       16.4790693748    
   16.6863533848       16.8962447067       17.1087761364       17.3239808824    
   17.5418925709       17.7625452509       17.9859734001       18.2122119293    
   18.4412961890       18.6732619739       18.9081455292       19.1459835559    
   19.3868132167       19.6306721417       19.8775984344       20.1276306775    
   20.3808079390       20.6371697785       20.8967562529       21.1596079232    
   21.4257658605       21.6952716526       21.9681674102       22.2444957738    
   22.5242999204       22.8076235699       23.0945109922       23.3850070140    
   23.6791570259       23.9770069895       24.2786034445       24.5839935158    
   24.8932249214       25.2063459792       25.5234056150       25.8444533702    
   26.1695394089       26.4987145266       26.8320301577       27.1695383832    
   27.5112919395       27.8573442265       28.2077493153       28.5625619576    
   28.9218375935       29.2856323606       29.6540031025       30.0270073780    
   30.4047034696       30.7871503933       31.1744079070       31.5665365206    
   31.9635975050       32.3656529017       32.7727655327       33.1849990103    
   33.6024177467       34.0250869644       34.4530727064       34.8864418463    
   35.3252620989       35.7696020308       36.2195310710       36.6751195219    
   37.1364385700       37.6035602974       38.0765576927       38.5555046630    
   39.0404760444       39.5315476149       40.0287961054       40.5322992118    
   41.0421356078       41.5583849561       42.0811279218       42.6104461846    
   43.1464224515       43.6891404699       44.2386850406       44.7951420310    
   45.3585983887       45.9291421550       46.5068624783       47.0918496287    
   47.6841950117       48.2839911823       48.8913318601       49.5063119431    
   50.1290275232       50.7595759012       51.3980556013       52.0445663874    
   52.6992092781       53.3620865627       54.0333018171       54.7129599200    
   55.4011670694       56.0980307992       56.8036599955       57.5181649146    
   58.2416571991       58.9742498962       59.7160574752       60.4671958447    
   61.2277823719       61.9979358999       62.7777767666       63.5674268240    
   64.3670094563       65.1766496000       65.9964737630       66.8266100445    
   67.6671881550       68.5183394366       69.3801968833       70.2528951621    
   71.1365706339       72.0313613748       72.9374071977       73.8548496741    
   74.7838321562       75.7244997995       76.6769995851       77.6414803431    
   78.6180927756       79.6069894802       80.6083249741       81.6222557180    
   82.6489401407       83.6885386635       84.7412137261       85.8071298109    
   86.8864534695       87.9793533484       89.0860002155       90.2065669866    
   91.3412287526       92.4901628065       93.6535486718       94.8315681298    
   96.0244052485       97.2322464111       98.4552803452       99.6936981524    
   100.947693338       102.217461841       103.503202066       104.805114912    
   106.123403806       107.458274732       108.809936268       110.178599613    
   111.564478623       112.967789846       114.388752550       115.827588766    
   117.284523312       118.759783840    
 Down Pswavefunction (R/r) follows (l,n on next line)
  0 3
  0.300758632001E-06  0.605300341883E-06  0.913672714913E-06  0.122592393490E-05
  0.154210279175E-05  0.186225868905E-05  0.218644165181E-05  0.251470233428E-05
  0.284709202788E-05  0.318366266918E-05  0.352446684802E-05  0.386955781576E-05
  0.421898949358E-05  0.457281648089E-05  0.493109406389E-05  0.529387822419E-05
  0.566122564756E-05  0.603319373279E-05  0.640984060066E-05  0.679122510303E-05
  0.717740683201E-05  0.756844612929E-05  0.796440409557E-05  0.836534260010E-05
  0.877132429036E-05  0.918241260183E-05  0.959867176790E-05  0.100201668299E-04
  0.104469636474E-04  0.108791289082E-04  0.113167301391E-04  0.117598357161E-04
  0.122085148755E-04  0.126628377242E-04  0.131228752512E-04  0.135886993383E-04
  0.140603827715E-04  0.145379992523E-04  0.150216234094E-04  0.155113308098E-04
  0.160071979716E-04  0.165093023750E-04  0.170177224748E-04  0.175325377127E-04
  0.180538285298E-04  0.185816763788E-04  0.191161637370E-04  0.196573741194E-04
  0.202053920910E-04  0.207603032809E-04  0.213221943951E-04  0.218911532304E-04
  0.224672686877E-04  0.230506307864E-04  0.236413306780E-04  0.242394606606E-04
  0.248451141933E-04  0.254583859108E-04  0.260793716382E-04  0.267081684057E-04
  0.273448744643E-04  0.279895893006E-04  0.286424136528E-04  0.293034495260E-04
  0.299728002086E-04  0.306505702880E-04  0.313368656674E-04  0.320317935818E-04
  0.327354626154E-04  0.334479827179E-04  0.341694652222E-04  0.349000228616E-04
  0.356397697872E-04  0.363888215862E-04  0.371472952996E-04  0.379153094406E-04
  0.386929840132E-04  0.394804405307E-04  0.402778020351E-04  0.410851931159E-04
  0.419027399297E-04  0.427305702201E-04  0.435688133375E-04  0.444176002593E-04
  0.452770636105E-04  0.461473376841E-04  0.470285584625E-04  0.479208636385E-04
  0.488243926369E-04  0.497392866361E-04  0.506656885906E-04  0.516037432529E-04
  0.525535971962E-04  0.535153988374E-04  0.544892984603E-04  0.554754482392E-04
  0.564740022624E-04  0.574851165562E-04  0.585089491098E-04  0.595456598995E-04
  0.605954109139E-04  0.616583661793E-04  0.627346917851E-04  0.638245559097E-04
  0.649281288473E-04  0.660455830338E-04  0.671770930744E-04  0.683228357704E-04
  0.694829901470E-04  0.706577374814E-04  0.718472613308E-04  0.730517475615E-04
  0.742713843777E-04  0.755063623508E-04  0.767568744495E-04  0.780231160696E-04
  0.793052850648E-04  0.806035817774E-04  0.819182090701E-04  0.832493723567E-04
  0.845972796355E-04  0.859621415206E-04  0.873441712755E-04  0.887435848465E-04
  0.901606008957E-04  0.915954408362E-04  0.930483288659E-04  0.945194920027E-04
  0.960091601203E-04  0.975175659838E-04  0.990449452862E-04  0.100591536685E-03
  0.102157581840E-03  0.103743325451E-03  0.105349015295E-03  0.106974902266E-03
  0.108621240414E-03  0.110288286985E-03  0.111976302460E-03  0.113685550598E-03
  0.115416298473E-03  0.117168816522E-03  0.118943378581E-03  0.120740261931E-03
  0.122559747342E-03  0.124402119115E-03  0.126267665127E-03  0.128156676876E-03
  0.130069449527E-03  0.132006281958E-03  0.133967476806E-03  0.135953340516E-03
  0.137964183385E-03  0.140000319617E-03  0.142062067364E-03  0.144149748785E-03
  0.146263690086E-03  0.148404221581E-03  0.150571677735E-03  0.152766397224E-03
  0.154988722981E-03  0.157239002254E-03  0.159517586659E-03  0.161824832236E-03
  0.164161099501E-03  0.166526753506E-03  0.168922163898E-03  0.171347704968E-03
  0.173803755720E-03  0.176290699924E-03  0.178808926177E-03  0.181358827963E-03
  0.183940803719E-03  0.186555256891E-03  0.189202596001E-03  0.191883234710E-03
  0.194597591882E-03  0.197346091650E-03  0.200129163484E-03  0.202947242252E-03
  0.205800768297E-03  0.208690187499E-03  0.211615951347E-03  0.214578517008E-03
  0.217578347403E-03  0.220615911273E-03  0.223691683257E-03  0.226806143965E-03
  0.229959780052E-03  0.233153084295E-03  0.236386555668E-03  0.239660699426E-03
  0.242976027176E-03  0.246333056962E-03  0.249732313346E-03  0.253174327485E-03
  0.256659637222E-03  0.260188787164E-03  0.263762328768E-03  0.267380820429E-03
  0.271044827567E-03  0.274754922713E-03  0.278511685603E-03  0.282315703263E-03
  0.286167570105E-03  0.290067888019E-03  0.294017266466E-03  0.298016322574E-03
  0.302065681234E-03  0.306165975199E-03  0.310317845181E-03  0.314521939953E-03
  0.318778916450E-03  0.323089439869E-03  0.327454183778E-03  0.331873830216E-03
  0.336349069805E-03  0.340880601853E-03  0.345469134466E-03  0.350115384658E-03
  0.354820078465E-03  0.359583951055E-03  0.364407746845E-03  0.369292219617E-03
  0.374238132638E-03  0.379246258775E-03  0.384317380619E-03  0.389452290606E-03
  0.394651791143E-03  0.399916694731E-03  0.405247824094E-03  0.410646012304E-03
  0.416112102917E-03  0.421646950100E-03  0.427251418767E-03  0.432926384715E-03
  0.438672734757E-03  0.444491366866E-03  0.450383190311E-03  0.456349125801E-03
  0.462390105631E-03  0.468507073824E-03  0.474700986282E-03  0.480972810932E-03
  0.487323527881E-03  0.493754129567E-03  0.500265620917E-03  0.506859019499E-03
  0.513535355687E-03  0.520295672818E-03  0.527141027358E-03  0.534072489066E-03
  0.541091141161E-03  0.548198080492E-03  0.555394417711E-03  0.562681277443E-03
  0.570059798467E-03  0.577531133890E-03  0.585096451330E-03  0.592756933096E-03
  0.600513776378E-03  0.608368193429E-03  0.616321411757E-03  0.624374674319E-03
  0.632529239711E-03  0.640786382371E-03  0.649147392772E-03  0.657613577630E-03
  0.666186260104E-03  0.674866780006E-03  0.683656494010E-03  0.692556775864E-03
  0.701569016605E-03  0.710694624779E-03  0.719935026657E-03  0.729291666464E-03
  0.738766006602E-03  0.748359527879E-03  0.758073729741E-03  0.767910130508E-03
  0.777870267614E-03  0.787955697841E-03  0.798167997570E-03  0.808508763024E-03
  0.818979610521E-03  0.829582176725E-03  0.840318118902E-03  0.851189115184E-03
  0.862196864826E-03  0.873343088479E-03  0.884629528454E-03  0.896057948998E-03
  0.907630136571E-03  0.919347900127E-03  0.931213071393E-03  0.943227505163E-03
  0.955393079584E-03  0.967711696451E-03  0.980185281510E-03  0.992815784756E-03
  0.100560518074E-02  0.101855546887E-02  0.103166867376E-02  0.104494684549E-02
  0.105839205998E-02  0.107200641929E-02  0.108579205196E-02  0.109975111333E-02
  0.111388578590E-02  0.112819827966E-02  0.114269083243E-02  0.115736571023E-02
  0.117222520764E-02  0.118727164811E-02  0.120250738440E-02  0.121793479891E-02
  0.123355630403E-02  0.124937434258E-02  0.126539138815E-02  0.128160994549E-02
  0.129803255094E-02  0.131466177278E-02  0.133150021168E-02  0.134855050108E-02
  0.136581530762E-02  0.138329733154E-02  0.140099930713E-02  0.141892400316E-02
  0.143707422329E-02  0.145545280655E-02  0.147406262774E-02  0.149290659795E-02
  0.151198766493E-02  0.153130881365E-02  0.155087306672E-02  0.157068348485E-02
  0.159074316738E-02  0.161105525276E-02  0.163162291899E-02  0.165244938422E-02
  0.167353790717E-02  0.169489178769E-02  0.171651436728E-02  0.173840902962E-02
  0.176057920107E-02  0.178302835128E-02  0.180575999367E-02  0.182877768604E-02
  0.185208503109E-02  0.187568567705E-02  0.189958331819E-02  0.192378169546E-02
  0.194828459705E-02  0.197309585902E-02  0.199821936589E-02  0.202365905127E-02
  0.204941889848E-02  0.207550294118E-02  0.210191526400E-02  0.212866000325E-02
  0.215574134751E-02  0.218316353832E-02  0.221093087088E-02  0.223904769470E-02
  0.226751841434E-02  0.229634749006E-02  0.232553943857E-02  0.235509883375E-02
  0.238503030737E-02  0.241533854985E-02  0.244602831097E-02  0.247710440070E-02
  0.250857168991E-02  0.254043511119E-02  0.257269965961E-02  0.260537039357E-02
  0.263845243558E-02  0.267195097307E-02  0.270587125929E-02  0.274021861409E-02
  0.277499842480E-02  0.281021614714E-02  0.284587730603E-02  0.288198749656E-02
  0.291855238484E-02  0.295557770895E-02  0.299306927985E-02  0.303103298235E-02
  0.306947477603E-02  0.310840069626E-02  0.314781685514E-02  0.318772944253E-02
  0.322814472702E-02  0.326906905700E-02  0.331050886168E-02  0.335247065211E-02
  0.339496102233E-02  0.343798665038E-02  0.348155429940E-02  0.352567081880E-02
  0.357034314535E-02  0.361557830430E-02  0.366138341062E-02  0.370776567008E-02
  0.375473238053E-02  0.380229093306E-02  0.385044881325E-02  0.389921360240E-02
  0.394859297883E-02  0.399859471911E-02  0.404922669940E-02  0.410049689677E-02
  0.415241339051E-02  0.420498436352E-02  0.425821810367E-02  0.431212300521E-02
  0.436670757017E-02  0.442198040983E-02  0.447795024616E-02  0.453462591330E-02
  0.459201635910E-02  0.465013064659E-02  0.470897795559E-02  0.476856758424E-02
  0.482890895063E-02  0.489001159441E-02  0.495188517843E-02  0.501453949042E-02
  0.507798444470E-02  0.514223008387E-02  0.520728658061E-02  0.527316423942E-02
  0.533987349845E-02  0.540742493130E-02  0.547582924895E-02  0.554509730157E-02
  0.561524008052E-02  0.568626872026E-02  0.575819450034E-02  0.583102884744E-02
  0.590478333739E-02  0.597946969729E-02  0.605509980759E-02  0.613168570429E-02
  0.620923958106E-02  0.628777379156E-02  0.636730085161E-02  0.644783344156E-02
  0.652938440858E-02  0.661196676908E-02  0.669559371111E-02  0.678027859681E-02
  0.686603496494E-02  0.695287653344E-02  0.704081720196E-02  0.712987105456E-02
  0.722005236239E-02  0.731137558639E-02  0.740385538008E-02  0.749750659243E-02
  0.759234427070E-02  0.768838366338E-02  0.778564022323E-02  0.788412961024E-02
  0.798386769481E-02  0.808487056088E-02  0.818715450913E-02  0.829073606029E-02
  0.839563195846E-02  0.850185917454E-02  0.860943490968E-02  0.871837659884E-02
  0.882870191439E-02  0.894042876977E-02  0.905357532329E-02  0.916815998191E-02
  0.928420140518E-02  0.940171850920E-02  0.952073047071E-02  0.964125673122E-02
  0.976331700122E-02  0.988693126458E-02  0.100121197829E-01  0.101389031000E-01
  0.102673020465E-01  0.103973377448E-01  0.105290316133E-01  0.106624053720E-01
  0.107974810469E-01  0.109342809756E-01  0.110728278122E-01  0.112131445327E-01
  0.113552544407E-01  0.114991811728E-01  0.116449487044E-01  0.117925813554E-01
  0.119421037964E-01  0.120935410547E-01  0.122469185206E-01  0.124022619539E-01
  0.125595974902E-01  0.127189516481E-01  0.128803513355E-01  0.130438238573E-01
  0.132093969220E-01  0.133770986495E-01  0.135469575787E-01  0.137190026749E-01
  0.138932633385E-01  0.140697694121E-01  0.142485511899E-01  0.144296394259E-01
  0.146130653424E-01  0.147988606396E-01  0.149870575045E-01  0.151776886205E-01
  0.153707871774E-01  0.155663868810E-01  0.157645219638E-01  0.159652271953E-01
  0.161685378932E-01  0.163744899342E-01  0.165831197654E-01  0.167944644167E-01
  0.170085615123E-01  0.172254492832E-01  0.174451665803E-01  0.176677528876E-01
  0.178932483350E-01  0.181216937133E-01  0.183531304875E-01  0.185876008124E-01
  0.188251475471E-01  0.190658142709E-01  0.193096452993E-01  0.195566857006E-01
  0.198069813129E-01  0.200605787615E-01  0.203175254773E-01  0.205778697149E-01
  0.208416605723E-01  0.211089480103E-01  0.213797828730E-01  0.216542169087E-01
  0.219323027918E-01  0.222140941447E-01  0.224996455612E-01  0.227890126300E-01
  0.230822519593E-01  0.233794212020E-01  0.236805790817E-01  0.239857854199E-01
  0.242951011633E-01  0.246085884129E-01  0.249263104532E-01  0.252483317832E-01
  0.255747181475E-01  0.259055365692E-01  0.262408553835E-01  0.265807442722E-01
  0.269252743001E-01  0.272745179518E-01  0.276285491703E-01  0.279874433963E-01
  0.283512776096E-01  0.287201303714E-01  0.290940818678E-01  0.294732139556E-01
  0.298576102089E-01  0.302473559675E-01  0.306425383875E-01  0.310432464926E-01
  0.314495712281E-01  0.318616055165E-01  0.322794443147E-01  0.327031846740E-01
  0.331329258009E-01  0.335687691216E-01  0.340108183477E-01  0.344591795442E-01
  0.349139612008E-01  0.353752743048E-01  0.358432324170E-01  0.363179517502E-01
  0.367995512508E-01  0.372881526828E-01  0.377838807152E-01  0.382868630126E-01
  0.387972303286E-01  0.393151166030E-01  0.398406590626E-01  0.403739983251E-01
  0.409152785070E-01  0.414646473360E-01  0.420222562665E-01  0.425882605998E-01
  0.431628196092E-01  0.437460966681E-01  0.443382593847E-01  0.449394797401E-01
  0.455499342321E-01  0.461698040242E-01  0.467992750998E-01  0.474385384222E-01
  0.480877901005E-01  0.487472315611E-01  0.494170697260E-01  0.500975171969E-01
  0.507887924469E-01  0.514911200179E-01  0.522047307263E-01  0.529298618753E-01
  0.536667574750E-01  0.544156684708E-01  0.551768529792E-01  0.559505765326E-01
  0.567371123325E-01  0.575367415115E-01  0.583497534045E-01  0.591764458297E-01
  0.600171253790E-01  0.608721077182E-01  0.617417178976E-01  0.626262906736E-01
  0.635261708403E-01  0.644417135723E-01  0.653732847793E-01  0.663212614713E-01
  0.672860321364E-01  0.682679971298E-01  0.692675690756E-01  0.702851732798E-01
  0.713212481570E-01  0.723762456687E-01  0.734506317743E-01  0.745448868954E-01
  0.756595063914E-01  0.767950010492E-01  0.779518975839E-01  0.791307391529E-01
  0.803320858808E-01  0.815565153973E-01  0.828046233849E-01  0.840770241380E-01
  0.853743511321E-01  0.866972576013E-01  0.880464171253E-01  0.894225242219E-01
  0.908262949468E-01  0.922584674971E-01  0.937198028170E-01  0.952110852050E-01
  0.967331229189E-01  0.982867487770E-01  0.998728207523E-01  0.101492222557    
  0.103145864212      0.104834682601      0.106559641999      0.108321734579    
  0.110121980880      0.111961430238      0.113841161176      0.115762281735    
  0.117725929746      0.119733273032      0.121785509529      0.123883867318    
  0.126029604550      0.128224009258      0.130468399039      0.132764120589    
  0.135112549077      0.137515087339      0.139973164872      0.142488236608    
  0.145061781445      0.147695300512      0.150390315142      0.153148364522    
  0.155971002998      0.158859796999      0.161816321550      0.164842156333    
  0.167938881281      0.171108071638      0.174351292472      0.177670092597    
  0.181065997845      0.184540503686      0.188095067114      0.191731097794    
  0.195449948411      0.199252904198      0.203141171604      0.207115866074    
  0.211177998921      0.215328463270      0.219568019060      0.223897277122    
  0.228316682319      0.232826495794      0.237426776355      0.242117361059    
  0.246897845073      0.251767560907      0.256725557153      0.261770576880    
  0.266901035859      0.272115000856      0.277410168217      0.282783843055    
  0.288232919358      0.293753861371      0.299342686680      0.304994951416    
  0.310705738071      0.316469646431      0.322280788164      0.328132785624    
  0.334018775425      0.339931417382      0.345862909335      0.351805008422    
  0.357749059246      0.363686029351      0.369606552335      0.375500978769    
  0.381359434988      0.387171889614      0.392928227482      0.398618330403    
  0.404232163918      0.409759868955      0.415191856930      0.420518906574    
  0.425732260382      0.430823718294      0.435785725871      0.440611453947    
  0.445294866504      0.449830773304      0.454214863740      0.458443718363    
  0.462514794706      0.466426384366      0.470177538903      0.473767962964    
  0.477197874324      0.480467832241      0.483578537855      0.486530613440    
  0.489324371304      0.491959588336      0.494435308801      0.496749706380    
  0.498900046973      0.500882806847      0.502694073189      0.504329732223    
  0.505786021595      0.507059304828      0.508146144390      0.509043307528    
  0.509747769075      0.510256712788      0.510567532320      0.510677832598    
  0.510585432064      0.510288366070      0.509784891560      0.509073493039    
  0.508152889820      0.507022044415      0.505680171969      0.504126750553    
  0.502361532147      0.500384554094      0.498196150814      0.495796965523    
  0.493187961693      0.490370433979      0.487346018316      0.484116700887    
  0.480684825650      0.477053100148      0.473224599299      0.469202766932    
  0.464991414849      0.460594719247      0.456017214388      0.451263783479    
  0.446339646763      0.441250346926      0.436001731954      0.430599935649    
  0.425051356067      0.419362632158      0.413540618950      0.407592361609    
  0.401525068721      0.395346085147      0.389062864785      0.382682943537    
  0.376213912787      0.369663393588      0.363039012019      0.356348375463    
  0.349599050388      0.342798541559      0.335954272818      0.329073569512    
  0.322163642589      0.315231574410      0.308284306257      0.301328627517    
  0.294371166507      0.287418382881      0.280476561553      0.273551808044    
  0.266650045171      0.259777010957      0.252938257669      0.246139151838    
  0.239384875156      0.232680426098      0.226030622134      0.219440102410    
  0.212913330718      0.206454598658      0.200068028827      0.193757577912    
  0.187527039576      0.181380047007      0.175320075055      0.169350441857    
  0.163474309898      0.157694686463      0.152014423459      0.146436216601    
  0.140962603996      0.135595964156      0.130338513508      0.125192303486    
  0.120159217298      0.115240966464      0.110439087272      0.105754937238    
  0.101189691721      0.967443408021E-01  0.924196865447E-01  0.882163407465E-01
  0.841347232771E-01  0.801750610881E-01  0.763373879629E-01  0.726215450620E-01
  0.690271823014E-01  0.655537605876E-01  0.622005549161E-01  0.589666583262E-01
  0.558509866916E-01  0.528522843141E-01  0.499691302760E-01  0.471999454988E-01
  0.445430004474E-01  0.419964234137E-01  0.395582093067E-01  0.372262288765E-01
  0.349982382948E-01  0.328718890149E-01  0.308447378363E-01  0.289142570978E-01
  0.270778449270E-01  0.253328354780E-01  0.236765090898E-01  0.221061023070E-01
  0.206188177024E-01  0.192118334530E-01  0.178823126200E-01  0.166274120922E-01
  0.154442911560E-01  0.143301196599E-01  0.132820857469E-01  0.122974031347E-01
  0.113733179233E-01  0.105071149217E-01  0.969612348085E-02  0.893772283290E-02
  0.822934693244E-02  0.756848880486E-02  0.695270440683E-02  0.637961600785E-02
  0.584691510430E-02  0.535236487963E-02  0.489380222637E-02  0.446913934725E-02
  0.407636495451E-02  0.371354508725E-02  0.337882356802E-02  0.307042212049E-02
  0.278664017043E-02  0.252585435283E-02  0.228651774797E-02  0.206715886924E-02
  0.186638042541E-02  0.168285787979E-02  0.151533782794E-02  0.136263621562E-02
  0.122363641742E-02  0.109728719614E-02  0.982600562055E-03  0.878649550256E-03
  0.784565933494E-03  0.699537886784E-03  0.622807619156E-03  0.553668986872E-03
  0.491465101376E-03  0.435585944237E-03  0.385466000285E-03  0.340581919112E-03
  0.300450214125E-03  0.264625007336E-03  0.232695827076E-03  0.204285465156E-03
  0.179047897849E-03  0.156666280864E-03  0.136850995278E-03  0.119337852162E-03
  0.103886144355E-03  0.902772293785E-04  0.783125784475E-04  0.678122467050E-04
  0.586135863709E-04  0.505699025455E-04  0.435491397837E-04  0.374326475431E-04
  0.321140248238E-04  0.274980414549E-04  0.234996333052E-04  0.200429685591E-04
  0.170605820804E-04  0.144925748015E-04  0.122858750186E-04  0.103935584365E-04
  0.877422379578E-05  0.739142092552E-05  0.621312809431E-05  0.521127557899E-05
  0.436131243384E-05  0.364181352016E-05  0.303412394483E-05  0.252203815609E-05
  0.209151105244E-05  0.173039857540E-05  0.142822537678E-05  0.117597727473E-05
  0.965916339256E-06  0.791416574508E-06  0.646818292762E-06  0.527299400528E-06
  0.428761941229E-06  0.347732359751E-06  0.281274071476E-06  0.226911031499E-06
  0.182561108146E-06  0.146478168251E-06  0.117201879607E-06  0.935143284427E-07
  0.744026364999E-07  0.590268433084E-07  0.466923945705E-07  0.368266472520E-07
  0.289588661761E-07  0.227032457833E-07  0.177445444702E-07  0.138259677791E-07
  0.107389809389E-07  0.831477111558E-08  0.641711550739E-08  0.493644339302E-08
  0.378490869385E-08  0.289231483147E-08  0.220275591835E-08  0.167185788153E-08
  0.126452024063E-08  0.953074185164E-09  0.715785548800E-09  0.535642474686E-09
  0.399377202582E-09  0.296679668684E-09  0.219567658976E-09  0.161884248766E-09
  0.118898331772E-09  0.869883151118E-10  0.633926417015E-10  0.460137966877E-10
  0.332649458022E-10  0.239504166146E-10  0.171729346361E-10  0.122619224115E-10
  0.871831060651E-11  0.617223814353E-11  0.435076991600E-11  0.305336633568E-11
  0.213332493603E-11  0.148380233561E-11  0.102733331125E-11  0.708007720513E-12
  0.485658090512E-12  0.331561168917E-12  0.225274046504E-12  0.152316467342E-12
  0.102481190402E-12  0.686082174974E-13  0.456999272949E-13  0.302854939785E-13
  0.199666693136E-13  0.130948363957E-13  0.854258550767E-14  0.554299329506E-14
  0.357713820071E-14  0.229579785500E-14  0.146523730924E-14  0.929882640710E-15
  0.586763683156E-15  0.368113629914E-15  0.229589716101E-15  0.142345157173E-15
  0.877243496396E-16  0.537343331341E-16  0.327118002853E-16  0.197899233264E-16
  0.118969774082E-16  0.710636259949E-17  0.421736502218E-17  0.248646629057E-17
  0.145624858705E-17  0.847156326698E-18  0.489474171224E-18  0.280864460953E-18
  0.160039328672E-18  0.905484925466E-19  0.508652828828E-19  0.283666535180E-19
  0.157036756995E-19  0.862900502341E-20  0.470593140875E-20  0.254691423396E-20
  0.136780134633E-20  0.728848864497E-21  0.385396650054E-21  0.202161085112E-21
  0.105187121857E-21  0.542823495435E-22
 Down Pswavefunction (R/r) follows (l,n on next line)
  1 3
  0.474801682926E-12  0.192317093345E-11  0.438184851560E-11  0.788865742393E-11
  0.124825321939E-10  0.182035489783E-10  0.250929564097E-10  0.331932072682E-10
  0.425479909768E-10  0.532022669437E-10  0.652022987754E-10  0.785956893804E-10
  0.934314169894E-10  0.109759872113E-09  0.127632895461E-09  0.147103816853E-09
  0.168227495135E-09  0.191060359141E-09  0.215660449714E-09  0.242087462828E-09
  0.270402793819E-09  0.300669582772E-09  0.332952761092E-09  0.367319099271E-09
  0.403837255904E-09  0.442577827977E-09  0.483613402454E-09  0.527018609207E-09
  0.572870175312E-09  0.621246980760E-09  0.672230115602E-09  0.725902938584E-09
  0.782351137290E-09  0.841662789849E-09  0.903928428237E-09  0.969241103214E-09
  0.103769645094E-08  0.110939276132E-08  0.118443104812E-08  0.126291512084E-08
  0.134495165857E-08  0.143065028560E-08  0.152012364908E-08  0.161348749867E-08
  0.171086076823E-08  0.181236565961E-08  0.191812772864E-08  0.202827597329E-08
  0.214294292411E-08  0.226226473709E-08  0.238638128873E-08  0.251543627375E-08
  0.264957730523E-08  0.278895601729E-08  0.293372817048E-08  0.308405375990E-08
  0.324009712598E-08  0.340202706828E-08  0.357001696209E-08  0.374424487806E-08
  0.392489370494E-08  0.411215127544E-08  0.430621049537E-08  0.450726947599E-08
  0.471553166995E-08  0.493120601049E-08  0.515450705442E-08  0.538565512868E-08
  0.562487648060E-08  0.587240343220E-08  0.612847453821E-08  0.639333474840E-08
  0.666723557386E-08  0.695043525765E-08  0.724319894984E-08  0.754579888701E-08
  0.785851457629E-08  0.818163298428E-08  0.851544873061E-08  0.886026428664E-08
  0.921639017916E-08  0.958414519928E-08  0.996385661678E-08  0.103558603998E-07
  0.107605014404E-07  0.111781337856E-07  0.116091208743E-07  0.120538357810E-07
  0.125126614646E-07  0.129859910245E-07  0.134742279626E-07  0.139777864528E-07
  0.144970916166E-07  0.150325798059E-07  0.155846988937E-07  0.161539085712E-07
  0.167406806533E-07  0.173454993915E-07  0.179688617952E-07  0.186112779607E-07
  0.192732714087E-07  0.199553794309E-07  0.206581534452E-07  0.213821593594E-07
  0.221279779451E-07  0.228962052207E-07  0.236874528441E-07  0.245023485156E-07
  0.253415363911E-07  0.262056775057E-07  0.270954502082E-07  0.280115506068E-07
  0.289546930260E-07  0.299256104749E-07  0.309250551286E-07  0.319537988200E-07
  0.330126335460E-07  0.341023719856E-07  0.352238480311E-07  0.363779173337E-07
  0.375654578620E-07  0.387873704757E-07  0.400445795129E-07  0.413380333935E-07
  0.426687052369E-07  0.440375934965E-07  0.454457226092E-07  0.468941436626E-07
  0.483839350783E-07  0.499162033135E-07  0.514920835792E-07  0.531127405782E-07
  0.547793692608E-07  0.564931956001E-07  0.582554773874E-07  0.600675050468E-07
  0.619306024723E-07  0.638461278841E-07  0.658154747087E-07  0.678400724797E-07
  0.699213877631E-07  0.720609251049E-07  0.742602280032E-07  0.765208799056E-07
  0.788445052312E-07  0.812327704191E-07  0.836873850034E-07  0.862101027154E-07
  0.888027226143E-07  0.914670902464E-07  0.942050988334E-07  0.970186904920E-07
  0.999098574830E-07  0.102880643494E-06  0.105933144953E-06  0.109069512376E-06
  0.112291951749E-06  0.115602725948E-06  0.119004156188E-06  0.122498623515E-06
  0.126088570333E-06  0.129776501976E-06  0.133564988307E-06  0.137456665370E-06
  0.141454237080E-06  0.145560476955E-06  0.149778229890E-06  0.154110413981E-06
  0.158560022393E-06  0.163130125274E-06  0.167823871722E-06  0.172644491794E-06
  0.177595298575E-06  0.182679690297E-06  0.187901152504E-06  0.193263260288E-06
  0.198769680561E-06  0.204424174409E-06  0.210230599480E-06  0.216192912454E-06
  0.222315171566E-06  0.228601539192E-06  0.235056284503E-06  0.241683786190E-06
  0.248488535250E-06  0.255475137851E-06  0.262648318264E-06  0.270012921875E-06
  0.277573918264E-06  0.285336404373E-06  0.293305607750E-06  0.301486889873E-06
  0.309885749560E-06  0.318507826468E-06  0.327358904678E-06  0.336444916374E-06
  0.345771945607E-06  0.355346232170E-06  0.365174175555E-06  0.375262339018E-06
  0.385617453754E-06  0.396246423161E-06  0.407156327230E-06  0.418354427033E-06
  0.429848169334E-06  0.441645191311E-06  0.453753325401E-06  0.466180604268E-06
  0.478935265896E-06  0.492025758809E-06  0.505460747429E-06  0.519249117566E-06
  0.533399982047E-06  0.547922686490E-06  0.562826815225E-06  0.578122197358E-06
  0.593818913003E-06  0.609927299656E-06  0.626457958742E-06  0.643421762324E-06
  0.660829859984E-06  0.678693685873E-06  0.697024965948E-06  0.715835725386E-06
  0.735138296191E-06  0.754945324989E-06  0.775269781024E-06  0.796124964359E-06
  0.817524514277E-06  0.839482417901E-06  0.862013019038E-06  0.885131027232E-06
  0.908851527060E-06  0.933189987662E-06  0.958162272503E-06  0.983784649396E-06
  0.101007380077E-05  0.103704683420E-05  0.106472129320E-05  0.109311516832E-05
  0.112224690845E-05  0.115213543252E-05  0.118280014139E-05  0.121426093009E-05
  0.124653820041E-05  0.127965287372E-05  0.131362640419E-05  0.134848079229E-05
  0.138423859871E-05  0.142092295851E-05  0.145855759577E-05  0.149716683850E-05
  0.153677563400E-05  0.157740956454E-05  0.161909486353E-05  0.166185843199E-05
  0.170572785554E-05  0.175073142175E-05  0.179689813797E-05  0.184425774959E-05
  0.189284075876E-05  0.194267844360E-05  0.199380287792E-05  0.204624695136E-05
  0.210004439012E-05  0.215522977820E-05  0.221183857913E-05  0.226990715831E-05
  0.232947280587E-05  0.239057376017E-05  0.245324923182E-05  0.251753942835E-05
  0.258348557951E-05  0.265112996320E-05  0.272051593206E-05  0.279168794072E-05
  0.286469157376E-05  0.293957357438E-05  0.301638187378E-05  0.309516562126E-05
  0.317597521519E-05  0.325886233460E-05  0.334387997174E-05  0.343108246531E-05
  0.352052553468E-05  0.361226631482E-05  0.370636339229E-05  0.380287684197E-05
  0.390186826485E-05  0.400340082669E-05  0.410753929774E-05  0.421435009339E-05
  0.432390131589E-05  0.443626279711E-05  0.455150614243E-05  0.466970477566E-05
  0.479093398516E-05  0.491527097112E-05  0.504279489400E-05  0.517358692428E-05
  0.530773029333E-05  0.544531034572E-05  0.558641459279E-05  0.573113276753E-05
  0.587955688092E-05  0.603178127966E-05  0.618790270542E-05  0.634802035547E-05
  0.651223594497E-05  0.668065377077E-05  0.685338077686E-05  0.703052662144E-05
  0.721220374570E-05  0.739852744438E-05  0.758961593808E-05  0.778559044739E-05
  0.798657526891E-05  0.819269785324E-05  0.840408888488E-05  0.862088236415E-05
  0.884321569127E-05  0.907122975246E-05  0.930506900830E-05  0.954488158428E-05
  0.979081936369E-05  0.100430380828E-04  0.103016974284E-04  0.105669611382E-04
  0.108389971031E-04  0.111179774725E-04  0.114040787623E-04  0.116974819656E-04
  0.119983726658E-04  0.123069411532E-04  0.126233825439E-04  0.129478969027E-04
  0.132806893676E-04  0.136219702788E-04  0.139719553106E-04  0.143308656062E-04
  0.146989279163E-04  0.150763747413E-04  0.154634444766E-04  0.158603815623E-04
  0.162674366361E-04  0.166848666903E-04  0.171129352324E-04  0.175519124509E-04
  0.180020753836E-04  0.184637080919E-04  0.189371018378E-04  0.194225552670E-04
  0.199203745954E-04  0.204308738011E-04  0.209543748207E-04  0.214912077510E-04
  0.220417110556E-04  0.226062317766E-04  0.231851257521E-04  0.237787578384E-04
  0.243875021391E-04  0.250117422384E-04  0.256518714417E-04  0.263082930214E-04
  0.269814204695E-04  0.276716777560E-04  0.283794995943E-04  0.291053317133E-04
  0.298496311359E-04  0.306128664652E-04  0.313955181776E-04  0.321980789231E-04
  0.330210538335E-04  0.338649608386E-04  0.347303309897E-04  0.356177087920E-04
  0.365276525448E-04  0.374607346910E-04  0.384175421746E-04  0.393986768078E-04
  0.404047556476E-04  0.414364113809E-04  0.424942927204E-04  0.435790648102E-04
  0.446914096411E-04  0.458320264775E-04  0.470016322935E-04  0.482009622219E-04
  0.494307700129E-04  0.506918285055E-04  0.519849301099E-04  0.533108873032E-04
  0.546705331365E-04  0.560647217553E-04  0.574943289333E-04  0.589602526191E-04
  0.604634134975E-04  0.620047555638E-04  0.635852467137E-04  0.652058793479E-04
  0.668676709910E-04  0.685716649276E-04  0.703189308529E-04  0.721105655409E-04
  0.739476935288E-04  0.758314678188E-04  0.777630705977E-04  0.797437139747E-04
  0.817746407377E-04  0.838571251286E-04  0.859924736381E-04  0.881820258212E-04
  0.904271551322E-04  0.927292697817E-04  0.950898136143E-04  0.975102670097E-04
  0.999921478048E-04  0.102537012241E-03  0.105146455933E-03  0.107822114864E-03
  0.110565666407E-03  0.113378830367E-03  0.116263370055E-03  0.119221093385E-03
  0.122253854000E-03  0.125363552431E-03  0.128552137272E-03  0.131821606404E-03
  0.135174008230E-03  0.138611442956E-03  0.142136063893E-03  0.145750078804E-03
  0.149455751271E-03  0.153255402110E-03  0.157151410809E-03  0.161146217011E-03
  0.165242322032E-03  0.169442290414E-03  0.173748751520E-03  0.178164401172E-03
  0.182692003322E-03  0.187334391770E-03  0.192094471928E-03  0.196975222623E-03
  0.201979697944E-03  0.207111029144E-03  0.212372426581E-03  0.217767181710E-03
  0.223298669126E-03  0.228970348661E-03  0.234785767527E-03  0.240748562514E-03
  0.246862462250E-03  0.253131289510E-03  0.259558963584E-03  0.266149502709E-03
  0.272907026553E-03  0.279835758771E-03  0.286940029618E-03  0.294224278629E-03
  0.301693057368E-03  0.309351032240E-03  0.317202987383E-03  0.325253827620E-03
  0.333508581495E-03  0.341972404376E-03  0.350650581645E-03  0.359548531957E-03
  0.368671810585E-03  0.378026112854E-03  0.387617277646E-03  0.397451291009E-03
  0.407534289838E-03  0.417872565667E-03  0.428472568534E-03  0.439340910961E-03
  0.450484372018E-03  0.461909901499E-03  0.473624624189E-03  0.485635844252E-03
  0.497951049710E-03  0.510577917049E-03  0.523524315928E-03  0.536798314008E-03
  0.550408181899E-03  0.564362398231E-03  0.578669654847E-03  0.593338862125E-03
  0.608379154433E-03  0.623799895712E-03  0.639610685205E-03  0.655821363315E-03
  0.672442017620E-03  0.689482989025E-03  0.706954878065E-03  0.724868551369E-03
  0.743235148278E-03  0.762066087619E-03  0.781373074654E-03  0.801168108192E-03
  0.821463487874E-03  0.842271821638E-03  0.863606033361E-03  0.885479370691E-03
  0.907905413065E-03  0.930898079923E-03  0.954471639118E-03  0.978640715531E-03
  0.100342029989E-02  0.102882575782E-02  0.105487283907E-02  0.108157768699E-02
  0.110895684825E-02  0.113702728275E-02  0.116580637383E-02  0.119531193860E-02
  0.122556223869E-02  0.125657599111E-02  0.128837237943E-02  0.132097106524E-02
  0.135439219980E-02  0.138865643611E-02  0.142378494107E-02  0.145979940814E-02
  0.149672207010E-02  0.153457571224E-02  0.157338368583E-02  0.161316992183E-02
  0.165395894505E-02  0.169577588852E-02  0.173864650823E-02  0.178259719827E-02
  0.182765500620E-02  0.187384764891E-02  0.192120352870E-02  0.196975174985E-02
  0.201952213552E-02  0.207054524497E-02  0.212285239130E-02  0.217647565947E-02
  0.223144792480E-02  0.228780287184E-02  0.234557501368E-02  0.240479971168E-02
  0.246551319567E-02  0.252775258455E-02  0.259155590733E-02  0.265696212471E-02
  0.272401115106E-02  0.279274387688E-02  0.286320219177E-02  0.293542900788E-02
  0.300946828386E-02  0.308536504933E-02  0.316316542984E-02  0.324291667237E-02
  0.332466717138E-02  0.340846649536E-02  0.349436541395E-02  0.358241592563E-02
  0.367267128595E-02  0.376518603632E-02  0.386001603341E-02  0.395721847910E-02
  0.405685195105E-02  0.415897643385E-02  0.426365335078E-02  0.437094559617E-02
  0.448091756837E-02  0.459363520340E-02  0.470916600912E-02  0.482757910013E-02
  0.494894523325E-02  0.507333684367E-02  0.520082808170E-02  0.533149485020E-02
  0.546541484268E-02  0.560266758196E-02  0.574333445960E-02  0.588749877587E-02
  0.603524578047E-02  0.618666271379E-02  0.634183884893E-02  0.650086553426E-02
  0.666383623672E-02  0.683084658567E-02  0.700199441741E-02  0.717737982034E-02
  0.735710518069E-02  0.754127522885E-02  0.772999708639E-02  0.792338031350E-02
  0.812153695717E-02  0.832458159975E-02  0.853263140819E-02  0.874580618374E-02
  0.896422841205E-02  0.918802331395E-02  0.941731889645E-02  0.965224600431E-02
  0.989293837193E-02  0.101395326756E-01  0.103921685863E-01  0.106509888220E-01
  0.109161392015E-01  0.111877686974E-01  0.114660294894E-01  0.117510770182E-01
  0.120430700392E-01  0.123421706758E-01  0.126485444733E-01  0.129623604523E-01
  0.132837911619E-01  0.136130127332E-01  0.139502049312E-01  0.142955512080E-01
  0.146492387544E-01  0.150114585507E-01  0.153824054183E-01  0.157622780687E-01
  0.161512791531E-01  0.165496153105E-01  0.169574972145E-01  0.173751396197E-01
  0.178027614060E-01  0.182405856221E-01  0.186888395272E-01  0.191477546312E-01
  0.196175667332E-01  0.200985159580E-01  0.205908467905E-01  0.210948081082E-01
  0.216106532112E-01  0.221386398498E-01  0.226790302495E-01  0.232320911333E-01
  0.237980937414E-01  0.243773138469E-01  0.249700317697E-01  0.255765323860E-01
  0.261971051350E-01  0.268320440213E-01  0.274816476145E-01  0.281462190439E-01
  0.288260659903E-01  0.295215006727E-01  0.302328398313E-01  0.309604047063E-01
  0.317045210122E-01  0.324655189072E-01  0.332437329591E-01  0.340395021057E-01
  0.348531696114E-01  0.356850830189E-01  0.365355940968E-01  0.374050587823E-01
  0.382938371206E-01  0.392022931992E-01  0.401307950792E-01  0.410797147219E-01
  0.420494279138E-01  0.430403141864E-01  0.440527567353E-01  0.450871423360E-01
  0.461438612585E-01  0.472233071809E-01  0.483258771023E-01  0.494519712565E-01
  0.506019930264E-01  0.517763488607E-01  0.529754481932E-01  0.541997033672E-01
  0.554495295636E-01  0.567253447364E-01  0.580275695556E-01  0.593566273593E-01
  0.607129441159E-01  0.620969483990E-01  0.635090713750E-01  0.649497468073E-01
  0.664194110757E-01  0.679185032161E-01  0.694474649793E-01  0.710067409127E-01
  0.725967784648E-01  0.742180281159E-01  0.758709435347E-01  0.775559817630E-01
  0.792736034302E-01  0.810242729964E-01  0.828084590274E-01  0.846266344994E-01
  0.864792771338E-01  0.883668697621E-01  0.902899007180E-01  0.922488642550E-01
  0.942442609864E-01  0.962765983435E-01  0.983463910459E-01  0.100454161578    
  0.102600440664      0.104785767730      0.107010691342      0.109275769606    
  0.111581570519      0.113928672243      0.116317663284      0.118749142564    
  0.121223719339      0.123742012945      0.126304652336      0.128912275376    
  0.131565527841      0.134265062091      0.137011535350      0.139805607560    
  0.142647938739      0.145539185774      0.148479998613      0.151471015758    
  0.154512859013      0.157606127412      0.160751390253      0.163949179182    
  0.167199979265      0.170504218986      0.173862259141      0.177274380589    
  0.180740770855      0.184261509593      0.187836552961      0.191465716969    
  0.195148659938      0.198884864225      0.202673617448      0.206513993510    
  0.210404833778      0.214344728879      0.218332001641      0.222364691822    
  0.226440543329      0.230556994762      0.234711174153      0.238899898859    
  0.243119681580      0.247366743467      0.251637035197      0.255926266723    
  0.260229946135      0.264543427622      0.268861967894      0.273180789570    
  0.277495148818      0.281800403007      0.286092072043      0.290365884452    
  0.294617795896      0.298843963559      0.303040641858      0.307204123659    
  0.311330619489      0.315416323250      0.319457404027      0.323450009284    
  0.327390266385      0.331274283355      0.335098149565      0.338857936841    
  0.342549701326      0.346169486345      0.349713326409      0.353177252436    
  0.356557298246      0.359849508318      0.363049946790      0.366154707671    
  0.369159926178      0.372061791134      0.374856558284      0.377540564437    
  0.380110242230      0.382562135361      0.384892914065      0.387099390600    
  0.389178534492      0.391127487270      0.392943576412      0.394624328236    
  0.396167479454      0.397570987171      0.398833037086      0.399952049742    
  0.400926684677      0.401755842405      0.402438664189      0.402974529639    
  0.403363052196      0.403604072641      0.403697650765      0.403644055408    
  0.403443753079      0.403097395398      0.402605805588      0.401969964288    
  0.401190994915      0.400270148818      0.399208790464      0.398008382844    
  0.396670473330      0.395196680135      0.393588679571      0.391848194224    
  0.389976982198      0.387976827539      0.385849531929      0.383596907742    
  0.381220772521      0.378722944934      0.376105242238      0.373369479274    
  0.370517468992      0.367551024490      0.364471962535      0.361282108515    
  0.357983302741      0.354577408008      0.351066318309      0.347451968548    
  0.343736345107      0.339921497085      0.336009548006      0.332002707793    
  0.327903284766      0.323713697441      0.319436485875      0.315074322316    
  0.310630020927      0.306106546337      0.301507020828      0.296834729958    
  0.292093126452      0.287285832241      0.282416638624      0.277489504114    
  0.272508550707      0.267478057848      0.262402454503      0.257286309388    
  0.252134319443      0.246951296740      0.241742153971      0.236511888727    
  0.231265566765      0.226008304493      0.220745250867      0.215481568934    
  0.210222417229      0.204972931215      0.199738204968      0.194523273272    
  0.189333094282      0.184172532899      0.179046344973      0.173959162447    
  0.168915479511      0.163919639846      0.158975825015      0.154088044012    
  0.149260124013      0.144495702330      0.139798219553      0.135170913874    
  0.130616816568      0.126138748590      0.121739318255      0.117420919948    
  0.113185733818      0.109035726400      0.104972652104      0.100998055518    
  0.971132744518E-01  0.933194436756E-01  0.896174992817E-01  0.860081836107E-01
  0.824920506827E-01  0.790694720759E-01  0.757406431944E-01  0.725055898720E-01
  0.693641752584E-01  0.663161069380E-01  0.633609442345E-01  0.604981056561E-01
  0.577268764389E-01  0.550464161490E-01  0.524557663083E-01  0.499538580077E-01
  0.475395194785E-01  0.452114835926E-01  0.429683952659E-01  0.408088187419E-01
  0.387312447332E-01  0.367340974039E-01  0.348157411762E-01  0.329744873454E-01
  0.312086004933E-01  0.295163046881E-01  0.278957894621E-01  0.263452155619E-01
  0.248627204633E-01  0.234464236487E-01  0.220944316441E-01  0.208048428128E-01
  0.195757519079E-01  0.184052543813E-01  0.172914504536E-01  0.162324489447E-01
  0.152263708703E-01  0.142713528063E-01  0.133655500264E-01  0.125071394174E-01
  0.116943221770E-01  0.109253263005E-01  0.101984088606E-01  0.951185809178E-02
  0.886399525214E-02  0.825317653020E-02  0.767779349367E-02  0.713627857205E-02
  0.662709519072E-02  0.614875789321E-02  0.569981099734E-02  0.527882849050E-02
  0.488442603259E-02  0.451526441097E-02  0.417004954263E-02  0.384753222612E-02
  0.354650782617E-02  0.326581589294E-02  0.300433971810E-02  0.276100583015E-02
  0.253478343145E-02  0.232468377965E-02  0.212975951642E-02  0.194910394643E-02
  0.178185026962E-02  0.162717077015E-02  0.148427596497E-02  0.135241371581E-02
  0.123086830756E-02  0.111895949688E-02  0.101604153423E-02  0.921502162939E-03
  0.834761598778E-03  0.755271493430E-03  0.682513885300E-03  0.616000141004E-03
  0.555269890802E-03  0.499889961181E-03  0.449453307677E-03  0.403577950915E-03
  0.361905918749E-03  0.324102197220E-03  0.289853692936E-03  0.258868209320E-03
  0.230873439024E-03  0.205615974627E-03  0.182860339601E-03  0.162388041334E-03
  0.143996647843E-03  0.127498889622E-03  0.112721787923E-03  0.995058105652E-04
  0.877040562229E-04  0.771814679649E-04  0.678140766527E-04  0.594882746557E-04
  0.521001201799E-04  0.455546723666E-04  0.397653571747E-04  0.346533639301E-04
  0.301470723009E-04  0.261815093427E-04  0.226978361500E-04  0.196428635543E-04
  0.169685962198E-04  0.146318044080E-04  0.125936226135E-04  0.108191742126E-04
  0.927722121366E-05  0.793983815694E-05  0.678210917455E-05  0.578184719882E-05
  0.491933428592E-05  0.417708201254E-05  0.353961089923E-05  0.299324781653E-05
  0.252594033917E-05  0.212708702730E-05  0.178738263348E-05  0.149867725702E-05
  0.125384849539E-05  0.104668567255E-05  0.871785258154E-06  0.724456627158E-06
  0.600637347202E-06  0.496817220389E-06  0.409970345980E-06  0.337494511301E-06
  0.277157258883E-06  0.227048018573E-06  0.185535733500E-06  0.151231448268E-06
  0.122955366191E-06  0.997079197466E-07  0.806444343126E-07  0.650529997641E-07
  0.523351973402E-07  0.419893603660E-07  0.335960768377E-07  0.268056695217E-07
  0.213274150670E-07  0.169202876909E-07  0.133850353003E-07  0.105574164818E-07
  0.830244570055E-08  0.650951133529E-08  0.508824693235E-08  0.396505034858E-08
  0.308015836252E-08  0.238519594650E-08  0.184112979789E-08  0.141656501254E-08
  0.108633203523E-08  0.830318324759E-09  0.632505609087E-09  0.480179257344E-09
  0.363281236538E-09  0.273882423446E-09  0.205753773172E-09  0.154019068166E-09
  0.114874742931E-09  0.853646533570E-10  0.631996846175E-10  0.466138110588E-10
  0.342496763416E-10  0.250679849639E-10  0.182760514960E-10  0.132716214621E-10
  0.959874097347E-11  0.691446324182E-11  0.496489147978E-11  0.355014883884E-11
  0.252781981456E-11  0.179219545105E-11
 Down Pswavefunction (R/r) follows (l,n on next line)
  2 3
  0.183057005055E-21  0.149226106562E-20  0.513220526146E-20  0.123971718996E-19
  0.246758442561E-19  0.434562331372E-19  0.703308273749E-19  0.107001977749E-18
  0.155287524210E-18  0.217126676675E-18  0.294586160108E-18  0.389866634991E-18
  0.505309404789E-18  0.643403422448E-18  0.806792608474E-18  0.998283493630E-18
  0.122085319984E-17  0.147765777340E-17  0.177204088526E-17  0.210754291350E-17
  0.248791042420E-17  0.291710606684E-17  0.339931890189E-17  0.393897517810E-17
  0.454074957841E-17  0.520957695363E-17  0.595066456424E-17  0.676950485111E-17
  0.767188875698E-17  0.866391962148E-17  0.975202767310E-17  0.109429851428E-16
  0.122439220245E-16  0.136623425096E-16  0.152061421221E-16  0.168836255840E-16
  0.187035254404E-16  0.206750214750E-16  0.228077609489E-16  0.251118796956E-16
  0.275980241081E-16  0.302773740526E-16  0.331616667485E-16  0.362632216524E-16
  0.395949663881E-16  0.431704637631E-16  0.470039399187E-16  0.511103136557E-16
  0.555052269872E-16  0.602050769644E-16  0.652270488304E-16  0.705891505521E-16
  0.763102487885E-16  0.824101063519E-16  0.889094212222E-16  0.958298671776E-16
  0.103194136105E-15  0.111025982060E-15  0.119350267146E-15  0.128193009278E-15
  0.137581431928E-15  0.147544015899E-15  0.158110553242E-15  0.169312203376E-15
  0.181181551515E-15  0.193752669486E-15  0.207061179042E-15  0.221144317751E-15
  0.236041007592E-15  0.251791926340E-15  0.268439581867E-15  0.286028389464E-15
  0.304604752318E-15  0.324217145255E-15  0.344916201888E-15  0.366754805303E-15
  0.389788182421E-15  0.414074002187E-15  0.439672477734E-15  0.466646472676E-15
  0.495061611711E-15  0.524986395674E-15  0.556492321249E-15  0.589654005505E-15
  0.624549315446E-15  0.661259502786E-15  0.699869344150E-15  0.740467286899E-15
  0.783145600836E-15  0.828000535988E-15  0.875132486731E-15  0.924646162491E-15
  0.976650765291E-15  0.103126017441E-14  0.108859313842E-14  0.114877347495E-14
  0.121193027837E-14  0.127819813580E-14  0.134771735179E-14  0.142063418191E-14
  0.149710107567E-14  0.157727692911E-14  0.166132734750E-14  0.174942491846E-14
  0.184174949595E-14  0.193848849556E-14  0.203983720156E-14  0.214599908609E-14
  0.225718614112E-14  0.237361922347E-14  0.249552841362E-14  0.262315338866E-14
  0.275674381011E-14  0.289655972702E-14  0.304287199504E-14  0.319596271215E-14
  0.335612567154E-14  0.352366683239E-14  0.369890480936E-14  0.388217138129E-14
  0.407381202005E-14  0.427418644024E-14  0.448366917062E-14  0.470265014800E-14
  0.493153533459E-14  0.517074735963E-14  0.542072618639E-14  0.568192980528E-14
  0.595483495435E-14  0.623993786809E-14  0.653775505567E-14  0.684882410981E-14
  0.717370454736E-14  0.751297868297E-14  0.786725253704E-14  0.823715677927E-14
  0.862334770928E-14  0.902650827569E-14  0.944734913514E-14  0.988660975280E-14
  0.103450595460E-13  0.108234990729E-13  0.113227612671E-13  0.118437127213E-13
  0.123872550207E-13  0.129543261287E-13  0.135459018272E-13  0.141629972121E-13
  0.148066682487E-13  0.154780133867E-13  0.161781752391E-13  0.169083423259E-13
  0.176697508866E-13  0.184636867631E-13  0.192914873560E-13  0.201545436573E-13
  0.210543023625E-13  0.219922680646E-13  0.229700055346E-13  0.239891420895E-13
  0.250513700537E-13  0.261584493156E-13  0.273122099841E-13  0.285145551486E-13
  0.297674637456E-13  0.310729935381E-13  0.324332842099E-13  0.338505605808E-13
  0.353271359466E-13  0.368654155485E-13  0.384679001787E-13  0.401371899245E-13
  0.418759880587E-13  0.436871050812E-13  0.455734629172E-13  0.475380992786E-13
  0.495841721943E-13  0.517149647171E-13  0.539338898125E-13  0.562444954376E-13
  0.586504698165E-13  0.611556469211E-13  0.637640121634E-13  0.664797083092E-13
  0.693070416209E-13  0.722504882380E-13  0.753147008049E-13  0.785045153558E-13
  0.818249584658E-13  0.852812546793E-13  0.888788342255E-13  0.926233410333E-13
  0.965206410554E-13  0.100576830916E-12  0.104798246891E-12  0.109191474237E-12
  0.113763356883E-12  0.118521007492E-12  0.123471817916E-12  0.128623470054E-12
  0.133983947126E-12  0.139561545393E-12  0.145364886316E-12  0.151402929196E-12
  0.157684984297E-12  0.164220726478E-12  0.171020209347E-12  0.178093879972E-12
  0.185452594145E-12  0.193107632251E-12  0.201070715737E-12  0.209354024224E-12
  0.217970213276E-12  0.226932432858E-12  0.236254346501E-12  0.245950151210E-12
  0.256034598141E-12  0.266523014071E-12  0.277431323703E-12  0.288776072821E-12
  0.300574452345E-12  0.312844323315E-12  0.325604242833E-12  0.338873491005E-12
  0.352672098923E-12  0.367020877728E-12  0.381941448787E-12  0.397456275037E-12
  0.413588693535E-12  0.430362949260E-12  0.447804230221E-12  0.465938703911E-12
  0.484793555172E-12  0.504397025510E-12  0.524778453932E-12  0.545968319347E-12
  0.567998284603E-12  0.590901242222E-12  0.614711361886E-12  0.639464139759E-12
  0.665196449706E-12  0.691946596474E-12  0.719754370929E-12  0.748661107415E-12
  0.778709743314E-12  0.809944880904E-12  0.842412851592E-12  0.876161782616E-12
  0.911241666314E-12  0.947704432058E-12  0.985604020948E-12  0.102499646338E-11
  0.106593995960E-11  0.110849496335E-11  0.115272426872E-11  0.119869310035E-11
  0.124646920712E-11  0.129612295938E-11  0.134772744994E-11  0.140135859902E-11
  0.145709526309E-11  0.151501934798E-11  0.157521592636E-11  0.163777335963E-11
  0.170278342459E-11  0.177034144492E-11  0.184054642774E-11  0.191350120539E-11
  0.198931258266E-11  0.206809148965E-11  0.214995314059E-11  0.223501719863E-11
  0.232340794703E-11  0.241525446693E-11  0.251069082189E-11  0.260985624956E-11
  0.271289536069E-11  0.281995834576E-11  0.293120118957E-11  0.304678589405E-11
  0.316688070959E-11  0.329166037531E-11  0.342130636849E-11  0.355600716358E-11
  0.369595850119E-11  0.384136366731E-11  0.399243378335E-11  0.414938810721E-11
  0.431245434593E-11  0.448186898036E-11  0.465787760225E-11  0.484073526424E-11
  0.503070684334E-11  0.522806741828E-11  0.543310266137E-11  0.564610924538E-11
  0.586739526598E-11  0.609728068040E-11  0.633609776297E-11  0.658419157797E-11
  0.684192047076E-11  0.710965657765E-11  0.738778635533E-11  0.767671113057E-11
  0.797684767104E-11  0.828862877797E-11  0.861250390148E-11  0.894893977960E-11
  0.929842110164E-11  0.966145119709E-11  0.100385527509E-10  0.104302685459E-10
  0.108371622343E-10  0.112598191381E-10  0.116988470803E-10  0.121548772482E-10
  0.126285650897E-10  0.131205912436E-10  0.136316625061E-10  0.141625128337E-10
  0.147139043850E-10  0.152866286022E-10  0.158815073337E-10  0.164993940007E-10
  0.171411748070E-10  0.178077699966E-10  0.185001351583E-10  0.192192625807E-10
  0.199661826595E-10  0.207419653579E-10  0.215477217235E-10  0.223846054628E-10
  0.232538145765E-10  0.241565930569E-10  0.250942326509E-10  0.260680746893E-10
  0.270795119879E-10  0.281299908195E-10  0.292210129627E-10  0.303541378286E-10
  0.315309846687E-10  0.327532348678E-10  0.340226343244E-10  0.353409959218E-10
  0.367102020946E-10  0.381322074923E-10  0.396090417461E-10  0.411428123406E-10
  0.427357075956E-10  0.443899997619E-10  0.461080482361E-10  0.478923028976E-10
  0.497453075739E-10  0.516697036378E-10  0.536682337427E-10  0.557437457008E-10
  0.578991965093E-10  0.601376565307E-10  0.624623138331E-10  0.648764786966E-10
  0.673835882915E-10  0.699872115358E-10  0.726910541387E-10  0.754989638364E-10
  0.784149358283E-10  0.814431184212E-10  0.845878188892E-10  0.878535095575E-10
  0.912448341191E-10  0.947666141927E-10  0.984238561311E-10  0.102221758091E-09
  0.106165717370E-09  0.110261338030E-09  0.114514438805E-09  0.118931061314E-09
  0.123517478591E-09  0.128280203936E-09  0.133226000105E-09  0.138361888857E-09
  0.143695160857E-09  0.149233385961E-09  0.154984423900E-09  0.160956435362E-09
  0.167157893503E-09  0.173597595898E-09  0.180284676947E-09  0.187228620755E-09
  0.194439274503E-09  0.201926862336E-09  0.209701999768E-09  0.217775708654E-09
  0.226159432719E-09  0.234865053691E-09  0.243904908039E-09  0.253291804364E-09
  0.263039041441E-09  0.273160426955E-09  0.283670296955E-09  0.294583536047E-09
  0.305915598357E-09  0.317682529297E-09  0.329900988163E-09  0.342588271586E-09
  0.355762337892E-09  0.369441832380E-09  0.383646113570E-09  0.398395280452E-09
  0.413710200772E-09  0.429612540398E-09  0.446124793809E-09  0.463270315745E-09
  0.481073354061E-09  0.499559083836E-09  0.518753642790E-09  0.538684168034E-09
  0.559378834242E-09  0.580866893259E-09  0.603178715235E-09  0.626345831313E-09
  0.650400977955E-09  0.675378142952E-09  0.701312613183E-09  0.728241024204E-09
  0.756201411718E-09  0.785233265008E-09  0.815377582402E-09  0.846676928862E-09
  0.879175495747E-09  0.912919162871E-09  0.947955562908E-09  0.984334148260E-09
  0.102210626046E-08  0.106132520223E-08  0.110204631227E-08  0.114432704288E-08
  0.118822704058E-08  0.123380822973E-08  0.128113489942E-08  0.133027379354E-08
  0.138129420441E-08  0.143426806987E-08  0.148927007410E-08  0.154637775229E-08
  0.160567159922E-08  0.166723518205E-08  0.173115525735E-08  0.179752189254E-08
  0.186642859202E-08  0.193797242804E-08  0.201225417653E-08  0.208937845811E-08
  0.216945388446E-08  0.225259321017E-08  0.233891349047E-08  0.242853624481E-08
  0.252158762677E-08  0.261819860028E-08  0.271850512263E-08  0.282264833435E-08
  0.293077475630E-08  0.304303649422E-08  0.315959145104E-08  0.328060354718E-08
  0.340624294926E-08  0.353668630739E-08  0.367211700147E-08  0.381272539681E-08
  0.395870910937E-08  0.411027328107E-08  0.426763086548E-08  0.443100292428E-08
  0.460061893496E-08  0.477671711005E-08  0.495954472851E-08  0.514935847948E-08
  0.534642481912E-08  0.555102034080E-08  0.576343215930E-08  0.598395830942E-08
  0.621290815964E-08  0.645060284133E-08  0.669737569413E-08  0.695357272797E-08
  0.721955310260E-08  0.749568962506E-08  0.778236926576E-08  0.807999369407E-08
  0.838897983388E-08  0.870976044005E-08  0.904278469643E-08  0.938851883630E-08
  0.974744678603E-08  0.101200708328E-07  0.105069123172E-07  0.109085123522E-07
  0.113254325679E-07  0.117582558854E-07  0.122075873187E-07  0.126740548063E-07
  0.131583100748E-07  0.136610295335E-07  0.141829152031E-07  0.147246956785E-07
  0.152871271273E-07  0.158709943258E-07  0.164771117330E-07  0.171063246046E-07
  0.177595101484E-07  0.184375787218E-07  0.191414750745E-07  0.198721796361E-07
  0.206307098524E-07  0.214181215697E-07  0.222355104708E-07  0.230840135639E-07
  0.239648107258E-07  0.248791263021E-07  0.258282307660E-07  0.268134424376E-07
  0.278361292665E-07  0.288977106795E-07  0.299996594953E-07  0.311435039100E-07
  0.323308295534E-07  0.335632816216E-07  0.348425670861E-07  0.361704569833E-07
  0.375487887871E-07  0.389794688665E-07  0.404644750335E-07  0.420058591807E-07
  0.436057500161E-07  0.452663558942E-07  0.469899677500E-07  0.487789621374E-07
  0.506358043761E-07  0.525630518117E-07  0.545633571902E-07  0.566394721543E-07
  0.587942508622E-07  0.610306537354E-07  0.633517513380E-07  0.657607283937E-07
  0.682608879431E-07  0.708556556471E-07  0.735485842412E-07  0.763433581443E-07
  0.792437982287E-07  0.822538667558E-07  0.853776724814E-07  0.886194759386E-07
  0.919836949015E-07  0.954749100370E-07  0.990978707491E-07  0.102857501223E-06
  0.106758906674E-06  0.110807379808E-06  0.115008407501E-06  0.119367677701E-06
  0.123891086562E-06  0.128584745814E-06  0.133454990384E-06  0.138508386258E-06
  0.143751738612E-06  0.149192100204E-06  0.154836780039E-06  0.160693352317E-06
  0.166769665671E-06  0.173073852699E-06  0.179614339797E-06  0.186399857312E-06
  0.193439450009E-06  0.200742487870E-06  0.208318677220E-06  0.216178072213E-06
  0.224331086657E-06  0.232788506202E-06  0.241561500903E-06  0.250661638154E-06
  0.260100896007E-06  0.269891676886E-06  0.280046821703E-06  0.290579624379E-06
  0.301503846781E-06  0.312833734089E-06  0.324584030587E-06  0.336769995896E-06
  0.349407421650E-06  0.362512648621E-06  0.376102584311E-06  0.390194720992E-06
  0.404807154228E-06  0.419958601861E-06  0.435668423476E-06  0.451956640350E-06
  0.468843955879E-06  0.486351776494E-06  0.504502233058E-06  0.523318202759E-06
  0.542823331479E-06  0.563042056652E-06  0.583999630605E-06  0.605722144371E-06
  0.628236551977E-06  0.651570695192E-06  0.675753328739E-06  0.700814145945E-06
  0.726783804823E-06  0.753693954581E-06  0.781577262527E-06  0.810467441362E-06
  0.840399276835E-06  0.871408655740E-06  0.903532594229E-06  0.936809266407E-06
  0.971278033188E-06  0.100697947136E-05  0.104395540286E-05  0.108224892414E-05
  0.112190443566E-05  0.116296767147E-05  0.120548572867E-05  0.124950709693E-05
  0.129508168781E-05  0.134226086390E-05  0.139109746775E-05  0.144164585037E-05
  0.149396189939E-05  0.154810306671E-05  0.160412839551E-05  0.166209854662E-05
  0.172207582409E-05  0.178412419982E-05  0.184830933724E-05  0.191469861386E-05
  0.198336114249E-05  0.205436779121E-05  0.212779120170E-05  0.220370580602E-05
  0.228218784150E-05  0.236331536380E-05  0.244716825775E-05  0.253382824605E-05
  0.262337889545E-05  0.271590562045E-05  0.281149568417E-05  0.291023819643E-05
  0.301222410860E-05  0.311754620535E-05  0.322629909297E-05  0.333857918404E-05
  0.345448467852E-05  0.357411554089E-05  0.369757347331E-05  0.382496188467E-05
  0.395638585540E-05  0.409195209789E-05  0.423176891258E-05  0.437594613952E-05
  0.452459510537E-05  0.467782856601E-05  0.483576064459E-05  0.499850676511E-05
  0.516618358182E-05  0.533890890433E-05  0.551680161886E-05  0.569998160569E-05
  0.588856965331E-05  0.608268736955E-05  0.628245709014E-05  0.648800178531E-05
  0.669944496501E-05  0.691691058342E-05  0.714052294366E-05  0.737040660354E-05
  0.760668628339E-05  0.784948677714E-05  0.809893286783E-05  0.835514924911E-05
  0.861826045396E-05  0.888839079268E-05  0.916566430152E-05  0.945020470426E-05
  0.974213538856E-05  0.100415793994E-04  0.103486594521E-04  0.106634979671E-04
  0.109862171295E-04  0.113169389758E-04  0.116557855109E-04  0.120028788589E-04
  0.123583414490E-04  0.127222962416E-04  0.130948669974E-04  0.134761785913E-04
  0.138663573757E-04  0.142655315967E-04  0.146738318643E-04  0.150913916812E-04
  0.155183480333E-04  0.159548420420E-04  0.164010196840E-04  0.168570325765E-04
  0.173230388336E-04  0.177992039902E-04  0.182857019978E-04  0.187827162889E-04
  0.192904409103E-04  0.198090817224E-04  0.203388576622E-04  0.208800020646E-04
  0.214327640378E-04  0.219974098843E-04  0.225742245608E-04  0.231635131649E-04
  0.237656024388E-04  0.243808422738E-04  0.250096072020E-04  0.256522978546E-04
  0.263093423681E-04  0.269811977142E-04  0.276683509286E-04  0.283713202099E-04
  0.290906558582E-04  0.298269410197E-04  0.305807922022E-04  0.313528595229E-04
  0.321438266488E-04  0.329544103890E-04  0.337853598957E-04  0.346374554342E-04
  0.355115066791E-04  0.364083505020E-04  0.373288482146E-04  0.382738822444E-04
  0.392443522239E-04  0.402411704917E-04  0.412652570170E-04  0.423175337804E-04
  0.433989186710E-04  0.445103189842E-04  0.456526246465E-04  0.468267013247E-04
  0.480333836254E-04  0.492734686321E-04  0.505477100724E-04  0.518568134457E-04
  0.532014324745E-04  0.545821672482E-04  0.559995644166E-04  0.574541197220E-04
  0.589462830392E-04  0.604764658749E-04  0.620450509442E-04  0.636524029450E-04
  0.652988789321E-04  0.669848356980E-04  0.687106223499E-04  0.704766065178E-04
  0.722831257874E-04  0.741305195231E-04  0.760191213895E-04  0.779492588349E-04
  0.799212521447E-04  0.819354132625E-04  0.839920445306E-04  0.860914374707E-04
  0.882338716946E-04  0.904196140154E-04  0.926489178123E-04  0.949220226902E-04
  0.972391544694E-04  0.996005255319E-04  0.102006335548E-03  0.104456772601E-03
  0.106952014724E-03  0.109492231861E-03  0.112077588246E-03  0.114708245210E-03
  0.117384364384E-03  0.120106111296E-03  0.122873659309E-03  0.125687193865E-03
  0.128546916980E-03  0.131453051910E-03  0.134405847918E-03  0.137405585056E-03
  0.140452578851E-03  0.143547184822E-03  0.146689802703E-03  0.149880880294E-03
  0.153120916841E-03  0.156410465859E-03  0.159750137340E-03  0.163140599277E-03
  0.166582578460E-03  0.170076860532E-03  0.173624289263E-03  0.177225765078E-03
  0.180882242816E-03  0.184594728777E-03  0.188364277068E-03  0.192191985316E-03
  0.196078989773E-03  0.200026459893E-03  0.204035592433E-03  0.208107605147E-03
  0.212243730141E-03  0.216445206974E-03  0.220713275564E-03  0.225049169002E-03
  0.229454106343E-03  0.233929285471E-03  0.238475876135E-03  0.243095013242E-03
  0.247787790532E-03  0.252555254722E-03  0.257398400250E-03  0.262318164725E-03
  0.267315425220E-03  0.272390995516E-03  0.277545624437E-03  0.282779995400E-03
  0.288094727300E-03  0.293490376851E-03  0.298967442499E-03  0.304526370004E-03
  0.310167559778E-03  0.315891376050E-03  0.321698157906E-03  0.327588232228E-03
  0.333561928538E-03  0.339619595705E-03  0.345761620470E-03  0.351988447686E-03
  0.358300602170E-03  0.364698711998E-03  0.371183533098E-03  0.377755974916E-03
  0.384417126973E-03  0.391168286062E-03  0.398010983872E-03  0.404947014790E-03
  0.411978463677E-03  0.419107733369E-03  0.426337571728E-03  0.433671098052E-03
  0.441111828677E-03  0.448663701654E-03  0.456331100390E-03  0.464118876173E-03
  0.472032369547E-03  0.480077430516E-03  0.488260437576E-03  0.496588315627E-03
  0.505068552802E-03  0.513709216312E-03  0.522518967371E-03  0.531507075335E-03
  0.540683431152E-03  0.550058560262E-03  0.559643635070E-03  0.569450487130E-03
  0.579491619174E-03  0.589780217132E-03  0.600330162259E-03  0.611156043513E-03
  0.622273170319E-03  0.633697585813E-03  0.645446080717E-03  0.657536207934E-03
  0.669986297974E-03  0.682815475317E-03  0.696043675797E-03  0.709691665107E-03
  0.723781058488E-03  0.738334341710E-03  0.753374893382E-03  0.768927008688E-03
  0.785015924595E-03  0.801667846606E-03  0.818909977098E-03  0.836770545323E-03
  0.855278839100E-03  0.874465238264E-03  0.894361249912E-03  0.914999545502E-03
  0.936413999842E-03  0.958639732023E-03  0.981713148341E-03  0.100567198725E-02
  0.103055536643E-02  0.105640383193E-02  0.108325940955E-02  0.111116565848E-02
  0.114016772718E-02  0.117031241164E-02  0.120164821610E-02  0.123422541621E-02
  0.126809612477E-02  0.130331436009E-02  0.133993611708E-02  0.137801944109E-02
  0.141762450471E-02  0.145881368745E-02  0.150165165856E-02  0.154620546302E-02
  0.159254461077E-02  0.164074116940E-02  0.169086986038E-02  0.174300815886E-02
  0.179723639737E-02  0.185363787339E-02  0.191229896102E-02  0.197330922696E-02
  0.203676155080E-02  0.210275225002E-02  0.217138120964E-02  0.224275201695E-02
  0.231697210131E-02  0.239415287940E-02  0.247440990600E-02  0.255786303059E-02
  0.264463656007E-02  0.273485942765E-02  0.282866536841E-02  0.292619310159E-02
  0.302758652000E-02  0.313299488674E-02  0.324257173172E-02  0.335646942037E-02
  0.347483960308E-02  0.359784497641E-02  0.372565064809E-02  0.385842912058E-02
  0.399635889731E-02  0.413962504413E-02  0.428841935990E-02  0.444294060230E-02
  0.460339472112E-02  0.476999509795E-02  0.494296279304E-02  0.512252679949E-02
  0.530892430498E-02  0.550240096105E-02  0.570321116015E-02  0.591161832066E-02
  0.612789517981E-02  0.635232409488E-02  0.658519735260E-02  0.682681748689E-02
  0.707749760521E-02  0.733756172340E-02  0.760734510919E-02  0.788719463449E-02
  0.817746913646E-02  0.847853978747E-02  0.879079047387E-02  0.911461818373E-02
  0.945043340349E-02  0.979866052342E-02  0.101597382520E-01  0.105341200390E-01
  0.109222745072E-01  0.113246858928E-01  0.117418544943E-01  0.121742971291E-01
  0.126225475987E-01  0.130871571612E-01  0.135686950114E-01  0.140677487682E-01
  0.145849249681E-01  0.151208495652E-01  0.156761684373E-01  0.162515478964E-01
  0.168476752042E-01  0.174652590914E-01  0.181050302797E-01  0.187677420059E-01
  0.194541705477E-01  0.201651157493E-01  0.209014015457E-01  0.216638764853E-01
  0.224534142485E-01  0.232709141615E-01  0.241173017030E-01  0.249935290028E-01
  0.259005753297E-01  0.268394475677E-01  0.278111806766E-01  0.288168381364E-01
  0.298575123720E-01  0.309343251553E-01  0.320484279825E-01  0.332010024227E-01
  0.343932604349E-01  0.356264446490E-01  0.369018286082E-01  0.382207169675E-01
  0.395844456440E-01  0.409943819150E-01  0.424519244577E-01  0.439585033265E-01
  0.455155798609E-01  0.471246465185E-01  0.487872266271E-01  0.505048740476E-01
  0.522791727423E-01  0.541117362399E-01  0.560042069885E-01  0.579582555894E-01
  0.599755799017E-01  0.620579040085E-01  0.642069770340E-01  0.664245718018E-01
  0.687124833228E-01  0.710725271006E-01  0.735065372427E-01  0.760163643644E-01
  0.786038732712E-01  0.812709404069E-01  0.840194510514E-01  0.868512962530E-01
  0.897683694798E-01  0.927725629725E-01  0.958657637822E-01  0.990498494737E-01
  0.102326683477      0.105698110069      0.109165948957      0.112731989460    
  0.116397984247      0.120165642627      0.124036623354      0.128012526943    
  0.132094887448      0.136285163707      0.140584730008      0.144994866161    
  0.149516746953      0.154151430962      0.158899848696      0.163762790052    
  0.168740891056      0.173834619862      0.179044262005      0.184369904860    
  0.189811421319      0.186981982398      0.196248529406      0.206677822782    
  0.218522073591      0.232121415613    
