    0.0000028344              0.00000         836.18299         835.42624
    0.0000057045              0.00000         836.13027         835.37357
    0.0000086107              0.00000         836.07694         835.32028
    0.0000115535              0.00000         836.02299         835.26638
    0.0000145333              0.00000         835.96835         835.21179
    0.0000175505              0.00000         835.91291         835.15640
    0.0000206057              0.00000         835.85680         835.10034
    0.0000236993              0.00000         835.79995         835.04355
    0.0000268319              0.00000         835.74239         834.98604
    0.0000300038              0.00000         835.68410         834.92780
    0.0000332157              0.00000         835.62508         834.86883
    0.0000364679              0.00000         835.56532         834.80912
    0.0000397611              0.00000         835.50480         834.74866
    0.0000430956              0.00000         835.44353         834.68744
    0.0000464722              0.00000         835.38148         834.62546
    0.0000498911              0.00000         835.31866         834.56269
    0.0000533531              0.00000         835.25505         834.49914
    0.0000568587              0.00000         835.19065         834.43480
    0.0000604083              0.00000         835.12544         834.36964
    0.0000640026              0.00000         835.05941         834.30367
    0.0000676421              0.00000         834.99255         834.23688
    0.0000713274              0.00000         834.92486         834.16925
    0.0000750590              0.00000         834.85632         834.10077
    0.0000788376              0.00000         834.78692         834.03143
    0.0000826637              0.00000         834.71665         833.96123
    0.0000865379              0.00000         834.64550         833.89014
    0.0000904608              0.00000         834.57346         833.81817
    0.0000944331              0.00000         834.50052         833.74529
    0.0000984554              0.00000         834.42667         833.67150
    0.0001025283              0.00000         834.35189         833.59679
    0.0001066524              0.00000         834.27617         833.52114
    0.0001108283              0.00000         834.19950         833.44455
    0.0001150568              0.00000         834.12188         833.36699
    0.0001193385              0.00000         834.04328         833.28847
    0.0001236740              0.00000         833.96370         833.20896
    0.0001280641              0.00000         833.88312         833.12845
    0.0001325094              0.00000         833.80153         833.04694
    0.0001370106              0.00000         833.71892         832.96440
    0.0001415684              0.00000         833.63528         832.88084
    0.0001461836              0.00000         833.55059         832.79622
    0.0001508568              0.00000         833.46484         832.71055
    0.0001555888              0.00000         833.37802         832.62380
    0.0001603803              0.00000         833.29011         832.53597
    0.0001652320              0.00000         833.20110         832.44704
    0.0001701449              0.00000         833.11097         832.35700
    0.0001751195              0.00000         833.01972         832.26583
    0.0001801566              0.00000         832.92733         832.17352
    0.0001852572              0.00000         832.83378         832.08006
    0.0001904219              0.00000         832.73906         831.98542
    0.0001956515              0.00000         832.64315         831.88961
    0.0002009469              0.00000         832.54605         831.79259
    0.0002063090              0.00000         832.44773         831.69436
    0.0002117385              0.00000         832.34819         831.59491
    0.0002172363              0.00000         832.24740         831.49421
    0.0002228032              0.00000         832.14535         831.39225
    0.0002284402              0.00000         832.04203         831.28902
    0.0002341480              0.00000         831.93741         831.18450
    0.0002399277              0.00000         831.83149         831.07868
    0.0002457800              0.00000         831.72425         830.97153
    0.0002517060              0.00000         831.61567         830.86305
    0.0002577065              0.00000         831.50573         830.75321
    0.0002637825              0.00000         831.39442         830.64200
    0.0002699349              0.00000         831.28172         830.52941
    0.0002761647              0.00000         831.16762         830.41541
    0.0002824729              0.00000         831.05209         830.29998
    0.0002888604              0.00000         830.93512         830.18312
    0.0002953283              0.00000         830.81670         830.06481
    0.0003018775              0.00000         830.69680         829.94501
    0.0003085091              0.00000         830.57540         829.82373
    0.0003152241              0.00000         830.45249         829.70093
    0.0003220236              0.00000         830.32806         829.57660
    0.0003289086              0.00000         830.20207         829.45073
    0.0003358802              0.00000         830.07451         829.32329
    0.0003429395              0.00000         829.94536         829.19426
    0.0003500876              0.00000         829.81461         829.06363
    0.0003573256              0.00000         829.68223         828.93137
    0.0003646546              0.00000         829.54821         828.79746
    0.0003720758              0.00000         829.41251         828.66189
    0.0003795904              0.00000         829.27513         828.52464
    0.0003871995              0.00000         829.13605         828.38567
    0.0003949043              0.00000         828.99523         828.24498
    0.0004027061              0.00000         828.85266         828.10255
    0.0004106059              0.00000         828.70832         827.95834
    0.0004186052              0.00000         828.56219         827.81234
    0.0004267050              0.00000         828.41425         827.66453
    0.0004349067              0.00000         828.26446         827.51488
    0.0004432116              0.00000         828.11282         827.36338
    0.0004516210              0.00000         827.95930         827.20999
    0.0004601361              0.00000         827.80387         827.05471
    0.0004687584              0.00000         827.64651         826.89749
    0.0004774891              0.00000         827.48721         826.73833
    0.0004863296              0.00000         827.32592         826.57719
    0.0004952813              0.00000         827.16264         826.41406
    0.0005043456              0.00000         826.99734         826.24890
    0.0005135239              0.00000         826.82998         826.08170
    0.0005228177              0.00000         826.66056         825.91243
    0.0005322284              0.00000         826.48904         825.74106
    0.0005417574              0.00000         826.31539         825.56757
    0.0005514064              0.00000         826.13959         825.39193
    0.0005611766              0.00000         825.96162         825.21412
    0.0005710698              0.00000         825.78145         825.03411
    0.0005810874              0.00000         825.59904         824.85188
    0.0005912311              0.00000         825.41439         824.66739
    0.0006015023              0.00000         825.22745         824.48062
    0.0006119027              0.00000         825.03820         824.29154
    0.0006224339              0.00000         824.84661         824.10012
    0.0006330976              0.00000         824.65266         823.90635
    0.0006438954              0.00000         824.45631         823.71017
    0.0006548291              0.00000         824.25753         823.51158
    0.0006659003              0.00000         824.05631         823.31054
    0.0006771107              0.00000         823.85260         823.10701
    0.0006884621              0.00000         823.64638         822.90098
    0.0006999564              0.00000         823.43761         822.69240
    0.0007115952              0.00000         823.22627         822.48126
    0.0007233804              0.00000         823.01233         822.26751
    0.0007353138              0.00000         822.79575         822.05113
    0.0007473974              0.00000         822.57651         821.83208
    0.0007596329              0.00000         822.35456         821.61033
    0.0007720224              0.00000         822.12988         821.38586
    0.0007845677              0.00000         821.90244         821.15862
    0.0007972708              0.00000         821.67220         820.92859
    0.0008101336              0.00000         821.43913         820.69573
    0.0008231583              0.00000         821.20319         820.46000
    0.0008363468              0.00000         820.96435         820.22138
    0.0008497012              0.00000         820.72258         819.97983
    0.0008632236              0.00000         820.47783         819.73531
    0.0008769160              0.00000         820.23009         819.48779
    0.0008907807              0.00000         819.97930         819.23723
    0.0009048198              0.00000         819.72543         818.98359
    0.0009190355              0.00000         819.46845         818.72684
    0.0009334299              0.00000         819.20832         818.46695
    0.0009480055              0.00000         818.94500         818.20387
    0.0009627644              0.00000         818.67846         817.93756
    0.0009777089              0.00000         818.40864         817.66799
    0.0009928414              0.00000         818.13553         817.39513
    0.0010081643              0.00000         817.85907         817.11892
    0.0010236798              0.00000         817.57923         816.83933
    0.0010393906              0.00000         817.29596         816.55632
    0.0010552990              0.00000         817.00923         816.26985
    0.0010714074              0.00000         816.71900         815.97988
    0.0010877185              0.00000         816.42522         815.68637
    0.0011042348              0.00000         816.12785         815.38927
    0.0011209588              0.00000         815.82685         815.08855
    0.0011378931              0.00000         815.52218         814.78415
    0.0011550405              0.00000         815.21379         814.47604
    0.0011724036              0.00000         814.90165         814.16418
    0.0011899851              0.00000         814.58569         813.84851
    0.0012077877              0.00000         814.26589         813.52900
    0.0012258142              0.00000         813.94219         813.20559
    0.0012440675              0.00000         813.61455         812.87825
    0.0012625504              0.00000         813.28292         812.54693
    0.0012812657              0.00000         812.94726         812.21157
    0.0013002165              0.00000         812.60752         811.87214
    0.0013194057              0.00000         812.26365         811.52858
    0.0013388362              0.00000         811.91561         811.18085
    0.0013585111              0.00000         811.56333         810.82890
    0.0013784335              0.00000         811.20679         810.47267
    0.0013986065              0.00000         810.84591         810.11213
    0.0014190333              0.00000         810.48067         809.74721
    0.0014397170              0.00000         810.11099         809.37787
    0.0014606608              0.00000         809.73684         809.00406
    0.0014818681              0.00000         809.35816         808.62572
    0.0015033422              0.00000         808.97489         808.24280
    0.0015250863              0.00000         808.58699         807.85525
    0.0015471040              0.00000         808.19440         807.46302
    0.0015693986              0.00000         807.79707         807.06605
    0.0015919737              0.00000         807.39494         806.66428
    0.0016148327              0.00000         806.98795         806.25767
    0.0016379792              0.00000         806.57606         805.84615
    0.0016614169              0.00000         806.15920         805.42966
    0.0016851494              0.00000         805.73731         805.00816
    0.0017091804              0.00000         805.31035         804.58159
    0.0017335137              0.00000         804.87824         804.14988
    0.0017581530              0.00000         804.44094         803.71297
    0.0017831023              0.00000         803.99838         803.27081
    0.0018083654              0.00000         803.55050         802.82334
    0.0018339463              0.00000         803.09725         802.37050
    0.0018598490              0.00000         802.63855         801.91222
    0.0018860774              0.00000         802.17436         801.44845
    0.0019126358              0.00000         801.70460         800.97911
    0.0019395282              0.00000         801.22921         800.50416
    0.0019667589              0.00000         800.74813         800.02351
    0.0019943322              0.00000         800.26129         799.53712
    0.0020222522              0.00000         799.76864         799.04492
    0.0020505235              0.00000         799.27010         798.54683
    0.0020791503              0.00000         798.76560         798.04279
    0.0021081372              0.00000         798.25509         797.53274
    0.0021374888              0.00000         797.73849         797.01661
    0.0021672095              0.00000         797.21573         796.49433
    0.0021973041              0.00000         796.68675         795.96583
    0.0022277772              0.00000         796.15148         795.43104
    0.0022586337              0.00000         795.60984         794.88989
    0.0022898782              0.00000         795.06176         794.34232
    0.0023215158              0.00000         794.50718         793.78824
    0.0023535513              0.00000         793.94602         793.22759
    0.0023859898              0.00000         793.37821         792.66029
    0.0024188363              0.00000         792.80367         792.08628
    0.0024520959              0.00000         792.22233         791.50547
    0.0024857739              0.00000         791.63411         790.91779
    0.0025198756              0.00000         791.03894         790.32316
    0.0025544061              0.00000         790.43675         789.72152
    0.0025893711              0.00000         789.82745         789.11277
    0.0026247758              0.00000         789.21097         788.49685
    0.0026606258              0.00000         788.58723         787.87368
    0.0026969268              0.00000         787.95615         787.24317
    0.0027336844              0.00000         787.31765         786.60525
    0.0027709044              0.00000         786.67164         785.95984
    0.0028085925              0.00000         786.01806         785.30685
    0.0028467547              0.00000         785.35681         784.64620
    0.0028853969              0.00000         784.68781         783.97781
    0.0029245252              0.00000         784.01099         783.30160
    0.0029641456              0.00000         783.32625         782.61749
    0.0030042644              0.00000         782.63351         781.92538
    0.0030448879              0.00000         781.93268         781.22519
    0.0030860223              0.00000         781.22368         780.51684
    0.0031276741              0.00000         780.50643         779.80024
    0.0031698499              0.00000         779.78083         779.07530
    0.0032125561              0.00000         779.04679         778.34193
    0.0032557995              0.00000         778.30423         777.60005
    0.0032995869              0.00000         777.55306         776.84956
    0.0033439250              0.00000         776.79318         776.09037
    0.0033888209              0.00000         776.02450         775.32240
    0.0034342814              0.00000         775.24694         774.54554
    0.0034803138              0.00000         774.46039         773.75971
    0.0035269252              0.00000         773.66478         772.96482
    0.0035741229              0.00000         772.85999         772.16077
    0.0036219143              0.00000         772.04594         771.34746
    0.0036703068              0.00000         771.22253         770.52480
    0.0037193080              0.00000         770.38966         769.69269
    0.0037689256              0.00000         769.54724         768.85104
    0.0038191673              0.00000         768.69517         767.99975
    0.0038700409              0.00000         767.83335         767.13872
    0.0039215545              0.00000         766.96169         766.26785
    0.0039737160              0.00000         766.08007         765.38704
    0.0040265337              0.00000         765.18841         764.49619
    0.0040800157              0.00000         764.28659         763.59520
    0.0041341704              0.00000         763.37453         762.68396
    0.0041890063              0.00000         762.45210         761.76238
    0.0042445319              0.00000         761.51922         760.83035
    0.0043007560              0.00000         760.57578         759.88777
    0.0043576873              0.00000         759.62167         758.93454
    0.0044153347              0.00000         758.65679         757.97054
    0.0044737072              0.00000         757.68103         756.99567
    0.0045328140              0.00000         756.69429         756.00983
    0.0045926642              0.00000         755.69645         755.01291
    0.0046532672              0.00000         754.68742         754.00479
    0.0047146326              0.00000         753.66708         752.98538
    0.0047767698              0.00000         752.63531         751.95457
    0.0048396886              0.00000         751.59203         750.91223
    0.0049033988              0.00000         750.53710         749.85827
    0.0049679105              0.00000         749.47043         748.79257
    0.0050332335              0.00000         748.39189         747.71502
    0.0050993782              0.00000         747.30139         746.62552
    0.0051663550              0.00000         746.19880         745.52394
    0.0052341742              0.00000         745.08401         744.41017
    0.0053028464              0.00000         743.95691         743.28410
    0.0053723824              0.00000         742.81738         742.14562
    0.0054427931              0.00000         741.66532         740.99461
    0.0055140895              0.00000         740.50060         739.83096
    0.0055862826              0.00000         739.32311         738.65454
    0.0056593839              0.00000         738.13273         737.46525
    0.0057334046              0.00000         736.92935         736.26298
    0.0058083564              0.00000         735.71284         735.04759
    0.0058842510              0.00000         734.48310         733.81897
    0.0059611002              0.00000         733.24001         732.57702
    0.0060389160              0.00000         731.98344         731.32160
    0.0061177107              0.00000         730.71327         730.05260
    0.0061974964              0.00000         729.42940         728.76990
    0.0062782858              0.00000         728.13169         727.47339
    0.0063600914              0.00000         726.82004         726.16293
    0.0064429259              0.00000         725.49431         724.83842
    0.0065268024              0.00000         724.15439         723.49974
    0.0066117339              0.00000         722.80017         722.14675
    0.0066977337              0.00000         721.43151         720.77935
    0.0067848153              0.00000         720.04830         719.39741
    0.0068729922              0.00000         718.65042         718.00082
    0.0069622782              0.00000         717.23775         716.58944
    0.0070526873              0.00000         715.81016         715.16316
    0.0071442337              0.00000         714.36754         713.72187
    0.0072369315              0.00000         712.90976         712.26543
    0.0073307953              0.00000         711.43670         710.79372
    0.0074258398              0.00000         709.94824         709.30663
    0.0075220798              0.00000         708.44426         707.80404
    0.0076195304              0.00000         706.92464         706.28582
    0.0077182067              0.00000         705.38926         704.75185
    0.0078181243              0.00000         703.83800         703.20201
    0.0079192986              0.00000         702.27073         701.63618
    0.0080217456              0.00000         700.68733         700.05425
    0.0081254811              0.00000         699.08769         698.45608
    0.0082305215              0.00000         697.47169         696.84157
    0.0083368832              0.00000         695.83920         695.21058
    0.0084445827              0.00000         694.19011         693.56301
    0.0085536369              0.00000         692.52430         691.89873
    0.0086640629              0.00000         690.84164         690.21763
    0.0087758778              0.00000         689.14203         688.51958
    0.0088890992              0.00000         687.42533         686.80447
    0.0090037448              0.00000         685.69145         685.07218
    0.0091198324              0.00000         683.94025         683.32260
    0.0092373802              0.00000         682.17163         681.55561
    0.0093564066              0.00000         680.38547         679.77110
    0.0094769301              0.00000         678.58165         677.96895
    0.0095989697              0.00000         676.76007         676.14905
    0.0097225443              0.00000         674.92060         674.31128
    0.0098476733              0.00000         673.06315         672.45554
    0.0099743762              0.00000         671.18759         670.58171
    0.0101026729              0.00000         669.29381         668.68969
    0.0102325833              0.00000         667.38172         666.77936
    0.0103641278              0.00000         665.45120         664.85062
    0.0104973269              0.00000         663.50214         662.90337
    0.0106322015              0.00000         661.53444         660.93749
    0.0107687725              0.00000         659.54800         658.95289
    0.0109070615              0.00000         657.54271         656.94946
    0.0110470898              0.00000         655.51848         654.92710
    0.0111888796              0.00000         653.47520         652.88572
    0.0113324528              0.00000         651.41278         650.82521
    0.0114778319              0.00000         649.33112         648.74547
    0.0116250397              0.00000         647.23012         646.64642
    0.0117740992              0.00000         645.10970         644.52797
    0.0119250336              0.00000         642.96976         642.39001
    0.0120778665              0.00000         640.81021         640.23247
    0.0122326218              0.00000         638.63097         638.05525
    0.0123893236              0.00000         636.43196         635.85828
    0.0125479966              0.00000         634.21308         633.64146
    0.0127086654              0.00000         631.97426         631.40472
    0.0128713552              0.00000         629.71542         629.14798
    0.0130360913              0.00000         627.43648         626.87116
    0.0132028996              0.00000         625.13738         624.57419
    0.0133718061              0.00000         622.81803         622.25701
    0.0135428372              0.00000         620.47838         619.91953
    0.0137160195              0.00000         618.11836         617.56171
    0.0138913802              0.00000         615.73790         615.18346
    0.0140689467              0.00000         613.33695         612.78474
    0.0142487467              0.00000         610.91544         610.36549
    0.0144308084              0.00000         608.47333         607.92566
    0.0146151600              0.00000         606.01056         605.46519
    0.0148018305              0.00000         603.52709         602.98403
    0.0149908491              0.00000         601.02287         600.48215
    0.0151822452              0.00000         598.49787         597.95950
    0.0153760488              0.00000         595.95204         595.41605
    0.0155722901              0.00000         593.38535         592.85176
    0.0157709999              0.00000         590.79778         590.26660
    0.0159722091              0.00000         588.18929         587.66055
    0.0161759492              0.00000         585.55987         585.03358
    0.0163822520              0.00000         582.90949         582.38569
    0.0165911498              0.00000         580.23815         579.71685
    0.0168026752              0.00000         577.54584         577.02705
    0.0170168613              0.00000         574.83254         574.31629
    0.0172337415              0.00000         572.09826         571.58458
    0.0174533497              0.00000         569.34301         568.83191
    0.0176757203              0.00000         566.56679         566.05829
    0.0179008879              0.00000         563.76962         563.26374
    0.0181288878              0.00000         560.95151         560.44827
    0.0183597556              0.00000         558.11248         557.61191
    0.0185935273              0.00000         555.25258         554.75469
    0.0188302395              0.00000         552.37182         551.87664
    0.0190699292              0.00000         549.47026         548.97780
    0.0193126339              0.00000         546.54793         546.05822
    0.0195583913              0.00000         543.60488         543.11794
    0.0198072401              0.00000         540.64117         540.15702
    0.0200592189              0.00000         537.65687         537.17552
    0.0203143673              0.00000         534.65203         534.17351
    0.0205727250              0.00000         531.62674         531.15106
    0.0208343325              0.00000         528.58106         528.10826
    0.0210992305              0.00000         525.51510         525.04519
    0.0213674606              0.00000         522.42894         521.96194
    0.0216390646              0.00000         519.32267         518.85860
    0.0219140850              0.00000         516.19641         515.73529
    0.0221925647              0.00000         513.05027         512.59212
    0.0224745472              0.00000         509.88436         509.42920
    0.0227600767              0.00000         506.69881         506.24666
    0.0230491977              0.00000         503.49376         503.04464
    0.0233419553              0.00000         500.26934         499.82327
    0.0236383954              0.00000         497.02569         496.58269
    0.0239385643              0.00000         493.76299         493.32307
    0.0242425088              0.00000         490.48138         490.04457
    0.0245502764              0.00000         487.18103         486.74735
    0.0248619153              0.00000         483.86212         483.43159
    0.0251774742              0.00000         480.52485         480.09748
    0.0254970023              0.00000         477.16939         476.74521
    0.0258205495              0.00000         473.79595         473.37497
    0.0261481665              0.00000         470.40474         469.98698
    0.0264799044              0.00000         466.99598         466.58146
    0.0268158150              0.00000         463.56988         463.15862
    0.0271559509              0.00000         460.12669         459.71871
    0.0275003651              0.00000         456.66665         456.26195
    0.0278491116              0.00000         453.18999         452.78861
    0.0282022447              0.00000         449.69700         449.29894
    0.0285598197              0.00000         446.18792         445.79320
    0.0289218925              0.00000         442.66303         442.27168
    0.0292885196              0.00000         439.12263         438.73466
    0.0296597582              0.00000         435.56701         435.18242
    0.0300356665              0.00000         431.99646         431.61528
    0.0304163031              0.00000         428.41129         428.03354
    0.0308017276              0.00000         424.81184         424.43753
    0.0311920000              0.00000         421.19842         420.82757
    0.0315871815              0.00000         417.57138         417.20400
    0.0319873338              0.00000         413.93106         413.56716
    0.0323925194              0.00000         410.27783         409.91743
    0.0328028016              0.00000         406.61204         406.25515
    0.0332182445              0.00000         402.93407         402.58070
    0.0336389130              0.00000         399.24430         398.89448
    0.0340648729              0.00000         395.54314         395.19687
    0.0344961906              0.00000         391.83098         391.48827
    0.0349329338              0.00000         388.10823         387.76910
    0.0353751704              0.00000         384.37532         384.03977
    0.0358229697              0.00000         380.63268         380.30073
    0.0362764016              0.00000         376.88074         376.55240
    0.0367355371              0.00000         373.11996         372.79524
    0.0372004477              0.00000         369.35079         369.02970
    0.0376712061              0.00000         365.57370         365.25625
    0.0381478860              0.00000         361.78917         361.47536
    0.0386305618              0.00000         357.99769         357.68753
    0.0391193089              0.00000         354.19974         353.89324
    0.0396142037              0.00000         350.39583         350.09300
    0.0401153234              0.00000         346.58647         346.28732
    0.0406227465              0.00000         342.77218         342.47672
    0.0411365522              0.00000         338.95350         338.66173
    0.0416568208              0.00000         335.13095         334.84288
    0.0421836335              0.00000         331.30510         331.02072
    0.0427170728              0.00000         327.47648         327.19581
    0.0432572219              0.00000         323.64566         323.36870
    0.0438041652              0.00000         319.81322         319.53997
    0.0443579882              0.00000         315.97973         315.71019
    0.0449187774              0.00000         312.14577         311.87995
    0.0454866205              0.00000         308.31194         308.04984
    0.0460616062              0.00000         304.47885         304.22046
    0.0466438243              0.00000         300.64709         300.39242
    0.0472333659              0.00000         296.81729         296.56634
    0.0478303229              0.00000         292.99006         292.74282
    0.0484347888              0.00000         289.16603         288.92251
    0.0490468578              0.00000         285.34584         285.10602
    0.0496666258              0.00000         281.53012         281.29401
    0.0502941895              0.00000         277.71952         277.48712
    0.0509296470              0.00000         273.91470         273.68599
    0.0515730975              0.00000         270.11630         269.89129
    0.0522246417              0.00000         266.32498         266.10367
    0.0528843812              0.00000         262.54143         262.32379
    0.0535524193              0.00000         258.76629         258.55233
    0.0542288602              0.00000         255.00025         254.78996
    0.0549138098              0.00000         251.24399         251.03735
    0.0556073749              0.00000         247.49818         247.29518
    0.0563096640              0.00000         243.76351         243.56415
    0.0570207868              0.00000         240.04066         239.84492
    0.0577408545              0.00000         236.33032         236.13820
    0.0584699795              0.00000         232.63318         232.44466
    0.0592082757              0.00000         228.94993         228.76499
    0.0599558586              0.00000         225.28126         225.09990
    0.0607128449              0.00000         221.62787         221.45007
    0.0614793529              0.00000         217.99045         217.81619
    0.0622555024              0.00000         214.36968         214.19895
    0.0630414147              0.00000         210.76627         210.59904
    0.0638372125              0.00000         207.18090         207.01716
    0.0646430202              0.00000         203.61425         203.45399
    0.0654589638              0.00000         200.06703         199.91021
    0.0662851706              0.00000         196.53990         196.38651
    0.0671217699              0.00000         193.03355         192.88358
    0.0679688922              0.00000         189.54866         189.40207
    0.0688266701              0.00000         186.08590         185.94267
    0.0696952375              0.00000         182.64594         182.50605
    0.0705747301              0.00000         179.22944         179.09286
    0.0714652853              0.00000         175.83706         175.70377
    0.0723670424              0.00000         172.46944         172.33942
    0.0732801422              0.00000         169.12724         169.00045
    0.0742047274              0.00000         165.81109         165.68751
    0.0751409424              0.00000         162.52163         162.40123
    0.0760889335              0.00000         159.25947         159.14221
    0.0770488489              0.00000         156.02522         155.91109
    0.0780208386              0.00000         152.81949         152.70845
    0.0790050543              0.00000         149.64288         149.53489
    0.0800016500              0.00000         146.49596         146.39100
    0.0810107814              0.00000         143.37932         143.27734
    0.0820326060              0.00000         140.29350         140.19448
    0.0830672836              0.00000         137.23906         137.14296
    0.0841149758              0.00000         134.21654         134.12333
    0.0851758464              0.00000         131.22645         131.13609
    0.0862500611              0.00000         128.26932         128.18177
    0.0873377878              0.00000         125.34563         125.26086
    0.0884391964              0.00000         122.45587         122.37384
    0.0895544589              0.00000         119.60051         119.52117
    0.0906837498              0.00000         116.77999         116.70331
    0.0918272454              0.00000         113.99475         113.92069
    0.0929851244              0.00000         111.24521         111.17373
    0.0941575677              0.00000         108.53178         108.46283
    0.0953447586              0.00000         105.85483         105.78838
    0.0965468824              0.00000         103.21473         103.15073
    0.0977641272              0.00000         100.61184         100.55025
    0.0989966829              0.00000          98.04648          97.98726
    0.1002447424              0.00000          95.51897          95.46207
    0.1015085004              0.00000          93.02960          92.97497
    0.1027881546              0.00000          90.57863          90.52624
    0.1040839049              0.00000          88.16633          88.11612
    0.1053959537              0.00000          85.79293          85.74486
    0.1067245060              0.00000          83.45863          83.41265
    0.1080697695              0.00000          81.16363          81.11970
    0.1094319543              0.00000          78.90810          78.86617
    0.1108112733              0.00000          76.69218          76.65221
    0.1122079419              0.00000          74.51601          74.47795
    0.1136221785              0.00000          72.37969          72.34349
    0.1150542041              0.00000          70.28331          70.24891
    0.1165042422              0.00000          68.22691          68.19428
    0.1179725196              0.00000          66.21056          66.17963
    0.1194592657              0.00000          64.23425          64.20499
    0.1209647127              0.00000          62.29798          62.27034
    0.1224890959              0.00000          60.40174          60.37567
    0.1240326535              0.00000          58.54546          58.52091
    0.1255956267              0.00000          56.72908          56.70600
    0.1271782597              0.00000          54.95250          54.93084
    0.1287807997              0.00000          53.21560          53.19531
    0.1304034972              0.00000          51.51825          51.49929
    0.1320466057              0.00000          49.86028          49.84260
    0.1337103819              0.00000          48.24152          48.22506
    0.1353950860              0.00000          46.66175          46.64647
    0.1371009809              0.00000          45.12076          45.10661
    0.1388283334              0.00000          43.61829          43.60522
    0.1405774133              0.00000          42.15408          42.14205
    0.1423484939              0.00000          40.72783          40.71680
    0.1441418520              0.00000          39.33925          39.32916
    0.1459577678              0.00000          37.98801          37.97881
    0.1477965249              0.00000          36.67375          36.66540
    0.1496584108              0.00000          35.39610          35.38856
    0.1515437163              0.00000          34.15469          34.14791
    0.1534527360              0.00000          32.94911          32.94305
    0.1553857683              0.00000          31.77894          31.77355
    0.1573431151              0.00000          30.64374          30.63897
    0.1593250823              0.00000          29.54305          29.53887
    0.1613319795              0.00000          28.47641          28.47277
    0.1633641205              0.00000          27.44332          27.44019
    0.1654218226              0.00000          26.44330          26.44062
    0.1675054074              0.00000          25.47581          25.47356
    0.1696152005              0.00000          24.54033          24.53847
    0.1717515315              0.00000          23.63633          23.63481
    0.1739147343              0.00000          22.76324          22.76203
    0.1761051468              0.00000          21.92051          21.91956
    0.1783231113              0.00000          21.10755          21.10684
    0.1805689743              0.00000          20.32378          20.32327
    0.1828430868              0.00000          19.56861          19.56826
    0.1851458042              0.00000          18.84143          18.84121
    0.1874774862              0.00000          18.14163          18.14151
    0.1898384971              0.00000          17.46859          17.46854
    0.1922292059              0.00000          16.82169          16.82168
    0.1946499861              0.00000          16.20030          16.20030
    0.1971012159              0.00000          15.60378          15.60376
    0.1995832784              0.00000          15.03150          15.03144
    0.2020965615              0.00000          14.48282          14.48268
    0.2046414577              0.00000          13.95709          13.95686
    0.2072183648              0.00000          13.45367          13.45332
    0.2098276854              0.00000          12.97192          12.97142
    0.2124698272              0.00000          12.51118          12.51052
    0.2151452031              0.00000          12.07082          12.06998
    0.2178542311              0.00000          11.65020          11.64916
    0.2205973344              0.00000          11.24868          11.24741
    0.2233749417              0.00000          10.86561          10.86411
    0.2261874870              0.00000          10.50037          10.49862
    0.2290354098              0.00000          10.15234          10.15032
    0.2319191551              0.00000           9.82088           9.81858
    0.2348391734              0.00000           9.50539           9.50279
    0.2377959210              0.00000           9.20524           9.20235
    0.2407898599              0.00000           8.91985           8.91664
    0.2438214579              0.00000           8.64862           8.64509
    0.2468911888              0.00000           8.39096           8.38710
    0.2499995320              0.00000           8.14630           8.14209
    0.2531469735              0.00000           7.91406           7.90951
    0.2563340049              0.00000           7.69368           7.68879
    0.2595611242              0.00000           7.48464           7.47940
    0.2628288356              0.00000           7.28637           7.28078
    0.2661376499              0.00000           7.09837           7.09242
    0.2694880838              0.00000           6.92011           6.91381
    0.2728806611              0.00000           6.75110           6.74445
    0.2763159117              0.00000           6.59084           6.58384
    0.2797943724              0.00000           6.43885           6.43150
    0.2833165868              0.00000           6.29468           6.28699
    0.2868831052              0.00000           6.15787           6.14984
    0.2904944849              0.00000           6.02798           6.01962
    0.2941512902              0.00000           5.90460           5.89590
    0.2978540923              0.00000           5.78729           5.77828
    0.3016034701              0.00000           5.67568           5.66635
    0.3054000091              0.00000           5.56937           5.55974
    0.3092443028              0.00000           5.46799           5.45807
    0.3131369517              0.00000           5.37120           5.36099
    0.3170785641              0.00000           5.27864           5.26816
    0.3210697559              0.00000           5.18999           5.17925
    0.3251111507              0.00000           5.10494           5.09395
    0.3292033800              0.00000           5.02319           5.01196
    0.3333470832              0.00000           4.94445           4.93299
    0.3375429078              0.00000           4.86846           4.85679
    0.3417915093              0.00000           4.79495           4.78308
    0.3460935517              0.00000           4.72368           4.71163
    0.3504497071              0.00000           4.65443           4.64220
    0.3548606562              0.00000           4.58697           4.57459
    0.3593270882              0.00000           4.52111           4.50859
    0.3638497011              0.00000           4.45665           4.44400
    0.3684292013              0.00000           4.39341           4.38066
    0.3730663046              0.00000           4.33124           4.31839
    0.3777617355              0.00000           4.26998           4.25705
    0.3825162276              0.00000           4.20949           4.19650
    0.3873305239              0.00000           4.14963           4.13659
    0.3922053766              0.00000           4.09030           4.07723
    0.3971415473              0.00000           4.03137           4.01829
    0.4021398075              0.00000           3.97277           3.95968
    0.4072009380              0.00000           3.91439           3.90131
    0.4123257297              0.00000           3.85616           3.84311
    0.4175149834              0.00000           3.79801           3.78501
    0.4227695098              0.00000           3.73988           3.72695
    0.4280901300              0.00000           3.68173           3.66887
    0.4334776754              0.00000           3.62350           3.61073
    0.4389329878              0.00000           3.56517           3.55250
    0.4444569196              0.00000           3.50670           3.49415
    0.4500503338              0.00000           3.44808           3.43565
    0.4557141046              0.00000           3.38928           3.37700
    0.4614491168              0.00000           3.33031           3.31818
    0.4672562666              0.00000           3.27115           3.25919
    0.4731364614              0.00000           3.21181           3.20003
    0.4790906199              0.00000           3.15231           3.14071
    0.4851196724              0.00000           3.09264           3.08123
    0.4912245612              0.00000           3.03282           3.02163
    0.4974062400              0.00000           2.97289           2.96191
    0.5036656747              0.00000           2.91285           2.90210
    0.5100038434              0.00000           2.85274           2.84222
    0.5164217365              0.00000           2.79258           2.78231
    0.5229203567              0.00000           2.73242           2.72239
    0.5295007195              0.00000           2.67227           2.66250
    0.5361638531              0.00000           2.61219           2.60267
    0.5429107986              0.00000           2.55220           2.54295
    0.5497426102              0.00000           2.49234           2.48336
    0.5566603554              0.00000           2.43266           2.42395
    0.5636651152              0.00000           2.37320           2.36477
    0.5707579840              0.00000           2.31399           2.30584
    0.5779400700              0.00000           2.25509           2.24721
    0.5852124956              0.00000           2.19652           2.18893
    0.5925763971              0.00000           2.13834           2.13103
    0.6000329250              0.00000           2.08058           2.07355
    0.6075832446              0.00000           2.02328           2.01654
    0.6152285354              0.00000           1.96649           1.96003
    0.6229699922              0.00000           1.91025           1.90407
    0.6308088245              0.00000           1.85459           1.84868
    0.6387462571              0.00000           1.79954           1.79391
    0.6467835304              0.00000           1.74515           1.73979
    0.6549219001              0.00000           1.69145           1.68636
    0.6631626380              0.00000           1.63848           1.63365
    0.6715070315              0.00000           1.58625           1.58169
    0.6799563846              0.00000           1.53482           1.53051
    0.6885120175              0.00000           1.48419           1.48013
    0.6971752670              0.00000           1.43441           1.43059
    0.7059474867              0.00000           1.38548           1.38191
    0.7148300474              0.00000           1.33745           1.33411
    0.7238243370              0.00000           1.29032           1.28721
    0.7329317608              0.00000           1.24412           1.24123
    0.7421537419              0.00000           1.19886           1.19618
    0.7514917212              0.00000           1.15457           1.15209
    0.7609471578              0.00000           1.11124           1.10896
    0.7705215292              0.00000           1.06891           1.06681
    0.7802163314              0.00000           1.02756           1.02565
    0.7900330791              0.00000           0.98722           0.98548
    0.7999733064              0.00000           0.94789           0.94632
    0.8100385663              0.00000           0.90957           0.90816
    0.8202304316              0.00000           0.87227           0.87100
    0.8305504947              0.00000           0.83598           0.83486
    0.8410003683              0.00000           0.80072           0.79972
    0.8515816852              0.00000           0.76646           0.76559
    0.8622960986              0.00000           0.73322           0.73246
    0.8731452827              0.00000           0.70099           0.70033
    0.8841309328              0.00000           0.66975           0.66920
    0.8952547653              0.00000           0.63951           0.63904
    0.9065185184              0.00000           0.61024           0.60986
    0.9179239521              0.00000           0.58195           0.58164
    0.9294728485              0.00000           0.55463           0.55438
    0.9411670121              0.00000           0.52825           0.52806
    0.9530082702              0.00000           0.50280           0.50266
    0.9649984730              0.00000           0.47828           0.47818
    0.9771394940              0.00000           0.45466           0.45460
    0.9894332302              0.00000           0.43194           0.43190
    1.0018816026              0.00000           0.41008           0.41006
    1.0144865562              0.00000           0.38908           0.38908
    1.0272500606              0.00000           0.36892           0.36892
    1.0401741102              0.00000           0.34958           0.34958
    1.0532607243              0.00000           0.33104           0.33103
    1.0665119477              0.00000           0.31328           0.31326
    1.0799298510              0.00000           0.29627           0.29624
    1.0935165307              0.00000           0.28002           0.27995
    1.1072741099              0.00000           0.26448           0.26439
    1.1212047380              0.00000           0.24964           0.24952
    1.1353105919              0.00000           0.23548           0.23532
    1.1495938757              0.00000           0.22198           0.22178
    1.1640568210              0.00000           0.20913           0.20887
    1.1787016877              0.00000           0.19688           0.19658
    1.1935307642              0.00000           0.18524           0.18489
    1.2085463675              0.00000           0.17418           0.17376
    1.2237508439              0.00000           0.16367           0.16319
    1.2391465690              0.00000           0.15369           0.15316
    1.2547359485              0.00000           0.14424           0.14364
    1.2705214183              0.00000           0.13528           0.13462
    1.2865054448              0.00000           0.12680           0.12607
    1.3026905257              0.00000           0.11878           0.11798
    1.3190791898              0.00000           0.11120           0.11032
    1.3356739979              0.00000           0.10405           0.10309
    1.3524775430              0.00000           0.09729           0.09627
    1.3694924506              0.00000           0.09093           0.08982
    1.3867213795              0.00000           0.08493           0.08375
    1.4041670216              0.00000           0.07929           0.07803
    1.4218321029              0.00000           0.07398           0.07265
    1.4397193836              0.00000           0.06899           0.06758
    1.4578316585              0.00000           0.06431           0.06282
    1.4761717578              0.00000           0.05991           0.05836
    1.4947425472              0.00000           0.05579           0.05416
    1.5135469283              0.00000           0.05194           0.05023
    1.5325878394              0.00000           0.04833           0.04655
    1.5518682558              0.00000           0.04495           0.04311
    1.5713911899              0.00000           0.04180           0.03989
    1.5911596922              0.00000           0.03886           0.03688
    1.6111768518              0.00000           0.03611           0.03407
    1.6314457961              0.00000           0.03356           0.03145
    1.6519696925              0.00000           0.03117           0.02900
    1.6727517476              0.00000           0.02896           0.02673
    1.6937952089              0.00000           0.02690           0.02461
    1.7151033643              0.00000           0.02499           0.02264
    1.7366795433              0.00000           0.02321           0.02081
    1.7585271172              0.00000           0.02156           0.01912
    1.7806494998              0.00000           0.02004           0.01754
    1.8030501477              0.00000           0.01862           0.01609
    1.8257325610              0.00000           0.01732           0.01474
    1.8487002840              0.00000           0.01611           0.01349
    1.8719569054              0.00000           0.01499           0.01234
    1.8955060590              0.00000           0.01396           0.01127
    1.9193514246              0.00000           0.01301           0.01029
    1.9434967279              0.00000           0.01213           0.00938
    1.9679457418              0.00000           0.01132           0.00855
    1.9927022863              0.00000           0.01058           0.00778
    2.0177702299              0.00000           0.00989           0.00708
    2.0431534894              0.00000           0.00926           0.00643
    2.0688560310              0.00000           0.00868           0.00584
    2.0948818708              0.00000           0.00815           0.00529
    2.1212350753              0.00000           0.00766           0.00480
    2.1479197624              0.00000           0.00721           0.00434
    2.1749401015              0.00000           0.00680           0.00392
    2.2023003146              0.00000           0.00642           0.00354
    2.2300046768              0.00000           0.00607           0.00320
    2.2580575170              0.00000           0.00575           0.00288
    2.2864632185              0.00000           0.00545           0.00260
    2.3152262197              0.00000           0.00518           0.00233
    2.3443510150              0.00000           0.00493           0.00210
    2.3738421551              0.00000           0.00470           0.00188
    2.4037042480              0.00000           0.00449           0.00169
    2.4339419599              0.00000           0.00430           0.00151
    2.4645600153              0.00000           0.00412           0.00135
    2.4955631985              0.00000           0.00395           0.00121
    2.5269563537              0.00000           0.00380           0.00108
    2.5587443862              0.00000           0.00365           0.00096
    2.5909322629              0.00000           0.00352           0.00086
    2.6235250132              0.00000           0.00340           0.00076
    2.6565277299              0.00000           0.00328           0.00068
    2.6899455697              0.00000           0.00318           0.00060
    2.7237837541              0.00000           0.00307           0.00053
    2.7580475705              0.00000           0.00298           0.00047
    2.7927423727              0.00000           0.00289           0.00042
    2.8278735817              0.00000           0.00280           0.00037
    2.8634466870              0.00000           0.00272           0.00033
    2.8994672468              0.00000           0.00264           0.00029
    2.9359408895              0.00000           0.00257           0.00025
    2.9728733141              0.00000           0.00250           0.00022
    3.0102702915              0.00000           0.00243           0.00020
    3.0481376649              0.00000           0.00236           0.00017
    3.0864813513              0.00000           0.00230           0.00015
    3.1253073418              0.00000           0.00224           0.00013
    3.1646217032              0.00000           0.00217           0.00012
    3.2044305784              0.00000           0.00211           0.00010
    3.2447401876              0.00000           0.00206           0.00009
    3.2855568292              0.00000           0.00200           0.00008
    3.3268868810              0.00000           0.00194           0.00007
    3.3687368009              0.00000           0.00189           0.00006
    3.4111131279              0.00000           0.00183           0.00005
    3.4540224836              0.00000           0.00178           0.00004
    3.4974715724              0.00000           0.00172           0.00004
    3.5414671836              0.00000           0.00167           0.00003
    3.5860161914              0.00000           0.00162           0.00003
    3.6311255567              0.00000           0.00157           0.00002
    3.6768023280              0.00000           0.00152           0.00002
    3.7230536423              0.00000           0.00147           0.00002
    3.7698867266              0.00000           0.00142           0.00002
    3.8173088986              0.00000           0.00137           0.00001
    3.8653275680              0.00000           0.00132           0.00001
    3.9139502379              0.00000           0.00127           0.00001
    3.9631845058              0.00000           0.00123           0.00001
    4.0130380645              0.00000           0.00118           0.00001
    4.0635187037              0.00000           0.00114           0.00001
    4.1146343113              0.00000           0.00109           0.00000
    4.1663928740              0.00000           0.00105           0.00000
    4.2188024793              0.00000           0.00100           0.00000
    4.2718713163              0.00000           0.00096           0.00000
    4.3256076771              0.00000           0.00092           0.00000
    4.3800199581              0.00000           0.00088           0.00000
    4.4351166613              0.00000           0.00084           0.00000
    4.4909063958              0.00000           0.00080           0.00000
    4.5473978787              0.00000           0.00077           0.00000
    4.6045999370              0.00000           0.00073           0.00000
    4.6625215086              0.00000           0.00070           0.00000
    4.7211716439              0.00000           0.00066           0.00000
    4.7805595071              0.00000           0.00063           0.00000
    4.8406943776              0.00000           0.00060           0.00000
    4.9015856517              0.00000           0.00057           0.00000
    4.9632428437              0.00000           0.00054           0.00000
    5.0256755878              0.00000           0.00051           0.00000
    5.0888936390              0.00000           0.00048           0.00000
    5.1529068755              0.00000           0.00045           0.00000
    5.2177252994              0.00000           0.00043           0.00000
    5.2833590387              0.00000           0.00040           0.00000
    5.3498183487              0.00000           0.00038           0.00000
    5.4171136140              0.00000           0.00036           0.00000
    5.4852553496              0.00000           0.00034           0.00000
    5.5542542026              0.00000           0.00032           0.00000
    5.6241209544              0.00000           0.00030           0.00000
    5.6948665217              0.00000           0.00028           0.00000
    5.7665019587              0.00000           0.00026           0.00000
    5.8390384586              0.00000           0.00024           0.00000
    5.9124873553              0.00000           0.00023           0.00000
    5.9868601255              0.00000           0.00021           0.00000
    6.0621683899              0.00000           0.00020           0.00000
    6.1384239157              0.00000           0.00018           0.00000
    6.2156386179              0.00000           0.00017           0.00000
    6.2938245614              0.00000           0.00016           0.00000
    6.3729939631              0.00000           0.00015           0.00000
    6.4531591933              0.00000           0.00014           0.00000
    6.5343327780              0.00000           0.00013           0.00000
    6.6165274006              0.00000           0.00012           0.00000
    6.6997559043              0.00000           0.00011           0.00000
    6.7840312937              0.00000           0.00010           0.00000
    6.8693667371              0.00000           0.00009           0.00000
    6.9557755681              0.00000           0.00008           0.00000
    7.0432712885              0.00000           0.00008           0.00000
    7.1318675695              0.00000           0.00007           0.00000
    7.2215782546              0.00000           0.00007           0.00000
    7.3124173611              0.00000           0.00006           0.00000
    7.4043990830              0.00000           0.00005           0.00000
    7.4975377925              0.00000           0.00005           0.00000
    7.5918480427              0.00000           0.00005           0.00000
    7.6873445699              0.00000           0.00004           0.00000
    7.7840422955              0.00000           0.00004           0.00000
    7.8819563287              0.00000           0.00003           0.00000
    7.9811019689              0.00000           0.00003           0.00000
    8.0814947077              0.00000           0.00003           0.00000
    8.1831502317              0.00000           0.00003           0.00000
    8.2860844247              0.00000           0.00002           0.00000
    8.3903133706              0.00000           0.00002           0.00000
    8.4958533552              0.00000           0.00002           0.00000
    8.6027208693              0.00000           0.00002           0.00000
    8.7109326114              0.00000           0.00002           0.00000
    8.8205054895              0.00000           0.00001           0.00000
    8.9314566248              0.00000           0.00001           0.00000
    9.0438033536              0.00000           0.00001           0.00000
    9.1575632303              0.00000           0.00001           0.00000
    9.2727540300              0.00000           0.00001           0.00000
    9.3893937517              0.00000           0.00001           0.00000
    9.5075006204              0.00000           0.00001           0.00000
    9.6270930907              0.00000           0.00001           0.00000
    9.7481898491              0.00000           0.00001           0.00000
    9.8708098171              0.00000           0.00000           0.00000
    9.9949721545              0.00000           0.00000           0.00000
   10.1206962619              0.00000           0.00000           0.00000
   10.2480017838              0.00000           0.00000           0.00000
   10.3769086121              0.00000           0.00000           0.00000
   10.5074368886              0.00000           0.00000           0.00000
   10.6396070088              0.00000           0.00000           0.00000
   10.7734396244              0.00000           0.00000           0.00000
   10.9089556471              0.00000           0.00000           0.00000
   11.0461762515              0.00000           0.00000           0.00000
   11.1851228786              0.00000           0.00000           0.00000
   11.3258172392              0.00000           0.00000           0.00000
   11.4682813169              0.00000           0.00000           0.00000
   11.6125373722              0.00000           0.00000           0.00000
   11.7586079452              0.00000           0.00000           0.00000
   11.9065158599              0.00000           0.00000           0.00000
   12.0562842271              0.00000           0.00000           0.00000
   12.2079364484              0.00000           0.00000           0.00000
   12.3614962199              0.00000           0.00000           0.00000
   12.5169875355              0.00000           0.00000           0.00000
   12.6744346911              0.00000           0.00000           0.00000
   12.8338622881              0.00000           0.00000           0.00000
   12.9952952374              0.00000           0.00000           0.00000
   13.1587587633              0.00000           0.00000           0.00000
   13.3242784072              0.00000           0.00000           0.00000
   13.4918800319              0.00000           0.00000           0.00000
   13.6615898255              0.00000           0.00000           0.00000
   13.8334343055              0.00000           0.00000           0.00000
   14.0074403230              0.00000           0.00000           0.00000
   14.1836350667              0.00000           0.00000           0.00000
   14.3620460675              0.00000           0.00000           0.00000
   14.5427012025              0.00000           0.00000           0.00000
   14.7256286993              0.00000           0.00000           0.00000
   14.9108571407              0.00000           0.00000           0.00000
   15.0984154691              0.00000           0.00000           0.00000
   15.2883329909              0.00000           0.00000           0.00000
   15.4806393810              0.00000           0.00000           0.00000
   15.6753646877              0.00000           0.00000           0.00000
   15.8725393372              0.00000           0.00000           0.00000
   16.0721941386              0.00000           0.00000           0.00000
   16.2743602881              0.00000           0.00000           0.00000
   16.4790693748              0.00000           0.00000           0.00000
   16.6863533848              0.00000           0.00000           0.00000
   16.8962447067              0.00000           0.00000           0.00000
   17.1087761364              0.00000           0.00000           0.00000
   17.3239808824              0.00000           0.00000           0.00000
   17.5418925709              0.00000           0.00000           0.00000
   17.7625452509              0.00000           0.00000           0.00000
   17.9859734001              0.00000           0.00000           0.00000
   18.2122119293              0.00000           0.00000           0.00000
   18.4412961890              0.00000           0.00000           0.00000
   18.6732619739              0.00000           0.00000           0.00000
   18.9081455292              0.00000           0.00000           0.00000
   19.1459835559              0.00000           0.00000           0.00000
   19.3868132167              0.00000           0.00000           0.00000
   19.6306721417              0.00000           0.00000           0.00000
   19.8775984344              0.00000           0.00000           0.00000
   20.1276306775              0.00000           0.00000           0.00000
   20.3808079390              0.00000           0.00000           0.00000
   20.6371697785              0.00000           0.00000           0.00000
   20.8967562529              0.00000           0.00000           0.00000
   21.1596079232              0.00000           0.00000           0.00000
   21.4257658605              0.00000           0.00000           0.00000
   21.6952716526              0.00000           0.00000           0.00000
   21.9681674102              0.00000           0.00000           0.00000
   22.2444957738              0.00000           0.00000           0.00000
   22.5242999204              0.00000           0.00000           0.00000
   22.8076235699              0.00000           0.00000           0.00000
   23.0945109922              0.00000           0.00000           0.00000
   23.3850070140              0.00000           0.00000           0.00000
   23.6791570259              0.00000           0.00000           0.00000
   23.9770069895              0.00000           0.00000           0.00000
   24.2786034445              0.00000           0.00000           0.00000
   24.5839935158              0.00000           0.00000           0.00000
   24.8932249214              0.00000           0.00000           0.00000
   25.2063459792              0.00000           0.00000           0.00000
   25.5234056150              0.00000           0.00000           0.00000
   25.8444533702              0.00000           0.00000           0.00000
   26.1695394089              0.00000           0.00000           0.00000
   26.4987145266              0.00000           0.00000           0.00000
   26.8320301577              0.00000           0.00000           0.00000
   27.1695383832              0.00000           0.00000           0.00000
   27.5112919395              0.00000           0.00000           0.00000
   27.8573442265              0.00000           0.00000           0.00000
   28.2077493153              0.00000           0.00000           0.00000
   28.5625619576              0.00000           0.00000           0.00000
   28.9218375935              0.00000           0.00000           0.00000
   29.2856323606              0.00000           0.00000           0.00000
   29.6540031025              0.00000           0.00000           0.00000
   30.0270073780              0.00000           0.00000           0.00000
   30.4047034696              0.00000           0.00000           0.00000
   30.7871503933              0.00000           0.00000           0.00000
   31.1744079070              0.00000           0.00000           0.00000
   31.5665365206              0.00000           0.00000           0.00000
   31.9635975050              0.00000           0.00000           0.00000
   32.3656529017              0.00000           0.00000           0.00000
   32.7727655327              0.00000           0.00000           0.00000
   33.1849990103              0.00000           0.00000           0.00000
   33.6024177467              0.00000           0.00000           0.00000
   34.0250869644              0.00000           0.00000           0.00000
   34.4530727064              0.00000           0.00000           0.00000
   34.8864418463              0.00000           0.00000           0.00000
   35.3252620989              0.00000           0.00000           0.00000
   35.7696020308              0.00000           0.00000           0.00000
   36.2195310710              0.00000           0.00000           0.00000
   36.6751195219              0.00000           0.00000           0.00000
   37.1364385700              0.00000           0.00000           0.00000
   37.6035602974              0.00000           0.00000           0.00000
   38.0765576927              0.00000           0.00000           0.00000
   38.5555046630              0.00000           0.00000           0.00000
   39.0404760444              0.00000           0.00000           0.00000
   39.5315476149              0.00000           0.00000           0.00000
   40.0287961054              0.00000           0.00000           0.00000
   40.5322992118              0.00000           0.00000           0.00000
   41.0421356078              0.00000           0.00000           0.00000
   41.5583849561              0.00000           0.00000           0.00000
   42.0811279218              0.00000           0.00000           0.00000
   42.6104461846              0.00000           0.00000           0.00000
   43.1464224515              0.00000           0.00000           0.00000
   43.6891404699              0.00000           0.00000           0.00000
   44.2386850406              0.00000           0.00000           0.00000
   44.7951420310              0.00000           0.00000           0.00000
   45.3585983887              0.00000           0.00000           0.00000
   45.9291421550              0.00000           0.00000           0.00000
   46.5068624783              0.00000           0.00000           0.00000
   47.0918496287              0.00000           0.00000           0.00000
   47.6841950117              0.00000           0.00000           0.00000
   48.2839911823              0.00000           0.00000           0.00000
   48.8913318601              0.00000           0.00000           0.00000
   49.5063119431              0.00000           0.00000           0.00000
   50.1290275232              0.00000           0.00000           0.00000
   50.7595759012              0.00000           0.00000           0.00000
   51.3980556013              0.00000           0.00000           0.00000
   52.0445663874              0.00000           0.00000           0.00000
   52.6992092781              0.00000           0.00000           0.00000
   53.3620865627              0.00000           0.00000           0.00000
   54.0333018171              0.00000           0.00000           0.00000
   54.7129599200              0.00000           0.00000           0.00000
   55.4011670694              0.00000           0.00000           0.00000
   56.0980307992              0.00000           0.00000           0.00000
   56.8036599955              0.00000           0.00000           0.00000
   57.5181649146              0.00000           0.00000           0.00000
   58.2416571991              0.00000           0.00000           0.00000
   58.9742498962              0.00000           0.00000           0.00000
   59.7160574752              0.00000           0.00000           0.00000
   60.4671958447              0.00000           0.00000           0.00000
   61.2277823719              0.00000           0.00000           0.00000
   61.9979358999              0.00000           0.00000           0.00000
   62.7777767666              0.00000           0.00000           0.00000
   63.5674268240              0.00000           0.00000           0.00000
   64.3670094563              0.00000           0.00000           0.00000
   65.1766496000              0.00000           0.00000           0.00000
   65.9964737630              0.00000           0.00000           0.00000
   66.8266100445              0.00000           0.00000           0.00000
   67.6671881550              0.00000           0.00000           0.00000
   68.5183394366              0.00000           0.00000           0.00000
   69.3801968833              0.00000           0.00000           0.00000
   70.2528951621              0.00000           0.00000           0.00000
   71.1365706339              0.00000           0.00000           0.00000
   72.0313613748              0.00000           0.00000           0.00000
   72.9374071977              0.00000           0.00000           0.00000
   73.8548496741              0.00000           0.00000           0.00000
   74.7838321562              0.00000           0.00000           0.00000
   75.7244997995              0.00000           0.00000           0.00000
   76.6769995851              0.00000           0.00000           0.00000
   77.6414803431              0.00000           0.00000           0.00000
   78.6180927756              0.00000           0.00000           0.00000
   79.6069894802              0.00000           0.00000           0.00000
   80.6083249741              0.00000           0.00000           0.00000
   81.6222557180              0.00000           0.00000           0.00000
   82.6489401407              0.00000           0.00000           0.00000
   83.6885386635              0.00000           0.00000           0.00000
   84.7412137261              0.00000           0.00000           0.00000
   85.8071298109              0.00000           0.00000           0.00000
   86.8864534695              0.00000           0.00000           0.00000
   87.9793533484              0.00000           0.00000           0.00000
   89.0860002155              0.00000           0.00000           0.00000
   90.2065669866              0.00000           0.00000           0.00000
   91.3412287526              0.00000           0.00000           0.00000
   92.4901628065              0.00000           0.00000           0.00000
   93.6535486718              0.00000           0.00000           0.00000
   94.8315681298              0.00000           0.00000           0.00000
   96.0244052485              0.00000           0.00000           0.00000
   97.2322464111              0.00000           0.00000           0.00000
   98.4552803452              0.00000           0.00000           0.00000
   99.6936981524              0.00000           0.00000           0.00000
  100.9476933379              0.00000           0.00000           0.00000
  102.2174618412              0.00000           0.00000           0.00000
  103.5032020660              0.00000           0.00000           0.00000
  104.8051149119              0.00000           0.00000           0.00000
  106.1234038055              0.00000           0.00000           0.00000
  107.4582747320              0.00000           0.00000           0.00000
  108.8099362678              0.00000           0.00000           0.00000
  110.1785996128              0.00000           0.00000           0.00000
  111.5644786233              0.00000           0.00000           0.00000
  112.9677898457              0.00000           0.00000           0.00000
  114.3887525504              0.00000           0.00000           0.00000
  115.8275887656              0.00000           0.00000           0.00000
  117.2845233124              0.00000           0.00000           0.00000
  118.7597838398              0.00000           0.00000           0.00000
