  0.0000      1.23331
  0.0101      1.23331
  0.0201      1.23331
  0.0300      1.23331
  0.0401      1.23331
  0.0503      1.23331
  0.0607      1.23330
  0.0706      1.23330
  0.0800      1.23329
  0.0907      1.23328
  0.1002      1.23327
  0.1108      1.23325
  0.1210      1.23323
  0.1304      1.23320
  0.1406      1.23317
  0.1515      1.23312
  0.1613      1.23307
  0.1718      1.23300
  0.1806      1.23293
  0.1922      1.23282
  0.2021      1.23271
  0.2125      1.23258
  0.2206      1.23247
  0.2319      1.23228
  0.2408      1.23211
  0.2531      1.23185
  0.2628      1.23162
  0.2729      1.23134
  0.2833      1.23103
  0.2905      1.23079
  0.3016      1.23039
  0.3131      1.22992
  0.3211      1.22956
  0.3333      1.22896
  0.3418      1.22851
  0.3504      1.22801
  0.3638      1.22716
  0.3731      1.22652
  0.3825      1.22582
  0.3922      1.22504
  0.4021      1.22418
  0.4123      1.22324
  0.4228      1.22219
  0.4335      1.22104
  0.4445      1.21977
  0.4501      1.21909
  0.4614      1.21762
  0.4731      1.21601
  0.4851      1.21423
  0.4912      1.21327
  0.5037      1.21121
  0.5100      1.21010
  0.5229      1.20772
  0.5362      1.20510
  0.5429      1.20369
  0.5567      1.20066
  0.5637      1.19904
  0.5708      1.19733
  0.5852      1.19367
  0.5926      1.19170
  0.6000      1.18964
  0.6152      1.18520
  0.6230      1.18283
  0.6308      1.18033
  0.6468      1.17498
  0.6549      1.17211
  0.6632      1.16911
  0.6715      1.16595
  0.6885      1.15919
  0.6972      1.15557
  0.7059      1.15177
  0.7148      1.14780
  0.7238      1.14364
  0.7329      1.13928
  0.7422      1.13472
  0.7515      1.12994
  0.7609      1.12494
  0.7705      1.11972
  0.7802      1.11424
  0.7900      1.10852
  0.8100      1.09627
  0.8202      1.08972
  0.8306      1.08288
  0.8410      1.07573
  0.8516      1.06825
  0.8623      1.06044
  0.8731      1.05228
  0.8841      1.04376
  0.8953      1.03486
  0.9065      1.02557
  0.9179      1.01588
  0.9295      1.00576
  0.9412      0.99521
  0.9530      0.98421
  0.9650      0.97274
  0.9771      0.96078
  0.9894      0.94833
  1.0019      0.93536
  1.0145      0.92185
  1.0273      0.90779
  1.0402      0.89316
  1.0533      0.87794
  1.0665      0.86212
  1.0799      0.84568
  1.0935      0.82860
  1.1073      0.81087
  1.1212      0.79247
  1.1353      0.77337
  1.1496      0.75358
  1.1641      0.73307
  1.1787      0.71183
  1.1935      0.68984
  1.2085      0.66710
  1.2238      0.64359
  1.2391      0.61930
  1.2547      0.59422
  1.2705      0.56836
  1.2865      0.54170
  1.3027      0.51424
  1.3191      0.48599
  1.3357      0.45694
  1.3525      0.42711
  1.3695      0.39650
  1.3867      0.36512
  1.4042      0.33299
  1.4218      0.30013
  1.4397      0.26657
  1.4578      0.23233
  1.4762      0.19745
  1.4947      0.16197
  1.5135      0.12593
  1.5326      0.08939
  1.5519      0.05240
  1.5714      0.01502
  1.5912     -0.02268
  1.6112     -0.06061
  1.6314     -0.09871
  1.6520     -0.13687
  1.6728     -0.17500
  1.6938     -0.21300
  1.7151     -0.25076
  1.7367     -0.28816
  1.7585     -0.32507
  1.7806     -0.36138
  1.8031     -0.39693
  1.8257     -0.43160
  1.8487     -0.46524
  1.8720     -0.49771
  1.8955     -0.52884
  1.9194     -0.55850
  1.9435     -0.58654
  1.9679     -0.61281
  1.9927     -0.63716
  2.0178     -0.65945
  2.0432     -0.67957
  2.0689     -0.69738
  2.0949     -0.71278
  2.1212     -0.72569
  2.1479     -0.73601
  2.1749     -0.74370
  2.2023     -0.74874
  2.2300     -0.75110
  2.2581     -0.75081
  2.2865     -0.74793
  2.3152     -0.74253
  2.3444     -0.73475
  2.3738     -0.72473
  2.4037     -0.71267
  2.4339     -0.69880
  2.4646     -0.68338
  2.4956     -0.66671
  2.5270     -0.64914
  2.5587     -0.63102
  2.5909     -0.61273
  2.6235     -0.59466
  2.6565     -0.57722
  2.6899     -0.56078
  2.7238     -0.54568
  2.7580     -0.53222
  2.7927     -0.52059
  2.8279     -0.51086
  2.8634     -0.50293
  2.8995     -0.49647
  2.9359     -0.49087
  2.9729     -0.48534
  3.0103     -0.47968
  3.0481     -0.47390
  3.0865     -0.46800
  3.1253     -0.46200
  3.1646     -0.45592
  3.2044     -0.44977
  3.2447     -0.44357
  3.2856     -0.43733
  3.3269     -0.43108
  3.3687     -0.42480
  3.4111     -0.41853
  3.4540     -0.41225
  3.4975     -0.40596
  3.5415     -0.39969
  3.5860     -0.39341
  3.6311     -0.38713
  3.6768     -0.38085
  3.7231     -0.37457
  3.7699     -0.36828
  3.8173     -0.36199
  3.8653     -0.35568
  3.9140     -0.34935
  3.9632     -0.34302
  4.0130     -0.33666
  4.0635     -0.33028
  4.1146     -0.32389
  4.1664     -0.31749
  4.2188     -0.31107
  4.2719     -0.30464
  4.3256     -0.29821
  4.3800     -0.29178
  4.4351     -0.28536
  4.4909     -0.27895
  4.5474     -0.27257
  4.6046     -0.26623
  4.6625     -0.25993
  4.7212     -0.25368
  4.7806     -0.24750
  4.8407     -0.24139
  4.9016     -0.23537
  4.9632     -0.22944
  5.0257     -0.22362
  5.0889     -0.21790
  5.1529     -0.21231
  5.2177     -0.20684
  5.2834     -0.20150
  5.3498     -0.19630
  5.4171     -0.19124
  5.4853     -0.18632
  5.5543     -0.18155
  5.6241     -0.17692
  5.6949     -0.17244
  5.7665     -0.16811
  5.8390     -0.16392
  5.9125     -0.15987
  5.9869     -0.15597
  6.0622     -0.15220
  6.1384     -0.14856
  6.2156     -0.14506
  6.2938     -0.14167
  6.3730     -0.13841
  6.4532     -0.13525
  6.5343     -0.13220
  6.6165     -0.12925
  6.6998     -0.12639
  6.7840     -0.12362
  6.8694     -0.12093
  6.9558     -0.11831
  7.0433     -0.11575
  7.1319     -0.11326
  7.2216     -0.11082
  7.3124     -0.10842
  7.4044     -0.10606
  7.4975     -0.10374
  7.5918     -0.10145
  7.6873     -0.09918
  7.7840     -0.09694
  7.8820     -0.09471
  7.9811     -0.09249
  8.0815     -0.09028
  8.1832     -0.08809
  8.2861     -0.08589
  8.3903     -0.08371
  8.4959     -0.08152
  8.6027     -0.07934
  8.7109     -0.07717
  8.8205     -0.07500
  8.9315     -0.07284
  9.0438     -0.07068
  9.1576     -0.06854
  9.2728     -0.06640
  9.3894     -0.06428
  9.5075     -0.06217
  9.6271     -0.06009
  9.7482     -0.05802
  9.8708     -0.05598
  9.9950     -0.05396
 10.1207     -0.05197
 10.2480     -0.05001
 10.3769     -0.04809
 10.5074     -0.04620
 10.6396     -0.04435
 10.7734     -0.04253
 10.9090     -0.04076
 11.0462     -0.03902
 11.1851     -0.03733
 11.3258     -0.03569
 11.4683     -0.03409
 11.6125     -0.03253
 11.7586     -0.03102
 11.9065     -0.02956
 12.0563     -0.02814
 12.2079     -0.02677
 12.3615     -0.02545
 12.5170     -0.02417
 12.6744     -0.02294
 12.8339     -0.02175
 12.9953     -0.02061
 13.1588     -0.01952
 13.3243     -0.01847
 13.4919     -0.01746
 13.6616     -0.01649
 13.8334     -0.01557
 14.0074     -0.01469
 14.1836     -0.01384
 14.3620     -0.01304
 14.5427     -0.01227
 14.7256     -0.01154
 14.9109     -0.01084
 15.0984     -0.01018
 15.2883     -0.00955
 15.4806     -0.00895
 15.6754     -0.00838
 15.8725     -0.00784
 16.0722     -0.00733
 16.2744     -0.00685
 16.4791     -0.00640
 16.6864     -0.00597
 16.8962     -0.00556
 17.1088     -0.00518
 17.3240     -0.00482
 17.5419     -0.00448
 17.7625     -0.00416
 17.9860     -0.00386
 18.2122     -0.00358
 18.4413     -0.00332
 18.6733     -0.00307
 18.9081     -0.00284
 19.1460     -0.00262
 19.3868     -0.00242
 19.6307     -0.00223
 19.8776     -0.00206
 20.1276     -0.00189
 20.3808     -0.00174
 20.6372     -0.00160
 20.8968     -0.00147
 21.1596     -0.00135
 21.4258     -0.00123
 21.6953     -0.00113
 21.9682     -0.00103
 22.2445     -0.00094
 22.5243     -0.00086
 22.8076     -0.00078
 23.0945     -0.00071
 23.3850     -0.00065
 23.6792     -0.00059
 23.9770     -0.00053
 24.2786     -0.00048
 24.5840     -0.00044
 24.8932     -0.00040
 25.2063     -0.00036
 25.5234     -0.00036
 25.8445     -0.00036
 26.1695     -0.00036
 26.4987     -0.00036
