  0.0000     -3.07027
  0.0101     -3.07027
  0.0201     -3.07027
  0.0300     -3.07027
  0.0401     -3.07027
  0.0503     -3.07027
  0.0607     -3.07027
  0.0706     -3.07026
  0.0800     -3.07025
  0.0907     -3.07024
  0.1002     -3.07023
  0.1108     -3.07021
  0.1210     -3.07018
  0.1304     -3.07015
  0.1406     -3.07010
  0.1515     -3.07004
  0.1613     -3.06998
  0.1718     -3.06989
  0.1806     -3.06981
  0.1922     -3.06968
  0.2021     -3.06955
  0.2125     -3.06939
  0.2206     -3.06925
  0.2319     -3.06902
  0.2408     -3.06882
  0.2531     -3.06851
  0.2628     -3.06822
  0.2729     -3.06789
  0.2833     -3.06751
  0.2905     -3.06723
  0.3016     -3.06674
  0.3131     -3.06618
  0.3211     -3.06575
  0.3333     -3.06503
  0.3418     -3.06449
  0.3504     -3.06389
  0.3638     -3.06288
  0.3731     -3.06212
  0.3825     -3.06128
  0.3922     -3.06035
  0.4021     -3.05933
  0.4123     -3.05821
  0.4228     -3.05698
  0.4335     -3.05562
  0.4445     -3.05412
  0.4501     -3.05332
  0.4614     -3.05159
  0.4731     -3.04969
  0.4851     -3.04760
  0.4912     -3.04648
  0.5037     -3.04408
  0.5100     -3.04278
  0.5229     -3.04001
  0.5362     -3.03697
  0.5429     -3.03533
  0.5567     -3.03183
  0.5637     -3.02995
  0.5708     -3.02798
  0.5852     -3.02377
  0.5926     -3.02151
  0.6000     -3.01914
  0.6152     -3.01407
  0.6230     -3.01136
  0.6308     -3.00852
  0.6468     -3.00243
  0.6549     -2.99918
  0.6632     -2.99578
  0.6715     -2.99222
  0.6885     -2.98460
  0.6972     -2.98053
  0.7059     -2.97627
  0.7148     -2.97183
  0.7238     -2.96718
  0.7329     -2.96232
  0.7422     -2.95725
  0.7515     -2.95195
  0.7609     -2.94642
  0.7705     -2.94064
  0.7802     -2.93461
  0.7900     -2.92832
  0.8100     -2.91489
  0.8202     -2.90774
  0.8306     -2.90029
  0.8410     -2.89252
  0.8516     -2.88441
  0.8623     -2.87597
  0.8731     -2.86717
  0.8841     -2.85801
  0.8953     -2.84846
  0.9065     -2.83852
  0.9179     -2.82818
  0.9295     -2.81742
  0.9412     -2.80622
  0.9530     -2.79458
  0.9650     -2.78248
  0.9771     -2.76990
  0.9894     -2.75683
  1.0019     -2.74326
  1.0145     -2.72916
  1.0273     -2.71453
  1.0402     -2.69936
  1.0533     -2.68361
  1.0665     -2.66729
  1.0799     -2.65038
  1.0935     -2.63286
  1.1073     -2.61472
  1.1212     -2.59594
  1.1353     -2.57651
  1.1496     -2.55642
  1.1641     -2.53566
  1.1787     -2.51420
  1.1935     -2.49205
  1.2085     -2.46919
  1.2238     -2.44561
  1.2391     -2.42130
  1.2547     -2.39625
  1.2705     -2.37045
  1.2865     -2.34391
  1.3027     -2.31661
  1.3191     -2.28855
  1.3357     -2.25973
  1.3525     -2.23016
  1.3695     -2.19982
  1.3867     -2.16873
  1.4042     -2.13689
  1.4218     -2.10430
  1.4397     -2.07099
  1.4578     -2.03696
  1.4762     -2.00222
  1.4947     -1.96680
  1.5135     -1.93071
  1.5326     -1.89399
  1.5519     -1.85664
  1.5714     -1.81872
  1.5912     -1.78024
  1.6112     -1.74126
  1.6314     -1.70179
  1.6520     -1.66190
  1.6728     -1.62163
  1.6938     -1.58103
  1.7151     -1.54016
  1.7367     -1.49907
  1.7585     -1.45783
  1.7806     -1.41651
  1.8031     -1.37517
  1.8257     -1.33390
  1.8487     -1.29277
  1.8720     -1.25187
  1.8955     -1.21127
  1.9194     -1.17106
  1.9435     -1.13135
  1.9679     -1.09221
  1.9927     -1.05376
  2.0178     -1.01607
  2.0432     -0.97925
  2.0689     -0.94340
  2.0949     -0.90862
  2.1212     -0.87499
  2.1479     -0.84262
  2.1749     -0.81158
  2.2023     -0.78197
  2.2300     -0.75387
  2.2581     -0.72733
  2.2865     -0.70242
  2.3152     -0.67919
  2.3444     -0.65768
  2.3738     -0.63790
  2.4037     -0.61986
  2.4339     -0.60355
  2.4646     -0.58892
  2.4956     -0.57591
  2.5270     -0.56446
  2.5587     -0.55444
  2.5909     -0.54573
  2.6235     -0.53817
  2.6565     -0.53159
  2.6899     -0.52579
  2.7238     -0.52058
  2.7580     -0.51572
  2.7927     -0.51102
  2.8279     -0.50630
  2.8634     -0.50141
  2.8995     -0.49626
  2.9359     -0.49087
  2.9729     -0.48534
  3.0103     -0.47968
  3.0481     -0.47390
  3.0865     -0.46800
  3.1253     -0.46200
  3.1646     -0.45592
  3.2044     -0.44977
  3.2447     -0.44357
  3.2856     -0.43733
  3.3269     -0.43108
  3.3687     -0.42480
  3.4111     -0.41853
  3.4540     -0.41225
  3.4975     -0.40596
  3.5415     -0.39969
  3.5860     -0.39341
  3.6311     -0.38713
  3.6768     -0.38085
  3.7231     -0.37457
  3.7699     -0.36828
  3.8173     -0.36199
  3.8653     -0.35568
  3.9140     -0.34935
  3.9632     -0.34302
  4.0130     -0.33666
  4.0635     -0.33028
  4.1146     -0.32389
  4.1664     -0.31749
  4.2188     -0.31107
  4.2719     -0.30464
  4.3256     -0.29821
  4.3800     -0.29178
  4.4351     -0.28536
  4.4909     -0.27895
  4.5474     -0.27257
  4.6046     -0.26623
  4.6625     -0.25993
  4.7212     -0.25368
  4.7806     -0.24750
  4.8407     -0.24139
  4.9016     -0.23537
  4.9632     -0.22944
  5.0257     -0.22362
  5.0889     -0.21790
  5.1529     -0.21231
  5.2177     -0.20684
  5.2834     -0.20150
  5.3498     -0.19630
  5.4171     -0.19124
  5.4853     -0.18632
  5.5543     -0.18155
  5.6241     -0.17692
  5.6949     -0.17244
  5.7665     -0.16811
  5.8390     -0.16392
  5.9125     -0.15987
  5.9869     -0.15597
  6.0622     -0.15220
  6.1384     -0.14856
  6.2156     -0.14506
  6.2938     -0.14167
  6.3730     -0.13841
  6.4532     -0.13525
  6.5343     -0.13220
  6.6165     -0.12925
  6.6998     -0.12639
  6.7840     -0.12362
  6.8694     -0.12093
  6.9558     -0.11831
  7.0433     -0.11575
  7.1319     -0.11326
  7.2216     -0.11082
  7.3124     -0.10842
  7.4044     -0.10606
  7.4975     -0.10374
  7.5918     -0.10145
  7.6873     -0.09918
  7.7840     -0.09694
  7.8820     -0.09471
  7.9811     -0.09249
  8.0815     -0.09028
  8.1832     -0.08809
  8.2861     -0.08589
  8.3903     -0.08371
  8.4959     -0.08152
  8.6027     -0.07934
  8.7109     -0.07717
  8.8205     -0.07500
  8.9315     -0.07284
  9.0438     -0.07068
  9.1576     -0.06854
  9.2728     -0.06640
  9.3894     -0.06428
  9.5075     -0.06217
  9.6271     -0.06009
  9.7482     -0.05802
  9.8708     -0.05598
  9.9950     -0.05396
 10.1207     -0.05197
 10.2480     -0.05001
 10.3769     -0.04809
 10.5074     -0.04620
 10.6396     -0.04435
 10.7734     -0.04253
 10.9090     -0.04076
 11.0462     -0.03902
 11.1851     -0.03733
 11.3258     -0.03569
 11.4683     -0.03409
 11.6125     -0.03253
 11.7586     -0.03102
 11.9065     -0.02956
 12.0563     -0.02814
 12.2079     -0.02677
 12.3615     -0.02545
 12.5170     -0.02417
 12.6744     -0.02294
 12.8339     -0.02175
 12.9953     -0.02061
 13.1588     -0.01952
 13.3243     -0.01847
 13.4919     -0.01746
 13.6616     -0.01649
 13.8334     -0.01557
 14.0074     -0.01469
 14.1836     -0.01384
 14.3620     -0.01304
 14.5427     -0.01227
 14.7256     -0.01154
 14.9109     -0.01084
 15.0984     -0.01018
 15.2883     -0.00955
 15.4806     -0.00895
 15.6754     -0.00838
 15.8725     -0.00784
 16.0722     -0.00733
 16.2744     -0.00685
 16.4791     -0.00640
 16.6864     -0.00597
 16.8962     -0.00556
 17.1088     -0.00518
 17.3240     -0.00482
 17.5419     -0.00448
 17.7625     -0.00416
 17.9860     -0.00386
 18.2122     -0.00358
 18.4413     -0.00332
 18.6733     -0.00307
 18.9081     -0.00284
 19.1460     -0.00262
 19.3868     -0.00242
 19.6307     -0.00223
 19.8776     -0.00206
 20.1276     -0.00189
 20.3808     -0.00174
 20.6372     -0.00160
 20.8968     -0.00147
 21.1596     -0.00135
 21.4258     -0.00123
 21.6953     -0.00113
 21.9682     -0.00103
 22.2445     -0.00094
 22.5243     -0.00086
 22.8076     -0.00078
 23.0945     -0.00071
 23.3850     -0.00065
 23.6792     -0.00059
 23.9770     -0.00053
 24.2786     -0.00048
 24.5840     -0.00044
 24.8932     -0.00040
 25.2063     -0.00036
 25.5234     -0.00036
 25.8445     -0.00036
 26.1695     -0.00036
 26.4987     -0.00036
