  0.0000     -0.96544
  0.0101     -0.96544
  0.0201     -0.96544
  0.0300     -0.96544
  0.0401     -0.96544
  0.0503     -0.96544
  0.0607     -0.96544
  0.0706     -0.96543
  0.0800     -0.96543
  0.0907     -0.96543
  0.1002     -0.96542
  0.1108     -0.96542
  0.1210     -0.96541
  0.1304     -0.96539
  0.1406     -0.96538
  0.1515     -0.96536
  0.1613     -0.96534
  0.1718     -0.96531
  0.1806     -0.96528
  0.1922     -0.96524
  0.2021     -0.96519
  0.2125     -0.96514
  0.2206     -0.96509
  0.2319     -0.96501
  0.2408     -0.96494
  0.2531     -0.96484
  0.2628     -0.96474
  0.2729     -0.96463
  0.2833     -0.96450
  0.2905     -0.96440
  0.3016     -0.96424
  0.3131     -0.96404
  0.3211     -0.96390
  0.3333     -0.96366
  0.3418     -0.96347
  0.3504     -0.96327
  0.3638     -0.96293
  0.3731     -0.96267
  0.3825     -0.96239
  0.3922     -0.96207
  0.4021     -0.96173
  0.4123     -0.96135
  0.4228     -0.96093
  0.4335     -0.96047
  0.4445     -0.95997
  0.4501     -0.95970
  0.4614     -0.95912
  0.4731     -0.95848
  0.4851     -0.95778
  0.4912     -0.95740
  0.5037     -0.95659
  0.5100     -0.95616
  0.5229     -0.95523
  0.5362     -0.95420
  0.5429     -0.95366
  0.5567     -0.95248
  0.5637     -0.95186
  0.5708     -0.95120
  0.5852     -0.94979
  0.5926     -0.94903
  0.6000     -0.94825
  0.6152     -0.94656
  0.6230     -0.94565
  0.6308     -0.94471
  0.6468     -0.94269
  0.6549     -0.94161
  0.6632     -0.94048
  0.6715     -0.93930
  0.6885     -0.93677
  0.6972     -0.93543
  0.7059     -0.93402
  0.7148     -0.93255
  0.7238     -0.93102
  0.7329     -0.92942
  0.7422     -0.92775
  0.7515     -0.92601
  0.7609     -0.92419
  0.7705     -0.92230
  0.7802     -0.92032
  0.7900     -0.91826
  0.8100     -0.91387
  0.8202     -0.91154
  0.8306     -0.90911
  0.8410     -0.90659
  0.8516     -0.90395
  0.8623     -0.90122
  0.8731     -0.89837
  0.8841     -0.89540
  0.8953     -0.89232
  0.9065     -0.88912
  0.9179     -0.88580
  0.9295     -0.88234
  0.9412     -0.87875
  0.9530     -0.87503
  0.9650     -0.87117
  0.9771     -0.86716
  0.9894     -0.86301
  1.0019     -0.85871
  1.0145     -0.85425
  1.0273     -0.84963
  1.0402     -0.84486
  1.0533     -0.83992
  1.0665     -0.83481
  1.0799     -0.82953
  1.0935     -0.82408
  1.1073     -0.81846
  1.1212     -0.81266
  1.1353     -0.80668
  1.1496     -0.80051
  1.1641     -0.79417
  1.1787     -0.78764
  1.1935     -0.78092
  1.2085     -0.77403
  1.2238     -0.76694
  1.2391     -0.75968
  1.2547     -0.75223
  1.2705     -0.74460
  1.2865     -0.73680
  1.3027     -0.72882
  1.3191     -0.72068
  1.3357     -0.71236
  1.3525     -0.70390
  1.3695     -0.69527
  1.3867     -0.68651
  1.4042     -0.67761
  1.4218     -0.66858
  1.4397     -0.65944
  1.4578     -0.65020
  1.4762     -0.64087
  1.4947     -0.63147
  1.5135     -0.62201
  1.5326     -0.61251
  1.5519     -0.60299
  1.5714     -0.59347
  1.5912     -0.58397
  1.6112     -0.57451
  1.6314     -0.56512
  1.6520     -0.55583
  1.6728     -0.54666
  1.6938     -0.53765
  1.7151     -0.52882
  1.7367     -0.52020
  1.7585     -0.51183
  1.7806     -0.50373
  1.8031     -0.49596
  1.8257     -0.48854
  1.8487     -0.48150
  1.8720     -0.47488
  1.8955     -0.46873
  1.9194     -0.46306
  1.9435     -0.45793
  1.9679     -0.45335
  1.9927     -0.44937
  2.0178     -0.44601
  2.0432     -0.44330
  2.0689     -0.44125
  2.0949     -0.43989
  2.1212     -0.43922
  2.1479     -0.43926
  2.1749     -0.44001
  2.2023     -0.44144
  2.2300     -0.44355
  2.2581     -0.44631
  2.2865     -0.44967
  2.3152     -0.45359
  2.3444     -0.45800
  2.3738     -0.46282
  2.4037     -0.46798
  2.4339     -0.47335
  2.4646     -0.47883
  2.4956     -0.48427
  2.5270     -0.48955
  2.5587     -0.49451
  2.5909     -0.49898
  2.6235     -0.50282
  2.6565     -0.50585
  2.6899     -0.50793
  2.7238     -0.50893
  2.7580     -0.50875
  2.7927     -0.50734
  2.8279     -0.50470
  2.8634     -0.50092
  2.8995     -0.49620
  2.9359     -0.49087
  2.9729     -0.48534
  3.0103     -0.47968
  3.0481     -0.47390
  3.0865     -0.46800
  3.1253     -0.46200
  3.1646     -0.45592
  3.2044     -0.44977
  3.2447     -0.44357
  3.2856     -0.43733
  3.3269     -0.43108
  3.3687     -0.42480
  3.4111     -0.41853
  3.4540     -0.41225
  3.4975     -0.40596
  3.5415     -0.39969
  3.5860     -0.39341
  3.6311     -0.38713
  3.6768     -0.38085
  3.7231     -0.37457
  3.7699     -0.36828
  3.8173     -0.36199
  3.8653     -0.35568
  3.9140     -0.34935
  3.9632     -0.34302
  4.0130     -0.33666
  4.0635     -0.33028
  4.1146     -0.32389
  4.1664     -0.31749
  4.2188     -0.31107
  4.2719     -0.30464
  4.3256     -0.29821
  4.3800     -0.29178
  4.4351     -0.28536
  4.4909     -0.27895
  4.5474     -0.27257
  4.6046     -0.26623
  4.6625     -0.25993
  4.7212     -0.25368
  4.7806     -0.24750
  4.8407     -0.24139
  4.9016     -0.23537
  4.9632     -0.22944
  5.0257     -0.22362
  5.0889     -0.21790
  5.1529     -0.21231
  5.2177     -0.20684
  5.2834     -0.20150
  5.3498     -0.19630
  5.4171     -0.19124
  5.4853     -0.18632
  5.5543     -0.18155
  5.6241     -0.17692
  5.6949     -0.17244
  5.7665     -0.16811
  5.8390     -0.16392
  5.9125     -0.15987
  5.9869     -0.15597
  6.0622     -0.15220
  6.1384     -0.14856
  6.2156     -0.14506
  6.2938     -0.14167
  6.3730     -0.13841
  6.4532     -0.13525
  6.5343     -0.13220
  6.6165     -0.12925
  6.6998     -0.12639
  6.7840     -0.12362
  6.8694     -0.12093
  6.9558     -0.11831
  7.0433     -0.11575
  7.1319     -0.11326
  7.2216     -0.11082
  7.3124     -0.10842
  7.4044     -0.10606
  7.4975     -0.10374
  7.5918     -0.10145
  7.6873     -0.09918
  7.7840     -0.09694
  7.8820     -0.09471
  7.9811     -0.09249
  8.0815     -0.09028
  8.1832     -0.08809
  8.2861     -0.08589
  8.3903     -0.08371
  8.4959     -0.08152
  8.6027     -0.07934
  8.7109     -0.07717
  8.8205     -0.07500
  8.9315     -0.07284
  9.0438     -0.07068
  9.1576     -0.06854
  9.2728     -0.06640
  9.3894     -0.06428
  9.5075     -0.06217
  9.6271     -0.06009
  9.7482     -0.05802
  9.8708     -0.05598
  9.9950     -0.05396
 10.1207     -0.05197
 10.2480     -0.05001
 10.3769     -0.04809
 10.5074     -0.04620
 10.6396     -0.04435
 10.7734     -0.04253
 10.9090     -0.04076
 11.0462     -0.03902
 11.1851     -0.03733
 11.3258     -0.03569
 11.4683     -0.03409
 11.6125     -0.03253
 11.7586     -0.03102
 11.9065     -0.02956
 12.0563     -0.02814
 12.2079     -0.02677
 12.3615     -0.02545
 12.5170     -0.02417
 12.6744     -0.02294
 12.8339     -0.02175
 12.9953     -0.02061
 13.1588     -0.01952
 13.3243     -0.01847
 13.4919     -0.01746
 13.6616     -0.01649
 13.8334     -0.01557
 14.0074     -0.01469
 14.1836     -0.01384
 14.3620     -0.01304
 14.5427     -0.01227
 14.7256     -0.01154
 14.9109     -0.01084
 15.0984     -0.01018
 15.2883     -0.00955
 15.4806     -0.00895
 15.6754     -0.00838
 15.8725     -0.00784
 16.0722     -0.00733
 16.2744     -0.00685
 16.4791     -0.00640
 16.6864     -0.00597
 16.8962     -0.00556
 17.1088     -0.00518
 17.3240     -0.00482
 17.5419     -0.00448
 17.7625     -0.00416
 17.9860     -0.00386
 18.2122     -0.00358
 18.4413     -0.00332
 18.6733     -0.00307
 18.9081     -0.00284
 19.1460     -0.00262
 19.3868     -0.00242
 19.6307     -0.00223
 19.8776     -0.00206
 20.1276     -0.00189
 20.3808     -0.00174
 20.6372     -0.00160
 20.8968     -0.00147
 21.1596     -0.00135
 21.4258     -0.00123
 21.6953     -0.00113
 21.9682     -0.00103
 22.2445     -0.00094
 22.5243     -0.00086
 22.8076     -0.00078
 23.0945     -0.00071
 23.3850     -0.00065
 23.6792     -0.00059
 23.9770     -0.00053
 24.2786     -0.00048
 24.5840     -0.00044
 24.8932     -0.00040
 25.2063     -0.00036
 25.5234     -0.00036
 25.8445     -0.00036
 26.1695     -0.00036
 26.4987     -0.00036
