    0.0000009448              0.00000           0.00000           0.00000
    0.0000019015              0.00000           0.00000           0.00000
    0.0000028702              0.00000           0.00000           0.00000
    0.0000038512              0.00001           0.00000           0.00001
    0.0000048444              0.00001           0.00000           0.00001
    0.0000058502              0.00002           0.00000           0.00002
    0.0000068686              0.00002           0.00000           0.00002
    0.0000078998              0.00003           0.00000           0.00003
    0.0000089440              0.00004           0.00000           0.00004
    0.0000100013              0.00005           0.00000           0.00005
    0.0000110719              0.00006           0.00000           0.00006
    0.0000121560              0.00007           0.00000           0.00007
    0.0000132537              0.00009           0.00000           0.00009
    0.0000143652              0.00010           0.00000           0.00010
    0.0000154907              0.00012           0.00000           0.00012
    0.0000166304              0.00013           0.00000           0.00013
    0.0000177844              0.00015           0.00000           0.00015
    0.0000189529              0.00017           0.00000           0.00017
    0.0000201361              0.00020           0.00000           0.00020
    0.0000213342              0.00022           0.00000           0.00022
    0.0000225474              0.00024           0.00000           0.00024
    0.0000237758              0.00027           0.00000           0.00027
    0.0000250197              0.00030           0.00000           0.00030
    0.0000262792              0.00033           0.00000           0.00033
    0.0000275546              0.00036           0.00000           0.00036
    0.0000288460              0.00039           0.00000           0.00039
    0.0000301536              0.00043           0.00000           0.00043
    0.0000314777              0.00047           0.00000           0.00047
    0.0000328185              0.00050           0.00000           0.00050
    0.0000341761              0.00055           0.00000           0.00055
    0.0000355508              0.00059           0.00000           0.00059
    0.0000369428              0.00064           0.00000           0.00063
    0.0000383523              0.00068           0.00000           0.00068
    0.0000397795              0.00073           0.00000           0.00073
    0.0000412247              0.00079           0.00000           0.00079
    0.0000426880              0.00084           0.00000           0.00084
    0.0000441698              0.00090           0.00000           0.00090
    0.0000456702              0.00096           0.00000           0.00096
    0.0000471895              0.00102           0.00000           0.00102
    0.0000487279              0.00109           0.00000           0.00109
    0.0000502856              0.00115           0.00000           0.00115
    0.0000518629              0.00123           0.00000           0.00123
    0.0000534601              0.00130           0.00000           0.00130
    0.0000550773              0.00138           0.00000           0.00138
    0.0000567150              0.00146           0.00000           0.00146
    0.0000583732              0.00154           0.00000           0.00154
    0.0000600522              0.00163           0.00000           0.00163
    0.0000617524              0.00172           0.00000           0.00172
    0.0000634740              0.00181           0.00000           0.00181
    0.0000652172              0.00191           0.00000           0.00191
    0.0000669823              0.00201           0.00000           0.00201
    0.0000687697              0.00212           0.00000           0.00212
    0.0000705795              0.00223           0.00000           0.00223
    0.0000724121              0.00234           0.00000           0.00234
    0.0000742677              0.00246           0.00000           0.00246
    0.0000761467              0.00258           0.00000           0.00258
    0.0000780493              0.00271           0.00000           0.00271
    0.0000799759              0.00284           0.00000           0.00284
    0.0000819267              0.00297           0.00000           0.00297
    0.0000839020              0.00311           0.00000           0.00311
    0.0000859022              0.00326           0.00000           0.00326
    0.0000879275              0.00341           0.00000           0.00341
    0.0000899783              0.00356           0.00000           0.00356
    0.0000920549              0.00372           0.00000           0.00372
    0.0000941576              0.00389           0.00000           0.00389
    0.0000962868              0.00406           0.00000           0.00406
    0.0000984428              0.00424           0.00000           0.00424
    0.0001006258              0.00442           0.00000           0.00442
    0.0001028364              0.00461           0.00000           0.00461
    0.0001050747              0.00481           0.00000           0.00481
    0.0001073412              0.00501           0.00000           0.00501
    0.0001096362              0.00522           0.00001           0.00522
    0.0001119601              0.00544           0.00001           0.00544
    0.0001143132              0.00566           0.00001           0.00566
    0.0001166959              0.00589           0.00001           0.00589
    0.0001191085              0.00613           0.00001           0.00613
    0.0001215515              0.00638           0.00001           0.00637
    0.0001240253              0.00663           0.00001           0.00663
    0.0001265301              0.00689           0.00001           0.00689
    0.0001290665              0.00716           0.00001           0.00716
    0.0001316348              0.00744           0.00001           0.00744
    0.0001342354              0.00773           0.00001           0.00772
    0.0001368686              0.00802           0.00001           0.00802
    0.0001395351              0.00833           0.00001           0.00832
    0.0001422350              0.00864           0.00001           0.00864
    0.0001449689              0.00896           0.00001           0.00896
    0.0001477372              0.00930           0.00001           0.00929
    0.0001505403              0.00964           0.00001           0.00964
    0.0001533787              0.00999           0.00001           0.00999
    0.0001562528              0.01036           0.00001           0.01036
    0.0001591630              0.01073           0.00001           0.01073
    0.0001621099              0.01112           0.00001           0.01112
    0.0001650938              0.01152           0.00001           0.01152
    0.0001681152              0.01193           0.00001           0.01193
    0.0001711746              0.01235           0.00001           0.01235
    0.0001742726              0.01279           0.00001           0.01278
    0.0001774095              0.01324           0.00001           0.01323
    0.0001805858              0.01370           0.00001           0.01369
    0.0001838021              0.01417           0.00001           0.01417
    0.0001870589              0.01466           0.00001           0.01466
    0.0001903566              0.01516           0.00002           0.01516
    0.0001936958              0.01568           0.00002           0.01567
    0.0001970770              0.01621           0.00002           0.01621
    0.0002005008              0.01676           0.00002           0.01675
    0.0002039676              0.01732           0.00002           0.01732
    0.0002074780              0.01790           0.00002           0.01790
    0.0002110325              0.01850           0.00002           0.01849
    0.0002146318              0.01911           0.00002           0.01910
    0.0002182764              0.01974           0.00002           0.01973
    0.0002219668              0.02039           0.00002           0.02038
    0.0002257036              0.02105           0.00002           0.02105
    0.0002294874              0.02174           0.00002           0.02173
    0.0002333188              0.02244           0.00002           0.02244
    0.0002371984              0.02317           0.00002           0.02316
    0.0002411268              0.02391           0.00002           0.02391
    0.0002451046              0.02468           0.00002           0.02467
    0.0002491325              0.02546           0.00003           0.02546
    0.0002532110              0.02627           0.00003           0.02626
    0.0002573408              0.02710           0.00003           0.02709
    0.0002615226              0.02796           0.00003           0.02795
    0.0002657569              0.02883           0.00003           0.02883
    0.0002700445              0.02974           0.00003           0.02973
    0.0002743861              0.03066           0.00003           0.03065
    0.0002787823              0.03161           0.00003           0.03160
    0.0002832337              0.03259           0.00003           0.03258
    0.0002877412              0.03359           0.00003           0.03358
    0.0002923053              0.03463           0.00003           0.03462
    0.0002969269              0.03569           0.00004           0.03568
    0.0003016066              0.03677           0.00004           0.03676
    0.0003063452              0.03789           0.00004           0.03788
    0.0003111433              0.03904           0.00004           0.03903
    0.0003160018              0.04022           0.00004           0.04021
    0.0003209215              0.04143           0.00004           0.04142
    0.0003259030              0.04267           0.00004           0.04266
    0.0003309471              0.04395           0.00004           0.04394
    0.0003360548              0.04526           0.00005           0.04525
    0.0003412266              0.04661           0.00005           0.04659
    0.0003464635              0.04799           0.00005           0.04798
    0.0003517663              0.04941           0.00005           0.04939
    0.0003571358              0.05086           0.00005           0.05085
    0.0003625728              0.05236           0.00005           0.05234
    0.0003680783              0.05389           0.00005           0.05388
    0.0003736529              0.05547           0.00006           0.05545
    0.0003792977              0.05709           0.00006           0.05707
    0.0003850135              0.05874           0.00006           0.05873
    0.0003908012              0.06045           0.00006           0.06043
    0.0003966617              0.06220           0.00006           0.06218
    0.0004025959              0.06399           0.00006           0.06397
    0.0004086047              0.06583           0.00007           0.06581
    0.0004146892              0.06772           0.00007           0.06770
    0.0004208501              0.06966           0.00007           0.06964
    0.0004270886              0.07165           0.00007           0.07163
    0.0004334055              0.07369           0.00007           0.07367
    0.0004398019              0.07578           0.00008           0.07576
    0.0004462787              0.07793           0.00008           0.07791
    0.0004528370              0.08013           0.00008           0.08011
    0.0004594778              0.08239           0.00008           0.08237
    0.0004662022              0.08471           0.00009           0.08469
    0.0004730111              0.08709           0.00009           0.08706
    0.0004799057              0.08953           0.00009           0.08950
    0.0004868869              0.09203           0.00009           0.09201
    0.0004939560              0.09460           0.00010           0.09457
    0.0005011141              0.09723           0.00010           0.09720
    0.0005083621              0.09993           0.00010           0.09990
    0.0005157013              0.10270           0.00010           0.10267
    0.0005231329              0.10554           0.00011           0.10551
    0.0005306579              0.10845           0.00011           0.10842
    0.0005382776              0.11144           0.00011           0.11141
    0.0005459931              0.11450           0.00012           0.11447
    0.0005538056              0.11765           0.00012           0.11761
    0.0005617165              0.12087           0.00012           0.12083
    0.0005697268              0.12417           0.00013           0.12413
    0.0005778379              0.12755           0.00013           0.12752
    0.0005860510              0.13103           0.00013           0.13099
    0.0005943674              0.13458           0.00014           0.13455
    0.0006027885              0.13823           0.00014           0.13820
    0.0006113154              0.14197           0.00014           0.14194
    0.0006199497              0.14581           0.00015           0.14577
    0.0006286925              0.14974           0.00015           0.14970
    0.0006375453              0.15377           0.00016           0.15373
    0.0006465094              0.15790           0.00016           0.15786
    0.0006555863              0.16213           0.00017           0.16209
    0.0006647774              0.16647           0.00017           0.16643
    0.0006740841              0.17092           0.00017           0.17088
    0.0006835078              0.17548           0.00018           0.17543
    0.0006930501              0.18015           0.00018           0.18011
    0.0007027124              0.18494           0.00019           0.18489
    0.0007124963              0.18985           0.00019           0.18980
    0.0007224032              0.19488           0.00020           0.19483
    0.0007324347              0.20004           0.00020           0.19998
    0.0007425924              0.20532           0.00021           0.20526
    0.0007528779              0.21073           0.00022           0.21067
    0.0007632927              0.21628           0.00022           0.21622
    0.0007738386              0.22196           0.00023           0.22190
    0.0007845171              0.22778           0.00023           0.22772
    0.0007953299              0.23375           0.00024           0.23369
    0.0008062788              0.23986           0.00025           0.23980
    0.0008173653              0.24612           0.00025           0.24606
    0.0008285913              0.25254           0.00026           0.25247
    0.0008399585              0.25911           0.00027           0.25904
    0.0008514687              0.26585           0.00027           0.26578
    0.0008631237              0.27274           0.00028           0.27267
    0.0008749253              0.27981           0.00029           0.27974
    0.0008868753              0.28705           0.00030           0.28698
    0.0008989756              0.29446           0.00030           0.29439
    0.0009112281              0.30206           0.00031           0.30198
    0.0009236348              0.30984           0.00032           0.30976
    0.0009361975              0.31781           0.00033           0.31773
    0.0009489182              0.32597           0.00034           0.32589
    0.0009617990              0.33433           0.00035           0.33424
    0.0009748417              0.34289           0.00036           0.34280
    0.0009880485              0.35165           0.00037           0.35157
    0.0010014215              0.36063           0.00038           0.36054
    0.0010149626              0.36983           0.00038           0.36973
    0.0010286741              0.37924           0.00040           0.37915
    0.0010425580              0.38888           0.00041           0.38879
    0.0010566166              0.39876           0.00042           0.39866
    0.0010708520              0.40886           0.00043           0.40876
    0.0010852665              0.41921           0.00044           0.41911
    0.0010998623              0.42981           0.00045           0.42971
    0.0011146417              0.44066           0.00046           0.44056
    0.0011296070              0.45177           0.00047           0.45166
    0.0011447605              0.46315           0.00049           0.46303
    0.0011601046              0.47479           0.00050           0.47468
    0.0011756417              0.48671           0.00051           0.48659
    0.0011913743              0.49891           0.00052           0.49879
    0.0012073048              0.51140           0.00054           0.51128
    0.0012234356              0.52419           0.00055           0.52407
    0.0012397693              0.53728           0.00057           0.53715
    0.0012563085              0.55068           0.00058           0.55055
    0.0012730558              0.56439           0.00060           0.56426
    0.0012900136              0.57842           0.00061           0.57829
    0.0013071848              0.59279           0.00063           0.59265
    0.0013245720              0.60749           0.00064           0.60735
    0.0013421779              0.62254           0.00066           0.62240
    0.0013600052              0.63793           0.00068           0.63779
    0.0013780568              0.65369           0.00070           0.65355
    0.0013963354              0.66982           0.00071           0.66967
    0.0014148440              0.68632           0.00073           0.68617
    0.0014335853              0.70320           0.00075           0.70305
    0.0014525624              0.72048           0.00077           0.72032
    0.0014717782              0.73815           0.00079           0.73799
    0.0014912357              0.75624           0.00081           0.75608
    0.0015109380              0.77474           0.00083           0.77458
    0.0015308881              0.79368           0.00085           0.79351
    0.0015510891              0.81304           0.00088           0.81287
    0.0015715442              0.83286           0.00090           0.83268
    0.0015922566              0.85313           0.00092           0.85295
    0.0016132295              0.87386           0.00095           0.87368
    0.0016344663              0.89507           0.00097           0.89489
    0.0016559702              0.91677           0.00100           0.91658
    0.0016777445              0.93896           0.00102           0.93877
    0.0016997927              0.96165           0.00105           0.96146
    0.0017221183              0.98487           0.00107           0.98467
    0.0017447247              1.00861           0.00110           1.00841
    0.0017676155              1.03289           0.00113           1.03269
    0.0017907941              1.05772           0.00116           1.05751
    0.0018142644              1.08311           0.00119           1.08290
    0.0018380298              1.10907           0.00122           1.10886
    0.0018620942              1.13562           0.00125           1.13541
    0.0018864613              1.16277           0.00128           1.16256
    0.0019111349              1.19053           0.00132           1.19031
    0.0019361188              1.21891           0.00135           1.21869
    0.0019614170              1.24792           0.00138           1.24770
    0.0019870334              1.27759           0.00142           1.27736
    0.0020129720              1.30791           0.00146           1.30769
    0.0020392369              1.33892           0.00149           1.33869
    0.0020658321              1.37061           0.00153           1.37038
    0.0020927619              1.40300           0.00157           1.40277
    0.0021200305              1.43611           0.00161           1.43587
    0.0021476420              1.46995           0.00165           1.46971
    0.0021756008              1.50454           0.00170           1.50430
    0.0022039113              1.53989           0.00174           1.53965
    0.0022325779              1.57602           0.00179           1.57577
    0.0022616051              1.61294           0.00183           1.61269
    0.0022909974              1.65066           0.00188           1.65042
    0.0023207594              1.68921           0.00193           1.68897
    0.0023508958              1.72860           0.00198           1.72836
    0.0023814112              1.76885           0.00203           1.76860
    0.0024123105              1.80997           0.00208           1.80972
    0.0024435984              1.85198           0.00213           1.85173
    0.0024752799              1.89490           0.00219           1.89465
    0.0025073599              1.93874           0.00225           1.93849
    0.0025398435              1.98353           0.00230           1.98328
    0.0025727356              2.02928           0.00236           2.02903
    0.0026060414              2.07600           0.00242           2.07576
    0.0026397662              2.12373           0.00249           2.12348
    0.0026739152              2.17247           0.00255           2.17223
    0.0027084937              2.22225           0.00262           2.22201
    0.0027435072              2.27308           0.00269           2.27285
    0.0027789611              2.32499           0.00276           2.32476
    0.0028148609              2.37799           0.00283           2.37777
    0.0028512123              2.43211           0.00290           2.43189
    0.0028880210              2.48737           0.00298           2.48715
    0.0029252926              2.54378           0.00305           2.54357
    0.0029630331              2.60138           0.00313           2.60117
    0.0030012483              2.66017           0.00321           2.65996
    0.0030399441              2.72018           0.00330           2.71998
    0.0030791267              2.78143           0.00338           2.78125
    0.0031188022              2.84395           0.00347           2.84377
    0.0031589767              2.90776           0.00356           2.90759
    0.0031996566              2.97288           0.00366           2.97272
    0.0032408481              3.03933           0.00375           3.03918
    0.0032825578              3.10714           0.00385           3.10700
    0.0033247921              3.17633           0.00395           3.17620
    0.0033675576              3.24692           0.00406           3.24681
    0.0034108611              3.31894           0.00416           3.31885
    0.0034547093              3.39242           0.00427           3.39233
    0.0034991090              3.46737           0.00438           3.46730
    0.0035440672              3.54382           0.00450           3.54377
    0.0035895908              3.62180           0.00462           3.62177
    0.0036356872              3.70133           0.00474           3.70132
    0.0036823633              3.78243           0.00487           3.78245
    0.0037296265              3.86514           0.00500           3.86518
    0.0037774843              3.94948           0.00513           3.94955
    0.0038259440              4.03548           0.00527           4.03557
    0.0038750132              4.12315           0.00541           4.12327
    0.0039246997              4.21254           0.00555           4.21269
    0.0039750112              4.30366           0.00570           4.30384
    0.0040259555              4.39654           0.00585           4.39676
    0.0040775406              4.49121           0.00601           4.49146
    0.0041297745              4.58769           0.00617           4.58798
    0.0041826655              4.68602           0.00634           4.68635
    0.0042362218              4.78622           0.00651           4.78659
    0.0042904517              4.88832           0.00668           4.88874
    0.0043453638              4.99234           0.00686           4.99281
    0.0044009665              5.09832           0.00705           5.09884
    0.0044572687              5.20628           0.00724           5.20685
    0.0045142791              5.31624           0.00744           5.31688
    0.0045720065              5.42825           0.00764           5.42894
    0.0046304601              5.54232           0.00785           5.54308
    0.0046896489              5.65849           0.00806           5.65932
    0.0047495822              5.77678           0.00828           5.77768
    0.0048102695              5.89722           0.00851           5.89819
    0.0048717200              6.01984           0.00875           6.02089
    0.0049339435              6.14467           0.00899           6.14580
    0.0049969497              6.27173           0.00924           6.27295
    0.0050607484              6.40106           0.00949           6.40237
    0.0051253496              6.53267           0.00975           6.53408
    0.0051907634              6.66661           0.01003           6.66812
    0.0052570000              6.80289           0.01031           6.80451
    0.0053240697              6.94154           0.01059           6.94328
    0.0053919831              7.08260           0.01089           7.08445
    0.0054607507              7.22608           0.01120           7.22806
    0.0055303833              7.37202           0.01151           7.37413
    0.0056008917              7.52044           0.01184           7.52269
    0.0056722871              7.67137           0.01217           7.67376
    0.0057445805              7.82484           0.01252           7.82738
    0.0058177832              7.98086           0.01287           7.98356
    0.0058919068              8.13946           0.01324           8.14233
    0.0059669626              8.30068           0.01362           8.30372
    0.0060429626              8.46453           0.01401           8.46776
    0.0061199185              8.63103           0.01441           8.63446
    0.0061978424              8.80022           0.01483           8.80385
    0.0062767465              8.97211           0.01526           8.97595
    0.0063566431              9.14673           0.01570           9.15079
    0.0064375446              9.32409           0.01616           9.32839
    0.0065194638              9.50422           0.01663           9.50876
    0.0066024134              9.68714           0.01711           9.69194
    0.0066864063              9.87286           0.01762           9.87793
    0.0067714558             10.06142           0.01813          10.06677
    0.0068575750             10.25281           0.01867          10.25846
    0.0069447775             10.44706           0.01922          10.45302
    0.0070330768             10.64420           0.01979          10.65048
    0.0071224869             10.84422           0.02038          10.85084
    0.0072130215             11.04714           0.02099          11.05412
    0.0073046950             11.25299           0.02162          11.26034
    0.0073975216             11.46176           0.02227          11.46950
    0.0074915157             11.67347           0.02294          11.68162
    0.0075866922             11.88813           0.02363          11.89671
    0.0076830659             12.10575           0.02435          12.11478
    0.0077806518             12.32633           0.02509          12.33583
    0.0078794651             12.54988           0.02585          12.55986
    0.0079795214             12.77640           0.02665          12.78690
    0.0080808363             13.00590           0.02746          13.01693
    0.0081834255             13.23837           0.02831          13.24996
    0.0082873051             13.47381           0.02918          13.48599
    0.0083924914             13.71223           0.03009          13.72501
    0.0084990008             13.95361           0.03102          13.96703
    0.0086068498             14.19795           0.03199          14.21204
    0.0087160555             14.44524           0.03299          14.46003
    0.0088266348             14.69548           0.03402          14.71099
    0.0089386050             14.94864           0.03509          14.96492
    0.0090519836             15.20472           0.03620          15.22179
    0.0091667884             15.46370           0.03735          15.48160
    0.0092830372             15.72555           0.03853          15.74433
    0.0094007482             15.99027           0.03976          16.00995
    0.0095199399             16.25782           0.04103          16.27845
    0.0096406308             16.52818           0.04235          16.54980
    0.0097628399             16.80132           0.04371          16.82397
    0.0098865861             17.07722           0.04512          17.10095
    0.0100118888             17.35583           0.04658          17.38068
    0.0101387677             17.63712           0.04809          17.66315
    0.0102672425             17.92106           0.04966          17.94831
    0.0103973333             18.20759           0.05128          18.23612
    0.0105290605             18.49668           0.05295          18.52655
    0.0106624446             18.78829           0.05469          18.81954
    0.0107975065             19.08234           0.05649          19.11505
    0.0109342672             19.37881           0.05836          19.41303
    0.0110727482             19.67762           0.06029          19.71342
    0.0112129710             19.97872           0.06229          20.01617
    0.0113549576             20.28204           0.06437          20.32121
    0.0114987302             20.58752           0.06652          20.62848
    0.0116443113             20.89509           0.06874          20.93792
    0.0117917235             21.20467           0.07105          21.24945
    0.0119409899             21.51619           0.07344          21.56299
    0.0120921339             21.82956           0.07592          21.87848
    0.0122451790             22.14471           0.07849          22.19583
    0.0124001492             22.46154           0.08115          22.51496
    0.0125570687             22.77996           0.08391          22.83578
    0.0127159620             23.09988           0.08677          23.15819
    0.0128768539             23.42119           0.08974          23.48210
    0.0130397696             23.74380           0.09281          23.80742
    0.0132047346             24.06759           0.09600          24.13404
    0.0133717745             24.39247           0.09930          24.46184
    0.0135409155             24.71830           0.10272          24.79074
    0.0137121841             25.04497           0.10627          25.12060
    0.0138856069             25.37236           0.10995          25.45131
    0.0140612112             25.70035           0.11377          25.78274
    0.0142390243             26.02880           0.11772          26.11478
    0.0144190740             26.35757           0.12182          26.44730
    0.0146013884             26.68653           0.12607          26.78015
    0.0147859961             27.01553           0.13048          27.11321
    0.0149729258             27.34443           0.13505          27.44632
    0.0151622068             27.67307           0.13979          27.77936
    0.0153538687             28.00131           0.14470          28.11216
    0.0155479414             28.32898           0.14980          28.44457
    0.0157444553             28.65592           0.15508          28.77645
    0.0159434410             28.98195           0.16055          29.10763
    0.0161449296             29.30692           0.16623          29.43794
    0.0163489526             29.63065           0.17212          29.76722
    0.0165555419             29.95296           0.17822          30.09530
    0.0167647298             30.27366           0.18454          30.42201
    0.0169765490             30.59258           0.19110          30.74717
    0.0171910325             30.90952           0.19790          31.07060
    0.0174082139             31.22429           0.20495          31.39211
    0.0176281271             31.53670           0.21225          31.71153
    0.0178508064             31.84655           0.21983          32.02865
    0.0180762867             32.15363           0.22768          32.34330
    0.0183046033             32.45775           0.23581          32.65527
    0.0185357916             32.75870           0.24425          32.96437
    0.0187698880             33.05626           0.25299          33.27041
    0.0190069289             33.35023           0.26204          33.57317
    0.0192469515             33.64039           0.27143          33.87247
    0.0194899932             33.92652           0.28116          34.16809
    0.0197360919             34.20842           0.29124          34.45982
    0.0199852862             34.48585           0.30168          34.74747
    0.0202376150             34.75861           0.31250          35.03083
    0.0204931176             35.02646           0.32371          35.30968
    0.0207518341             35.28919           0.33532          35.58382
    0.0210138049             35.54658           0.34735          35.85304
    0.0212790708             35.79839           0.35981          36.11713
    0.0215476734             36.04441           0.37271          36.37589
    0.0218196546             36.28442           0.38608          36.62909
    0.0220950569             36.51818           0.39992          36.87655
    0.0223739233             36.74549           0.41424          37.11804
    0.0226562974             36.96612           0.42908          37.35338
    0.0229422234             37.17986           0.44444          37.58235
    0.0232317458             37.38648           0.46033          37.80476
    0.0235249100             37.58577           0.47679          38.02041
    0.0238217618             37.77752           0.49381          38.22911
    0.0241223475             37.96153           0.51144          38.43066
    0.0244267141             38.13758           0.52967          38.62489
    0.0247349091             38.30548           0.54853          38.81160
    0.0250469808             38.46503           0.56805          38.99063
    0.0253629778             38.61605           0.58823          39.16180
    0.0256829496             38.75833           0.60910          39.32495
    0.0260069462             38.89170           0.63069          39.47991
    0.0263350181             39.01600           0.65301          39.62653
    0.0266672167             39.13104           0.67608          39.76467
    0.0270035938             39.23666           0.69993          39.89419
    0.0273442020             39.33273           0.72458          40.01494
    0.0276890945             39.41907           0.75005          40.12682
    0.0280383253             39.49557           0.77637          40.22971
    0.0283919488             39.56209           0.80356          40.32350
    0.0287500204             39.61851           0.83164          40.40810
    0.0291125959             39.66473           0.86065          40.48343
    0.0294797321             39.70063           0.89059          40.54940
    0.0298514863             39.72615           0.92151          40.60596
    0.0302279166             39.74119           0.95343          40.65305
    0.0306090818             39.74569           0.98636          40.69065
    0.0309950415             39.73961           1.02035          40.71871
    0.0313858559             39.72290           1.05542          40.73722
    0.0317815862             39.69553           1.09159          40.74620
    0.0321822941             39.65749           1.12889          40.74564
    0.0325880424             39.60878           1.16735          40.73558
    0.0329988943             39.54941           1.20700          40.71606
    0.0334149141             39.47942           1.24787          40.68714
    0.0338361668             39.39885           1.28999          40.64890
    0.0342627182             39.30777           1.33338          40.60141
    0.0346946350             39.20624           1.37807          40.54479
    0.0351319846             39.09436           1.42410          40.47915
    0.0355748353             38.97224           1.47149          40.40464
    0.0360232565             38.84001           1.52028          40.32141
    0.0364773181             38.69780           1.57048          40.22963
    0.0369370911             38.54579           1.62214          40.12949
    0.0374026473             38.38415           1.67528          40.02119
    0.0378740595             38.21307           1.72993          39.90497
    0.0383514014             38.03278           1.78611          39.78106
    0.0388347474             37.84349           1.84387          39.64973
    0.0393241732             37.64547           1.90322          39.51124
    0.0398197552             37.43898           1.96419          39.36590
    0.0403215709             37.22430           2.02682          39.21402
    0.0408296986             37.00175           2.09112          39.05592
    0.0413442178             36.77164           2.15714          38.89196
    0.0418652089             36.53432           2.22488          38.72250
    0.0423927532             36.29013           2.29439          38.54792
    0.0429269332             36.03946           2.36567          38.36862
    0.0434678324             35.78270           2.43876          38.18502
    0.0440155352             35.52026           2.51369          37.99754
    0.0445701273             35.25256           2.59046          37.80662
    0.0451316953             34.98004           2.66911          37.61274
    0.0457003270             34.70316           2.74965          37.41636
    0.0462761111             34.42240           2.83211          37.21797
    0.0468591378             34.13823           2.91649          37.01808
    0.0474494980             33.85115           3.00282          36.81718
    0.0480472840             33.56169           3.09110          36.61582
    0.0486525893             33.27035           3.18136          36.41453
    0.0492655083             32.97769           3.27360          36.21384
    0.0498861369             32.68423           3.36783          36.01431
    0.0505145721             32.39055           3.46407          35.81651
    0.0511509120             32.09720           3.56230          35.62099
    0.0517952561             31.80475           3.66255          35.42833
    0.0524477050             31.51379           3.76480          35.23912
    0.0531083608             31.22489           3.86906          35.05391
    0.0537773265             30.93864           3.97532          34.87331
    0.0544547068             30.65563           4.08357          34.69788
    0.0551406075             30.37645           4.19381          34.52821
    0.0558351358             30.10170           4.30602          34.36487
    0.0565384002             29.83196           4.42019          34.20844
    0.0572505105             29.56782           4.53629          34.05948
    0.0579715781             29.30986           4.65432          33.91855
    0.0587017156             29.05867           4.77423          33.78621
    0.0594410371             28.81480           4.89601          33.66299
    0.0601896581             28.57883           5.01962          33.54941
    0.0609476956             28.35130           5.14502          33.44601
    0.0617152681             28.13276           5.27218          33.35326
    0.0624924954             27.92372           5.40105          33.27166
    0.0632794990             27.72469           5.53158          33.20166
    0.0640764020             27.53618           5.66373          33.14371
    0.0648833287             27.35866           5.79743          33.09822
    0.0657004053             27.19257           5.93264          33.06560
    0.0665277595             27.03837           6.06927          33.04620
    0.0673655205             26.89644           6.20727          33.04037
    0.0682138192             26.76718           6.34656          33.04841
    0.0690727883             26.65095           6.48706          33.07062
    0.0699425618             26.54807           6.62869          33.10724
    0.0708232757             26.45885           6.77137          33.15848
    0.0717150677             26.38355           6.91500          33.22452
    0.0726180770             26.32242           7.05949          33.30551
    0.0735324448             26.27565           7.20473          33.40154
    0.0744583139             26.24341           7.35061          33.51267
    0.0753958290             26.22583           7.49704          33.63894
    0.0763451366             26.22300           7.64389          33.78032
    0.0773063850             26.23499           7.79104          33.93675
    0.0782797245             26.26179           7.93837          34.10811
    0.0792653070             26.30340           8.08574          34.29426
    0.0802632866             26.35974           8.23303          34.49501
    0.0812738193             26.43069           8.38009          34.71009
    0.0822970629             26.51611           8.52678          34.93924
    0.0833331773             26.61581           8.67296          35.18209
    0.0843823245             26.72954           8.81847          35.43828
    0.0854446683             26.85701           8.96316          35.70736
    0.0865203747             26.99791           9.10687          35.98886
    0.0876096119             27.15186           9.24943          36.28225
    0.0887125500             27.31844           9.39068          36.58695
    0.0898293613             27.49720           9.53045          36.90234
    0.0909602204             27.68764           9.66857          37.22776
    0.0921053039             27.88921           9.80486          37.56249
    0.0932647908             28.10133           9.93915          37.90578
    0.0944388623             28.32337          10.07125          38.25684
    0.0956277017             28.55467          10.20099          38.61482
    0.0968314950             28.79452          10.32818          38.97885
    0.0980504301             29.04219          10.45264          39.34801
    0.0992846974             29.29689          10.57419          39.72136
    0.1005344900             29.55781          10.69265          40.09791
    0.1018000030             29.82413          10.80782          40.47664
    0.1030814343             30.09496          10.91954          40.85651
    0.1043789839             30.36940          11.02761          41.23645
    0.1056928547             30.64653          11.13186          41.61536
    0.1070232520             30.92541          11.23212          41.99214
    0.1083703836             31.20507          11.32820          42.36565
    0.1097344600             31.48451          11.41994          42.73474
    0.1111156944             31.76275          11.50717          43.09826
    0.1125143026             32.03876          11.58973          43.45504
    0.1139305031             32.31154          11.66746          43.80391
    0.1153645172             32.58004          11.74021          44.14371
    0.1168165690             32.84324          11.80784          44.47327
    0.1182868854             33.10012          11.87021          44.79143
    0.1197756961             33.34965          11.92718          45.09704
    0.1212832337             33.59080          11.97864          45.38898
    0.1228097338             33.82259          12.02446          45.66613
    0.1243554349             34.04401          12.06455          45.92740
    0.1259205785             34.25409          12.09881          46.17174
    0.1275054092             34.45189          12.12715          46.39811
    0.1291101746             34.63648          12.14950          46.60552
    0.1307351255             34.80697          12.16579          46.79302
    0.1323805158             34.96249          12.17598          46.95969
    0.1340466025             35.10221          12.18002          47.10468
    0.1357336460             35.22535          12.17789          47.22718
    0.1374419099             35.33116          12.16957          47.32643
    0.1391716611             35.41896          12.15507          47.40173
    0.1409231699             35.48808          12.13441          47.45246
    0.1426967100             35.53793          12.10760          47.47804
    0.1444925585             35.56798          12.07470          47.47798
    0.1463109959             35.57775          12.03576          47.45185
    0.1481523065             35.56680          11.99086          47.39930
    0.1500167779             35.53479          11.94009          47.32006
    0.1519047015             35.48143          11.88355          47.21393
    0.1538163723             35.40648          11.82136          47.08082
    0.1557520889             35.30980          11.75367          46.92067
    0.1577121538             35.19130          11.68061          46.73357
    0.1596968733             35.05097          11.60236          46.51965
    0.1617065575             34.88888          11.51911          46.27914
    0.1637415204             34.70516          11.43105          46.01237
    0.1658020800             34.50003          11.33839          45.71974
    0.1678885582             34.27376          11.24137          45.40176
    0.1700012811             34.02673          11.14021          45.05902
    0.1721405788             33.75937          11.03519          44.69217
    0.1743067856             33.47219          10.92657          44.30199
    0.1765002398             33.16578          10.81464          43.88932
    0.1787212844             32.84079          10.69967          43.45509
    0.1809702662             32.49795          10.58199          43.00030
    0.1832475367             32.13806          10.46191          42.52605
    0.1855534518             31.76197          10.33976          42.03348
    0.1878883717             31.37060          10.21586          41.52384
    0.1902526613             30.96495          10.09057          40.99842
    0.1926466900             30.54606           9.96422          40.45859
    0.1950708319             30.11502           9.83719          39.90577
    0.1975254657             29.67298           9.70983          39.34144
    0.2000109750             29.22113           9.58250          38.76713
    0.2025277482             28.76070           9.45557          38.18440
    0.2050761785             28.29298           9.32941          37.59486
    0.2076566641             27.81925           9.20439          37.00016
    0.2102696082             27.34087           9.08088          36.40197
    0.2129154190             26.85917           8.95923          35.80197
    0.2155945101             26.37553           8.83981          35.20187
    0.2183073000             25.89134           8.72298          34.60337
    0.2210542127             25.40798           8.60908          34.00819
    0.2238356772             24.92684           8.49845          33.41802
    0.2266521282             24.44931           8.39143          32.83455
    0.2295040058             23.97677           8.28833          32.25945
    0.2323917557             23.51055           8.18946          31.69437
    0.2353158289             23.05201           8.09512          31.14089
    0.2382766825             22.60244           8.00559          30.60060
    0.2412747790             22.16310           7.92113          30.07499
    0.2443105869             21.73524           7.84199          29.56554
    0.2473845806             21.32003           7.76840          29.07363
    0.2504972404             20.91861           7.70057          28.60059
    0.2536490526             20.53204           7.63869          28.14770
    0.2568405097             20.16135           7.58293          27.71611
    0.2600721105             19.80749           7.53343          27.30692
    0.2633443597             19.47133           7.49033          26.92113
    0.2666577688             19.15367           7.45371          26.55965
    0.2700128554             18.85525           7.42366          26.22328
    0.2734101439             18.57672           7.40024          25.91274
    0.2768501649             18.31862           7.38345          25.62860
    0.2803334561             18.08143           7.37332          25.37138
    0.2838605617             17.86553           7.36980          25.14143
    0.2874320329             17.67121           7.37286          24.93902
    0.2910484276             17.49868           7.38242          24.76429
    0.2947103109             17.34802           7.39837          24.61726
    0.2984182551             17.21925           7.42058          24.49786
    0.3021728395             17.11227           7.44890          24.40586
    0.3059746507             17.02689           7.48316          24.34093
    0.3098242828             16.96285           7.52314          24.30264
    0.3137223374             16.91975           7.56862          24.29042
    0.3176694234             16.89713           7.61934          24.30360
    0.3216661577             16.89443           7.67504          24.34139
    0.3257131647             16.91101           7.73540          24.40291
    0.3298110767             16.94613           7.80013          24.48715
    0.3339605342             16.99899           7.86887          24.59304
    0.3381621854             17.06870           7.94127          24.71939
    0.3424166869             17.15430           8.01696          24.86493
    0.3467247034             17.25476           8.09555          25.02832
    0.3510869081             17.36900           8.17665          25.20812
    0.3555039826             17.49588           8.25984          25.40286
    0.3599766170             17.63419           8.34469          25.61098
    0.3645055102             17.78272           8.43079          25.83090
    0.3690913700             17.94017           8.51770          26.06096
    0.3737349127             18.10525           8.60497          26.29950
    0.3784368640             18.27663           8.69217          26.54480
    0.3831979586             18.45296           8.77885          26.79515
    0.3880189403             18.63288           8.86457          27.04881
    0.3929005626             18.81502           8.94891          27.30403
    0.3978435881             18.99802           9.03141          27.55908
    0.4028487892             19.18052           9.11167          27.81224
    0.4079169480             19.36119           9.18925          28.06181
    0.4130488563             19.53868           9.26376          28.30609
    0.4182453162             19.71172           9.33480          28.54346
    0.4235071394             19.87903           9.40199          28.77231
    0.4288351483             20.03940           9.46496          28.99109
    0.4342301752             20.19163           9.52336          29.19830
    0.4396930633             20.33459           9.57686          29.39250
    0.4452246660             20.46721           9.62513          29.57232
    0.4508258477             20.58846           9.66790          29.73648
    0.4564974835             20.69738           9.70488          29.88374
    0.4622404598             20.79308           9.73583          30.01298
    0.4680556739             20.87473           9.76051          30.12315
    0.4739440343             20.94158           9.77873          30.21328
    0.4799064612             20.99296           9.79030          30.28251
    0.4859438862             21.02827           9.79507          30.33008
    0.4920572526             21.04698           9.79291          30.35529
    0.4982475157             21.04867           9.78371          30.35759
    0.5045156428             21.03295           9.76739          30.33650
    0.5108626131             20.99957           9.74390          30.29164
    0.5172894186             20.94832           9.71322          30.22274
    0.5237970633             20.87909           9.67533          30.12963
    0.5303865641             20.79183           9.63027          30.01222
    0.5370589506             20.68659           9.57807          29.87053
    0.5438152654             20.56349           9.51880          29.70469
    0.5506565642             20.42272           9.45256          29.51489
    0.5575839159             20.26454           9.37946          29.30142
    0.5645984030             20.08928           9.29964          29.06467
    0.5717011214             19.89734           9.21325          28.80509
    0.5788931811             19.68918           9.12047          28.52322
    0.5861757057             19.46531           9.02148          28.21968
    0.5935498333             19.22633           8.91651          27.89513
    0.6010167159             18.97283           8.80577          27.55033
    0.6085775203             18.70551           8.68951          27.18608
    0.6162334280             18.42507           8.56798          26.80323
    0.6239856351             18.13227           8.44145          26.40269
    0.6318353530             17.82789           8.31020          25.98540
    0.6397838082             17.51274           8.17451          25.55236
    0.6478322426             17.18768           8.03468          25.10458
    0.6559819139             16.85356           7.89101          24.64311
    0.6642340954             16.51126           7.74380          24.16902
    0.6725900766             16.16166           7.59338          23.68339
    0.6810511631             15.80567           7.44006          23.18733
    0.6896186770             15.44417           7.28415          22.68195
    0.6982939569             15.07808           7.12597          22.16834
    0.7070783584             14.70827           6.96583          21.64762
    0.7159732541             14.33565           6.80406          21.12089
    0.7249800338             13.96107           6.64097          20.58924
    0.7341001049             13.58540           6.47686          20.05374
    0.7433348923             13.20946           6.31204          19.51545
    0.7526858390             12.83408           6.14681          18.97540
    0.7621544062             12.46005           5.98145          18.43460
    0.7717420732             12.08813           5.81626          17.89403
    0.7814503383             11.71904           5.65150          17.35463
    0.7912807184             11.35350           5.48745          16.81733
    0.8012347493             10.99216           5.32436          16.28299
    0.8113139866             10.63566           5.16248          15.75246
    0.8215200051             10.28459           5.00205          15.22654
    0.8318543995              9.93951           4.84328          14.70598
    0.8423187846              9.60094           4.68640          14.19150
    0.8529147954              9.26934           4.53160          13.68378
    0.8636440876              8.94516           4.37908          13.18343
    0.8745083377              8.62879           4.22901          12.69105
    0.8855092433              8.32059           4.08156          12.20716
    0.8966485232              8.02087           3.93688          11.73226
    0.9079279180              7.72989           3.79510          11.26680
    0.9193491902              7.44791           3.65636          10.81118
    0.9309141242              7.17510           3.52077          10.36575
    0.9426245272              6.91162           3.38843           9.93084
    0.9544822290              6.65758           3.25942           9.50671
    0.9664890823              6.41308           3.13384           9.09359
    0.9786469632              6.17815           3.01173           8.69168
    0.9909577714              5.95280           2.89317           8.30112
    1.0034234305              5.73702           2.77817           7.92204
    1.0160458883              5.53075           2.66679           7.55451
    1.0288271171              5.33390           2.55904           7.19857
    1.0417691139              5.14637           2.45493           6.85423
    1.0548739011              4.96802           2.35446           6.52148
    1.0681435261              4.79869           2.25763           6.20028
    1.0815800625              4.63820           2.16441           5.89053
    1.0951856097              4.48634           2.07478           5.59215
    1.1089622937              4.34289           1.98871           5.30500
    1.1229122670              4.20762           1.90615           5.02895
    1.1370377093              4.08027           1.82706           4.76383
    1.1513408279              3.96058           1.75138           4.50944
    1.1658238575              3.84825           1.67906           4.26561
    1.1804890612              3.74301           1.61003           4.03210
    1.1953387305              3.64457           1.54421           3.80869
    1.2103751856              3.55260           1.48154           3.59514
    1.2256007760              3.46682           1.42193           3.39120
    1.2410178808              3.38690           1.36530           3.19662
    1.2566289089              3.31254           1.31156           3.01113
    1.2724362995              3.24341           1.26063           2.83446
    1.2884425227              3.17921           1.21241           2.66633
    1.3046500793              3.11962           1.16681           2.50647
    1.3210615019              3.06433           1.12374           2.35460
    1.3376793548              3.01303           1.08310           2.21043
    1.3545062346              2.96543           1.04479           2.07369
    1.3715447704              2.92123           1.00871           1.94410
    1.3887976247              2.88014           0.97478           1.82137
    1.4062674931              2.84187           0.94288           1.70523
    1.4239571054              2.80615           0.91292           1.59542
    1.4418692257              2.77272           0.88481           1.49166
    1.4600066527              2.74131           0.85844           1.39370
    1.4783722204              2.71169           0.83373           1.30127
    1.4969687986              2.68361           0.81059           1.21413
    1.5157992929              2.65684           0.78891           1.13203
    1.5348666457              2.63118           0.76862           1.05474
    1.5541738362              2.60641           0.74962           0.98203
    1.5737238813              2.58235           0.73183           0.91367
    1.5935198357              2.55881           0.71516           0.84945
    1.6135647925              2.53563           0.69955           0.78916
    1.6338618839              2.51264           0.68490           0.73260
    1.6544142812              2.48970           0.67114           0.67958
    1.6752251959              2.46669           0.65821           0.62991
    1.6962978797              2.44347           0.64603           0.58342
    1.7176356252              2.41994           0.63453           0.53993
    1.7392417665              2.39600           0.62366           0.49928
    1.7611196796              2.37157           0.61335           0.46131
    1.7832727829              2.34656           0.60354           0.42587
    1.8057045380              2.32091           0.59419           0.39283
    1.8284184499              2.29457           0.58523           0.36203
    1.8514180675              2.26749           0.57662           0.33336
    1.8747069848              2.23964           0.56832           0.30669
    1.8982888406              2.21099           0.56027           0.28189
    1.9221673196              2.18151           0.55245           0.25886
    1.9463461529              2.15121           0.54480           0.23749
    1.9708291184              2.12008           0.53731           0.21768
    1.9956200418              2.08813           0.52993           0.19932
    2.0207227966              2.05536           0.52264           0.18234
    2.0461413052              2.02180           0.51540           0.16663
    2.0718795393              1.98747           0.50820           0.15212
    2.0979415205              1.95241           0.50102           0.13873
    2.1243313210              1.91664           0.49383           0.12638
    2.1510530644              1.88020           0.48661           0.11501
    2.1781109260              1.84315           0.47936           0.10455
    2.2055091335              1.80552           0.47206           0.09493
    2.2332519681              1.76736           0.46469           0.08610
    2.2613437646              1.72874           0.45725           0.07800
    2.2897889124              1.68970           0.44973           0.07058
    2.3185918560              1.65030           0.44213           0.06379
    2.3477570962              1.61060           0.43444           0.05758
    2.3772891898              1.57065           0.42666           0.05192
    2.4071927515              1.53052           0.41878           0.04675
    2.4374724537              1.49026           0.41082           0.04204
    2.4681330277              1.44994           0.40277           0.03776
    2.4991792642              1.40962           0.39463           0.03387
    2.5306160142              1.36934           0.38641           0.03034
    2.5624481900              1.32918           0.37812           0.02714
    2.5946807652              1.28918           0.36975           0.02425
    2.6273187762              1.24940           0.36132           0.02163
    2.6603673230              1.20990           0.35283           0.01927
    2.6938315692              1.17073           0.34430           0.01714
    2.7277167439              1.13193           0.33573           0.01523
    2.7620281416              1.09355           0.32712           0.01350
    2.7967711235              1.05564           0.31850           0.01196
    2.8319511184              1.01824           0.30987           0.01058
    2.8675736231              0.98139           0.30123           0.00934
    2.9036442038              0.94512           0.29261           0.00823
    2.9401684965              0.90948           0.28401           0.00725
    2.9771522083              0.87450           0.27544           0.00637
    3.0146011179              0.84020           0.26691           0.00559
    3.0525210768              0.80660           0.25843           0.00489
    3.0909180100              0.77375           0.25001           0.00428
    3.1297979172              0.74165           0.24167           0.00373
    3.1691668735              0.71033           0.23341           0.00325
    3.2090310302              0.67979           0.22524           0.00283
    3.2493966164              0.65007           0.21717           0.00246
    3.2902699390              0.62115           0.20920           0.00213
    3.3316573848              0.59307           0.20136           0.00184
    3.3735654206              0.56581           0.19364           0.00159
    3.4160005946              0.53939           0.18606           0.00137
    3.4589695374              0.51380           0.17861           0.00118
    3.5024789629              0.48905           0.17131           0.00102
    3.5465356696              0.46513           0.16417           0.00087
    3.5911465415              0.44205           0.15718           0.00074
    3.6363185490              0.41978           0.15035           0.00064
    3.6820587505              0.39833           0.14369           0.00054
    3.7283742929              0.37769           0.13720           0.00046
    3.7752724131              0.35784           0.13088           0.00039
    3.8227604390              0.33878           0.12474           0.00033
    3.8708457907              0.32048           0.11878           0.00028
    3.9195359817              0.30294           0.11300           0.00024
    3.9688386200              0.28614           0.10740           0.00020
    4.0187614090              0.27006           0.10199           0.00017
    4.0693121495              0.25469           0.09675           0.00014
    4.1204987400              0.24001           0.09170           0.00012
    4.1723291785              0.22600           0.08683           0.00010
    4.2248115637              0.21264           0.08214           0.00008
    4.2779540960              0.19991           0.07762           0.00007
    4.3317650791              0.18779           0.07329           0.00006
    4.3862529211              0.17627           0.06913           0.00005
    4.4414261357              0.16533           0.06514           0.00004
    4.4972933440              0.15493           0.06132           0.00003
    4.5538632752              0.14508           0.05766           0.00003
    4.6111447685              0.13573           0.05417           0.00002
    4.6691467743              0.12689           0.05084           0.00002
    4.7278783556              0.11852           0.04766           0.00001
    4.7873486892              0.11060           0.04464           0.00001
    4.8475670675              0.10313           0.04176           0.00001
    4.9085428998              0.09607           0.03902           0.00001
    4.9702857136              0.08942           0.03643           0.00001
    5.0328051564              0.08315           0.03397           0.00000
    5.0961109970              0.07725           0.03164           0.00000
    5.1602131270              0.07171           0.02944           0.00000
    5.2251215626              0.06649           0.02736           0.00000
    5.2908464457              0.06160           0.02540           0.00000
    5.3573980462              0.05701           0.02355           0.00000
    5.4247867627              0.05271           0.02181           0.00000
    5.4930231249              0.04868           0.02018           0.00000
    5.5621177949              0.04491           0.01864           0.00000
    5.6320815689              0.04139           0.01720           0.00000
    5.7029253788              0.03811           0.01585           0.00000
    5.7746602941              0.03505           0.01459           0.00000
    5.8472975236              0.03219           0.01341           0.00000
    5.9208484170              0.02954           0.01231           0.00000
    5.9953244667              0.02707           0.01128           0.00000
    6.0707373098              0.02478           0.01033           0.00000
    6.1470987297              0.02265           0.00945           0.00000
    6.2244206580              0.02069           0.00862           0.00000
    6.3027151764              0.01887           0.00786           0.00000
    6.3819945186              0.01718           0.00716           0.00000
    6.4622710722              0.01563           0.00651           0.00000
    6.5435573806              0.01420           0.00591           0.00000
    6.6258661448              0.01288           0.00536           0.00000
    6.7092102258              0.01167           0.00485           0.00000
    6.7936026463              0.01056           0.00438           0.00000
    6.8790565928              0.00954           0.00395           0.00000
    6.9655854176              0.00861           0.00356           0.00000
    7.0532026411              0.00775           0.00320           0.00000
    7.1419219535              0.00697           0.00288           0.00000
    7.2317572175              0.00626           0.00258           0.00000
    7.3227224701              0.00562           0.00231           0.00000
    7.4148319246              0.00503           0.00206           0.00000
    7.5080999735              0.00450           0.00184           0.00000
    7.6025411900              0.00401           0.00164           0.00000
    7.6981703307              0.00358           0.00146           0.00000
    7.7950023380              0.00318           0.00130           0.00000
    7.8930523420              0.00283           0.00115           0.00000
    7.9923356632              0.00251           0.00102           0.00000
    8.0928678148              0.00222           0.00090           0.00000
    8.1946645053              0.00196           0.00079           0.00000
    8.2977416405              0.00173           0.00070           0.00000
    8.4021153264              0.00153           0.00061           0.00000
    8.5078018717              0.00134           0.00054           0.00000
    8.6148177901              0.00118           0.00047           0.00000
    8.7231798030              0.00103           0.00041           0.00000
    8.8329048422              0.00090           0.00036           0.00000
    8.9440100526              0.00079           0.00031           0.00000
    9.0565127944              0.00069           0.00027           0.00000
    9.1704306465              0.00060           0.00023           0.00000
    9.2857814088              0.00052           0.00020           0.00000
    9.4025831051              0.00045           0.00018           0.00000
    9.5208539859              0.00039           0.00015           0.00000
    9.6406125312              0.00034           0.00013           0.00000
    9.7618774535              0.00029           0.00011           0.00000
    9.8846677008              0.00025           0.00010           0.00000
   10.0090024593              0.00021           0.00008           0.00000
   10.1349011565              0.00018           0.00007           0.00000
   10.2623834644              0.00016           0.00006           0.00000
   10.3914693023              0.00013           0.00005           0.00000
   10.5221788402              0.00011           0.00004           0.00000
   10.6545325017              0.00010           0.00004           0.00000
   10.7885509672              0.00008           0.00003           0.00000
   10.9242551776              0.00007           0.00003           0.00000
   11.0616663368              0.00006           0.00002           0.00000
   11.2008059156              0.00005           0.00002           0.00000
   11.3416956548              0.00004           0.00002           0.00000
   11.4843575688              0.00003           0.00001           0.00000
   11.6288139488              0.00003           0.00001           0.00000
   11.7750873663              0.00002           0.00001           0.00000
   11.9232006769              0.00002           0.00001           0.00000
   12.0731770237              0.00002           0.00001           0.00000
   12.2250398406              0.00001           0.00000           0.00000
   12.3788128567              0.00001           0.00000           0.00000
   12.5345200991              0.00001           0.00000           0.00000
   12.6921858976              0.00001           0.00000           0.00000
   12.8518348877              0.00001           0.00000           0.00000
   13.0134920148              0.00001           0.00000           0.00000
   13.1771825383              0.00000           0.00000           0.00000
   13.3429320351              0.00000           0.00000           0.00000
   13.5107664039              0.00000           0.00000           0.00000
   13.6807118693              0.00000           0.00000           0.00000
   13.8527949854              0.00000           0.00000           0.00000
   14.0270426406              0.00000           0.00000           0.00000
   14.2034820615              0.00000           0.00000           0.00000
   14.3821408172              0.00000           0.00000           0.00000
   14.5630468233              0.00000           0.00000           0.00000
   14.7462283469              0.00000           0.00000           0.00000
   14.9317140103              0.00000           0.00000           0.00000
   15.1195327962              0.00000           0.00000           0.00000
   15.3097140517              0.00000           0.00000           0.00000
   15.5022874928              0.00000           0.00000           0.00000
   15.6972832096              0.00000           0.00000           0.00000
   15.8947316706              0.00000           0.00000           0.00000
   16.0946637274              0.00000           0.00000           0.00000
   16.2971106200              0.00000           0.00000           0.00000
   16.5021039810              0.00000           0.00000           0.00000
   16.7096758411              0.00000           0.00000           0.00000
   16.9198586337              0.00000           0.00000           0.00000
   17.1326852004              0.00000           0.00000           0.00000
   17.3481887958              0.00000           0.00000           0.00000
   17.5664030927              0.00000           0.00000           0.00000
   17.7873621876              0.00000           0.00000           0.00000
   18.0111006057              0.00000           0.00000           0.00000
   18.2376533067              0.00000           0.00000           0.00000
   18.4670556898              0.00000           0.00000           0.00000
   18.6993435997              0.00000           0.00000           0.00000
   18.9345533318              0.00000           0.00000           0.00000
   19.1727216382              0.00000           0.00000           0.00000
   19.4138857330              0.00000           0.00000           0.00000
   19.6580832987              0.00000           0.00000           0.00000
   19.9053524917              0.00000           0.00000           0.00000
   20.1557319482              0.00000           0.00000           0.00000
   20.4092607906              0.00000           0.00000           0.00000
   20.6659786333              0.00000           0.00000           0.00000
   20.9259255889              0.00000           0.00000           0.00000
   21.1891422747              0.00000           0.00000           0.00000
   21.4556698188              0.00000           0.00000           0.00000
   21.7255498667              0.00000           0.00000           0.00000
   21.9988245877              0.00000           0.00000           0.00000
   22.2755366815              0.00000           0.00000           0.00000
   22.5557293850              0.00000           0.00000           0.00000
   22.8394464789              0.00000           0.00000           0.00000
   23.1267322944              0.00000           0.00000           0.00000
   23.4176317207              0.00000           0.00000           0.00000
   23.7121902113              0.00000           0.00000           0.00000
   24.0104537916              0.00000           0.00000           0.00000
   24.3124690659              0.00000           0.00000           0.00000
   24.6182832247              0.00000           0.00000           0.00000
   24.9279440521              0.00000           0.00000           0.00000
   25.2414999332              0.00000           0.00000           0.00000
   25.5589998617              0.00000           0.00000           0.00000
   25.8804934477              0.00000           0.00000           0.00000
   26.2060309252              0.00000           0.00000           0.00000
   26.5356631601              0.00000           0.00000           0.00000
   26.8694416580              0.00000           0.00000           0.00000
   27.2074185727              0.00000           0.00000           0.00000
   27.5496467136              0.00000           0.00000           0.00000
   27.8961795545              0.00000           0.00000           0.00000
   28.2470712420              0.00000           0.00000           0.00000
   28.6023766036              0.00000           0.00000           0.00000
   28.9621511565              0.00000           0.00000           0.00000
   29.3264511161              0.00000           0.00000           0.00000
   29.6953334052              0.00000           0.00000           0.00000
   30.0688556622              0.00000           0.00000           0.00000
   30.4470762509              0.00000           0.00000           0.00000
   30.8300542688              0.00000           0.00000           0.00000
   31.2178495573              0.00000           0.00000           0.00000
   31.6105227099              0.00000           0.00000           0.00000
   32.0081350828              0.00000           0.00000           0.00000
   32.4107488037              0.00000           0.00000           0.00000
   32.8184267817              0.00000           0.00000           0.00000
   33.2312327175              0.00000           0.00000           0.00000
   33.6492311126              0.00000           0.00000           0.00000
   34.0724872804              0.00000           0.00000           0.00000
   34.5010673553              0.00000           0.00000           0.00000
   34.9350383040              0.00000           0.00000           0.00000
   35.3744679352              0.00000           0.00000           0.00000
   35.8194249107              0.00000           0.00000           0.00000
   36.2699787559              0.00000           0.00000           0.00000
   36.7261998709              0.00000           0.00000           0.00000
   37.1881595411              0.00000           0.00000           0.00000
   37.6559299486              0.00000           0.00000           0.00000
   38.1295841835              0.00000           0.00000           0.00000
   38.6091962552              0.00000           0.00000           0.00000
   39.0948411041              0.00000           0.00000           0.00000
   39.5865946133              0.00000           0.00000           0.00000
   40.0845336201              0.00000           0.00000           0.00000
   40.5887359286              0.00000           0.00000           0.00000
   41.0992803213              0.00000           0.00000           0.00000
   41.6162465720              0.00000           0.00000           0.00000
   42.1397154577              0.00000           0.00000           0.00000
   42.6697687713              0.00000           0.00000           0.00000
   43.2064893348              0.00000           0.00000           0.00000
   43.7499610120              0.00000           0.00000           0.00000
   44.3002687213              0.00000           0.00000           0.00000
   44.8574984495              0.00000           0.00000           0.00000
   45.4217372648              0.00000           0.00000           0.00000
   45.9930733307              0.00000           0.00000           0.00000
   46.5715959196              0.00000           0.00000           0.00000
   47.1573954268              0.00000           0.00000           0.00000
   47.7505633848              0.00000           0.00000           0.00000
   48.3511924772              0.00000           0.00000           0.00000
   48.9593765535              0.00000           0.00000           0.00000
   49.5752106438              0.00000           0.00000           0.00000
   50.1987909733              0.00000           0.00000           0.00000
   50.8302149777              0.00000           0.00000           0.00000
   51.4695813184              0.00000           0.00000           0.00000
   52.1169898977              0.00000           0.00000           0.00000
   52.7725418744              0.00000           0.00000           0.00000
   53.4363396798              0.00000           0.00000           0.00000
   54.1084870338              0.00000           0.00000           0.00000
   54.7890889607              0.00000           0.00000           0.00000
   55.4782518060              0.00000           0.00000           0.00000
   56.1760832527              0.00000           0.00000           0.00000
   56.8826923385              0.00000           0.00000           0.00000
   57.5981894723              0.00000           0.00000           0.00000
   58.3226864523              0.00000           0.00000           0.00000
   59.0562964823              0.00000           0.00000           0.00000
   59.7991341906              0.00000           0.00000           0.00000
   60.5513156470              0.00000           0.00000           0.00000
   61.3129583814              0.00000           0.00000           0.00000
   62.0841814021              0.00000           0.00000           0.00000
   62.8651052141              0.00000           0.00000           0.00000
   63.6558518384              0.00000           0.00000           0.00000
   64.4565448309              0.00000           0.00000           0.00000
   65.2673093013              0.00000           0.00000           0.00000
   66.0882719334              0.00000           0.00000           0.00000
   66.9195610041              0.00000           0.00000           0.00000
   67.7613064041              0.00000           0.00000           0.00000
   68.6136396579              0.00000           0.00000           0.00000
   69.4766939441              0.00000           0.00000           0.00000
   70.3506041169              0.00000           0.00000           0.00000
   71.2355067265              0.00000           0.00000           0.00000
   72.1315400406              0.00000           0.00000           0.00000
   73.0388440664              0.00000           0.00000           0.00000
   73.9575605719              0.00000           0.00000           0.00000
   74.8878331084              0.00000           0.00000           0.00000
   75.8298070330              0.00000           0.00000           0.00000
   76.7836295309              0.00000           0.00000           0.00000
   77.7494496389              0.00000           0.00000           0.00000
   78.7274182683              0.00000           0.00000           0.00000
   79.7176882287              0.00000           0.00000           0.00000
   80.7204142518              0.00000           0.00000           0.00000
   81.7357530156              0.00000           0.00000           0.00000
   82.7638631689              0.00000           0.00000           0.00000
   83.8049053559              0.00000           0.00000           0.00000
   84.8590422416              0.00000           0.00000           0.00000
   85.9264385370              0.00000           0.00000           0.00000
   87.0072610251              0.00000           0.00000           0.00000
   88.1016785864              0.00000           0.00000           0.00000
   89.2098622259              0.00000           0.00000           0.00000
   90.3319850997              0.00000           0.00000           0.00000
   91.4682225416              0.00000           0.00000           0.00000
   92.6187520912              0.00000           0.00000           0.00000
   93.7837535210              0.00000           0.00000           0.00000
   94.9634088647              0.00000           0.00000           0.00000
   96.1579024461              0.00000           0.00000           0.00000
   97.3674209071              0.00000           0.00000           0.00000
   98.5921532374              0.00000           0.00000           0.00000
   99.8322908040              0.00000           0.00000           0.00000
  101.0880273809              0.00000           0.00000           0.00000
  102.3595591794              0.00000           0.00000           0.00000
  103.6470848791              0.00000           0.00000           0.00000
  104.9508056584              0.00000           0.00000           0.00000
  106.2709252263              0.00000           0.00000           0.00000
  107.6076498543              0.00000           0.00000           0.00000
  108.9611884082              0.00000           0.00000           0.00000
  110.3317523812              0.00000           0.00000           0.00000
  111.7195559268              0.00000           0.00000           0.00000
  113.1248158919              0.00000           0.00000           0.00000
  114.5477518515              0.00000           0.00000           0.00000
  115.9885861421              0.00000           0.00000           0.00000
  117.4475438969              0.00000           0.00000           0.00000
  118.9248530812              0.00000           0.00000           0.00000
