    -2.375457       1.197673      -0.375457
    -2.295457       1.163261      -0.375457
    -2.215457       1.127940      -0.375457
    -2.135457       1.091650      -0.375457
    -2.055457       1.054322      -0.375457
    -1.975457       1.015885      -0.375457
    -1.895457       0.976256      -0.375457
    -1.815457       0.935345      -0.375457
    -1.735457       0.893052      -0.375457
    -1.655457       0.849265      -0.375457
    -1.575457       0.803858      -0.375457
    -1.495457       0.756693      -0.375457
    -1.415457       0.707609      -0.375457
    -1.335457       0.656429      -0.375457
    -1.255457       0.602950      -0.375457
    -1.175457       0.546940      -0.375457
    -1.095457       0.488134      -0.375457
    -1.015457       0.426226      -0.375457
    -0.935457       0.360862      -0.375457
    -0.855457       0.291632      -0.375457
    -0.775457       0.218053      -0.375457
    -0.695457       0.139556      -0.375457
    -0.615457       0.055465      -0.375457
    -0.535457      -0.035029      -0.375457
    -0.455457      -0.132903      -0.375457
    -0.375457      -0.239349      -0.375457
    -0.295457      -0.355836      -0.375457
    -0.215457      -0.484195      -0.375457
    -0.135457      -0.626740      -0.375457
    -0.055457      -0.786436      -0.375457
     0.024543      -0.967151      -0.375457
     0.104543      -1.174019      -0.375457
     0.184543      -1.414015      -0.375457
     0.264543      -1.696857      -0.375457
     0.344543      -2.036506      -0.375457
     0.424543      -2.453756      -0.375457
     0.504543      -2.981016      -0.375457
     0.584543      -3.671730      -0.375457
     0.664543      -4.620725      -0.375457
     0.744543      -6.014005      -0.375457
     0.824543      -8.272747      -0.375457
     0.904543     -12.597291      -0.375457
     0.984543     -24.318284      -0.375457
     1.064543    -180.036793      -0.375457
     1.144543      36.016848      -0.375457
     1.224543      16.889327      -0.375457
     1.304543      11.224106      -0.375457
     1.384543       8.496837      -0.375457
     1.464543       6.885345      -0.375457
     1.544543       5.816032      -0.375457
     1.624543       5.050856      -0.375457
