    -2.000000       1.786233       0.000000
    -1.920000       1.764765       0.000000
    -1.840000       1.743070       0.000000
    -1.760000       1.721144       0.000000
    -1.680000       1.698978       0.000000
    -1.600000       1.676565       0.000000
    -1.520000       1.653899       0.000000
    -1.440000       1.630972       0.000000
    -1.360000       1.607774       0.000000
    -1.280000       1.584298       0.000000
    -1.200000       1.560536       0.000000
    -1.120000       1.536476       0.000000
    -1.040000       1.512110       0.000000
    -0.960000       1.487426       0.000000
    -0.880000       1.462415       0.000000
    -0.800000       1.437064       0.000000
    -0.720000       1.411361       0.000000
    -0.640000       1.385293       0.000000
    -0.560000       1.358848       0.000000
    -0.480000       1.332010       0.000000
    -0.400000       1.304764       0.000000
    -0.320000       1.277094       0.000000
    -0.240000       1.248983       0.000000
    -0.160000       1.220414       0.000000
    -0.080000       1.191366       0.000000
     0.000000       1.161820       0.000000
     0.080000       1.131754       0.000000
     0.160000       1.101145       0.000000
     0.240000       1.069967       0.000000
     0.320000       1.038195       0.000000
     0.400000       1.005800       0.000000
     0.480000       0.972753       0.000000
     0.560000       0.939020       0.000000
     0.640000       0.904566       0.000000
     0.720000       0.869356       0.000000
     0.800000       0.833347       0.000000
     0.880000       0.796497       0.000000
     0.960000       0.758758       0.000000
     1.040000       0.720080       0.000000
     1.120000       0.680407       0.000000
     1.200000       0.639679       0.000000
     1.280000       0.597831       0.000000
     1.360000       0.554791       0.000000
     1.440000       0.510482       0.000000
     1.520000       0.464818       0.000000
     1.600000       0.417706       0.000000
     1.680000       0.369042       0.000000
     1.760000       0.318712       0.000000
     1.840000       0.266589       0.000000
     1.920000       0.212535       0.000000
     2.000000       0.156394       0.000000
