    -2.000000       1.481582       0.000000
    -1.920000       1.451383       0.000000
    -1.840000       1.421282       0.000000
    -1.760000       1.391153       0.000000
    -1.680000       1.360902       0.000000
    -1.600000       1.330449       0.000000
    -1.520000       1.299727       0.000000
    -1.440000       1.268677       0.000000
    -1.360000       1.237246       0.000000
    -1.280000       1.205387       0.000000
    -1.200000       1.173054       0.000000
    -1.120000       1.140200       0.000000
    -1.040000       1.106783       0.000000
    -0.960000       1.072758       0.000000
    -0.880000       1.038080       0.000000
    -0.800000       1.002701       0.000000
    -0.720000       0.966573       0.000000
    -0.640000       0.929646       0.000000
    -0.560000       0.891864       0.000000
    -0.480000       0.853171       0.000000
    -0.400000       0.813504       0.000000
    -0.320000       0.772796       0.000000
    -0.240000       0.730976       0.000000
    -0.160000       0.687965       0.000000
    -0.080000       0.643678       0.000000
     0.000000       0.598022       0.000000
     0.080000       0.550895       0.000000
     0.160000       0.502183       0.000000
     0.240000       0.451763       0.000000
     0.320000       0.399496       0.000000
     0.400000       0.345228       0.000000
     0.480000       0.288790       0.000000
     0.560000       0.229987       0.000000
     0.640000       0.168605       0.000000
     0.720000       0.104399       0.000000
     0.800000       0.037094       0.000000
     0.880000      -0.033626       0.000000
     0.960000      -0.108121       0.000000
     1.040000      -0.186803       0.000000
     1.120000      -0.270153       0.000000
     1.200000      -0.358727       0.000000
     1.280000      -0.453173       0.000000
     1.360000      -0.554259       0.000000
     1.440000      -0.662892       0.000000
     1.520000      -0.780156       0.000000
     1.600000      -0.907358       0.000000
     1.680000      -1.046088       0.000000
     1.760000      -1.198298       0.000000
     1.840000      -1.366413       0.000000
     1.920000      -1.553487       0.000000
     2.000000      -1.763419       0.000000
