    -3.062777       1.259456      -1.062777
    -2.982777       1.223919      -1.062777
    -2.902777       1.187293      -1.062777
    -2.822777       1.149494      -1.062777
    -2.742777       1.110426      -1.062777
    -2.662777       1.069981      -1.062777
    -2.582777       1.028040      -1.062777
    -2.502777       0.984466      -1.062777
    -2.422777       0.939105      -1.062777
    -2.342777       0.891780      -1.062777
    -2.262777       0.842292      -1.062777
    -2.182777       0.790408      -1.062777
    -2.102777       0.735862      -1.062777
    -2.022777       0.678343      -1.062777
    -1.942777       0.617490      -1.062777
    -1.862777       0.552873      -1.062777
    -1.782777       0.483989      -1.062777
    -1.702777       0.410232      -1.062777
    -1.622777       0.330874      -1.062777
    -1.542777       0.245029      -1.062777
    -1.462777       0.151610      -1.062777
    -1.382777       0.049265      -1.062777
    -1.302777      -0.063707      -1.062777
    -1.222777      -0.189475      -1.062777
    -1.142777      -0.330858      -1.062777
    -1.062777      -0.491571      -1.062777
    -0.982777      -0.676636      -1.062777
    -0.902777      -0.892989      -1.062777
    -0.822777      -1.150507      -1.062777
    -0.742777      -1.463743      -1.062777
    -0.662777      -1.855073      -1.062777
    -0.582777      -2.360752      -1.062777
    -0.502777      -3.043695      -1.062777
    -0.422777      -4.023458      -1.062777
    -0.342777      -5.558535      -1.062777
    -0.262777      -8.330796      -1.062777
    -0.182777     -14.913694      -1.062777
    -0.102777     -51.170733      -1.062777
    -0.022777      42.426830      -1.062777
     0.057223      15.842309      -1.062777
     0.137223      10.022063      -1.062777
     0.217223       7.458211      -1.062777
     0.297223       6.007231      -1.062777
     0.377223       5.068263      -1.062777
     0.457223       4.406915      -1.062777
     0.537223       3.912844      -1.062777
     0.617223       3.527281      -1.062777
     0.697223       3.216042      -1.062777
     0.777223       2.957889      -1.062777
     0.857223       2.738931      -1.062777
     0.937223       2.549698      -1.062777
