  0.0000    -0.00000000    2.4992
  0.0100    -0.00000000    2.4992
  0.0202    -0.00000003    2.4992
  0.0302    -0.00000009    2.4992
  0.0403    -0.00000019    2.4992
  0.0505    -0.00000034    2.4992
  0.0602    -0.00000052    2.4992
  0.0708    -0.00000077    2.4992
  0.0803    -0.00000102    2.4992
  0.0910    -0.00000134    2.4992
  0.1005    -0.00000166    2.4992
  0.1111    -0.00000203    2.4992
  0.1213    -0.00000241    2.4992
  0.1307    -0.00000277    2.4992
  0.1409    -0.00000317    2.4992
  0.1500    -0.00000353    2.4992
  0.1617    -0.00000400    2.4992
  0.1700    -0.00000433    2.4992
  0.1810    -0.00000476    2.4992
  0.1903    -0.00000511    2.4992
  0.2000    -0.00000548    2.4992
  0.2103    -0.00000585    2.4992
  0.2211    -0.00000622    2.4992
  0.2324    -0.00000660    2.4992
  0.2413    -0.00000688    2.4992
  0.2505    -0.00000715    2.4992
  0.2601    -0.00000742    2.4992
  0.2700    -0.00000769    2.4992
  0.2803    -0.00000794    2.4992
  0.2910    -0.00000819    2.4992
  0.3022    -0.00000842    2.4992
  0.3137    -0.00000863    2.4992
  0.3217    -0.00000877    2.4992
  0.3340    -0.00000896    2.4992
  0.3424    -0.00000907    2.4992
  0.3511    -0.00000917    2.4992
  0.3645    -0.00000930    2.4992
  0.3737    -0.00000938    2.4992
  0.3832    -0.00000944    2.4992
  0.3929    -0.00000949    2.4992
  0.4028    -0.00000953    2.4992
  0.4130    -0.00000955    2.4992
  0.4235    -0.00000955    2.4992
  0.4342    -0.00000955    2.4992
  0.4452    -0.00000952    2.4992
  0.4508    -0.00000951    2.4992
  0.4622    -0.00000946    2.4992
  0.4739    -0.00000940    2.4992
  0.4859    -0.00000931    2.4992
  0.4921    -0.00000927    2.4992
  0.5045    -0.00000916    2.4992
  0.5109    -0.00000910    2.4992
  0.5238    -0.00000897    2.4992
  0.5304    -0.00000890    2.4992
  0.5438    -0.00000874    2.4992
  0.5507    -0.00000865    2.4992
  0.5646    -0.00000847    2.4992
  0.5717    -0.00000837    2.4992
  0.5862    -0.00000816    2.4992
  0.5935    -0.00000804    2.4992
  0.6010    -0.00000793    2.4992
  0.6162    -0.00000768    2.4992
  0.6240    -0.00000755    2.4992
  0.6318    -0.00000741    2.4992
  0.6478    -0.00000713    2.4992
  0.6560    -0.00000698    2.4992
  0.6642    -0.00000683    2.4992
  0.6726    -0.00000668    2.4992
  0.6811    -0.00000651    2.4992
  0.6983    -0.00000618    2.4992
  0.7071    -0.00000601    2.4992
  0.7160    -0.00000583    2.4992
  0.7250    -0.00000565    2.4992
  0.7341    -0.00000546    2.4992
  0.7433    -0.00000527    2.4992
  0.7527    -0.00000507    2.4992
  0.7622    -0.00000488    2.4992
  0.7717    -0.00000467    2.4992
  0.7815    -0.00000447    2.4992
  0.7913    -0.00000426    2.4992
  0.8012    -0.00000404    2.4992
  0.8113    -0.00000382    2.4992
  0.8215    -0.00000360    2.4992
  0.8319    -0.00000337    2.4992
  0.8423    -0.00000314    2.4992
  0.8529    -0.00000291    2.4992
  0.8636    -0.00000267    2.4992
  0.8745    -0.00000243    2.4992
  0.8855    -0.00000219    2.4992
  0.8966    -0.00000194    2.4992
  0.9079    -0.00000168    2.4992
  0.9193    -0.00000143    2.4992
  0.9309    -0.00000117    2.4992
  0.9426    -0.00000090    2.4992
  0.9545    -0.00000064    2.4992
  0.9665    -0.00000037    2.4992
  0.9786    -0.00000009    2.4992
  0.9910     0.00000018    2.4992
  1.0034     0.00000047    2.4992
  1.0160     0.00000075    2.4992
  1.0288     0.00000104    2.4992
  1.0418     0.00000133    2.4992
  1.0549     0.00000162    2.4992
  1.0681     0.00000192    2.4992
  1.0816     0.00000222    2.4992
  1.0952     0.00000253    2.4992
  1.1090     0.00000283    2.4992
  1.1229     0.00000315    2.4992
  1.1370     0.00000346    2.4992
  1.1513     0.00000378    2.4992
  1.1658     0.00000410    2.4992
  1.1805     0.00000442    2.4992
  1.1953     0.00000475    2.4992
  1.2104     0.00000508    2.4992
  1.2256     0.00000541    2.4992
  1.2410     0.00000575    2.4992
  1.2566     0.00000609    2.4992
  1.2724     0.00000643    2.4992
  1.2884     0.00000678    2.4992
  1.3047     0.00000713    2.4992
  1.3211     0.00000748    2.4992
  1.3377     0.00000784    2.4992
  1.3545     0.00000820    2.4992
  1.3715     0.00000856    2.4992
  1.3888     0.00000893    2.4992
  1.4063     0.00000930    2.4992
  1.4240     0.00000967    2.4992
  1.4419     0.00001005    2.4992
  1.4600     0.00001042    2.4992
  1.4784     0.00001081    2.4992
  1.4970     0.00001119    2.4992
  1.5158     0.00001158    2.4992
  1.5349     0.00001198    2.4992
  1.5542     0.00001237    2.4992
  1.5737     0.00001277    2.4992
  1.5935     0.00001317    2.4992
  1.6136     0.00001358    2.4992
  1.6339     0.00001399    2.4992
  1.6544     0.00001440    2.4992
  1.6752     0.00001482    2.4992
  1.6963     0.00001524    2.4992
  1.7176     0.00001566    2.4992
  1.7392     0.00001609    2.4992
  1.7611     0.00001652    2.4992
  1.7833     0.00001696    2.4992
  1.8057     0.00001740    2.4992
  1.8284     0.00001784    2.4992
  1.8514     0.00001828    2.4992
  1.8747     0.00001873    2.4992
  1.8983     0.00001919    2.4992
  1.9222     0.00001964    2.4992
  1.9463     0.00002010    2.4992
  1.9708     0.00002057    2.4992
  1.9956     0.00002104    2.4992
  2.0207     0.00002151    2.4992
  2.0461     0.00002199    2.4992
  2.0719     0.00002247    2.4992
  2.0979     0.00002296    2.4992
  2.1243     0.00002345    2.4992
  2.1511     0.00002394    2.4992
  2.1781     0.00002444    2.4992
  2.2055     0.00002495    2.4992
  2.2333     0.00002546    2.4992
  2.2613     0.00002597    2.4992
  2.2898     0.00002649    2.4992
  2.3186     0.00002702    2.4992
  2.3478     0.00002755    2.4992
  2.3773     0.00002809    2.4992
  2.4072     0.00002863    2.4992
  2.4375     0.00002918    2.4992
  2.4681     0.00002973    2.4992
  2.4992     0.00003029    2.4992
  2.5306     0.00003086    2.4992
  2.5624     0.00003143    2.4992
  2.5947     0.00003202    2.4992
  2.6273     0.00003260    2.4992
  2.6604     0.00003320    2.4992
  2.6938     0.00003380    2.4992
  2.7277     0.00003441    2.4992
  2.7620     0.00003503    2.4992
  2.7968     0.00003566    2.4992
  2.8320     0.00003630    2.4992
  2.8676     0.00003694    2.4992
  2.9036     0.00003760    2.4992
  2.9402     0.00003826    2.4992
  2.9772     0.00003894    2.4992
  3.0146     0.00003962    2.4992
  3.0525     0.00004032    2.4992
  3.0909     0.00004102    2.4992
  3.1298     0.00004174    2.4992
  3.1692     0.00004247    2.4992
  3.2090     0.00004321    2.4992
  3.2494     0.00004396    2.4992
  3.2903     0.00004473    2.4992
  3.3317     0.00004551    2.4992
  3.3736     0.00004631    2.4992
  3.4160     0.00004712    2.4992
  3.4590     0.00004794    2.4992
  3.5025     0.00004878    2.4992
  3.5465     0.00004963    2.4992
  3.5911     0.00005051    2.4992
  3.6363     0.00005140    2.4992
  3.6821     0.00005230    2.4992
  3.7284     0.00005323    2.4992
  3.7753     0.00005417    2.4992
  3.8228     0.00005513    2.4992
  3.8708     0.00005612    2.4992
  3.9195     0.00005712    2.4992
  3.9688     0.00005815    2.4992
  4.0188     0.00005919    2.4992
  4.0693     0.00006026    2.4992
  4.1205     0.00006136    2.4992
  4.1723     0.00006247    2.4992
  4.2248     0.00006362    2.4992
  4.2780     0.00006478    2.4992
  4.3318     0.00006598    2.4992
  4.3863     0.00006720    2.4992
  4.4414     0.00006844    2.4992
  4.4973     0.00006972    2.4992
  4.5539     0.00007102    2.4992
  4.6111     0.00007235    2.4992
  4.6691     0.00007372    2.4992
  4.7279     0.00007511    2.4992
  4.7873     0.00007653    2.4992
  4.8476     0.00007799    2.4992
  4.9085     0.00007948    2.4992
  4.9703     0.00008100    2.4992
  5.0328     0.00008256    2.4992
  5.0961     0.00008415    2.4992
  5.1602     0.00008578    2.4992
  5.2251     0.00008745    2.4992
  5.2908     0.00008915    2.4992
  5.3574     0.00009089    2.4992
  5.4248     0.00009267    2.4992
  5.4930     0.00009448    2.4992
  5.5621     0.00009634    2.4992
  5.6321     0.00009824    2.4992
  5.7029     0.00010018    2.4992
  5.7747     0.00010217    2.4992
  5.8473     0.00010420    2.4992
  5.9208     0.00010627    2.4992
  5.9953     0.00010839    2.4992
  6.0707     0.00011056    2.4992
  6.1471     0.00011278    2.4992
  6.2244     0.00011505    2.4992
  6.3027     0.00011737    2.4992
  6.3820     0.00011974    2.4992
  6.4623     0.00012218    2.4992
  6.5436     0.00012466    2.4992
  6.6259     0.00012721    2.4992
  6.7092     0.00012982    2.4992
  6.7936     0.00013249    2.4992
  6.8791     0.00013523    2.4992
  6.9656     0.00013804    2.4992
  7.0532     0.00014092    2.4992
  7.1419     0.00014388    2.4992
  7.2318     0.00014691    2.4992
  7.3227     0.00015002    2.4992
  7.4148     0.00015322    2.4992
  7.5081     0.00015650    2.4992
  7.6025     0.00015988    2.4992
  7.6982     0.00016335    2.4992
  7.7950     0.00016692    2.4992
  7.8931     0.00017059    2.4992
  7.9923     0.00017437    2.4992
  8.0929     0.00017827    2.4992
  8.1947     0.00018228    2.4992
  8.2977     0.00018642    2.4992
  8.4021     0.00019069    2.4992
  8.5078     0.00019509    2.4992
  8.6148     0.00019963    2.4992
  8.7232     0.00020432    2.4992
  8.8329     0.00020916    2.4992
  8.9440     0.00021417    2.4992
  9.0565     0.00021934    2.4992
  9.1704     0.00022468    2.4992
  9.2858     0.00023021    2.4992
  9.4026     0.00023593    2.4992
  9.5209     0.00024185    2.4992
  9.6406     0.00024798    2.4992
  9.7619     0.00025432    2.4992
  9.8847     0.00026089    2.4992
 10.0090     0.00026770    2.4992
 10.1349     0.00027475    2.4992
 10.2624     0.00028206    2.4992
 10.3915     0.00028963    2.4992
 10.5222     0.00029749    2.4992
 10.6545     0.00030563    2.4992
 10.7886     0.00031408    2.4992
 10.9243     0.00032285    2.4992
 11.0617     0.00033194    2.4992
 11.2008     0.00034138    2.4992
 11.3417     0.00035118    2.4992
 11.4844     0.00036134    2.4992
 11.6288     0.00037190    2.4992
 11.7751     0.00038286    2.4992
 11.9232     0.00039423    2.4992
 12.0732     0.00040605    2.4992
 12.2250     0.00041832    2.4992
 12.3788     0.00043106    2.4992
 12.5345     0.00044430    2.4992
 12.6922     0.00045805    2.4992
 12.8518     0.00047233    2.4992
 13.0135     0.00048717    2.4992
 13.1772     0.00050259    2.4992
 13.3429     0.00051861    2.4992
 13.5108     0.00053525    2.4992
 13.6807     0.00055254    2.4992
 13.8528     0.00057051    2.4992
 14.0270     0.00058918    2.4992
 14.2035     0.00060858    2.4992
 14.3821     0.00062874    2.4992
 14.5630     0.00064969    2.4992
 14.7462     0.00067146    2.4992
 14.9317     0.00069408    2.4992
 15.1195     0.00071759    2.4992
 15.3097     0.00074202    2.4992
 15.5023     0.00076740    2.4992
 15.6973     0.00079378    2.4992
 15.8947     0.00082120    2.4992
 16.0947     0.00084969    2.4992
 16.2971     0.00087929    2.4992
 16.5021     0.00091005    2.4992
 16.7097     0.00094202    2.4992
 16.9199     0.00097524    2.4992
 17.1327     0.00100976    2.4992
 17.3482     0.00104562    2.4992
 17.5664     0.00108289    2.4992
 17.7874     0.00112162    2.4992
 18.0111     0.00116185    2.4992
 18.2377     0.00120366    2.4992
 18.4671     0.00124710    2.4992
 18.6993     0.00129223    2.4992
 18.9346     0.00133912    2.4992
 19.1727     0.00138784    2.4992
 19.4139     0.00143845    2.4992
 19.6581     0.00149102    2.4992
 19.9054     0.00154563    2.4992
 20.1557     0.00160235    2.4992
 20.4093     0.00166126    2.4992
 20.6660     0.00172244    2.4992
 20.9259     0.00178597    2.4992
 21.1891     0.00185194    2.4992
 21.4557     0.00192044    2.4992
 21.7255     0.00199157    2.4992
 21.9988     0.00206542    2.4992
 22.2755     0.00214209    2.4992
 22.5557     0.00222169    2.4992
 22.8394     0.00230432    2.4992
 23.1267     0.00239009    2.4992
 23.4176     0.00247913    2.4992
 23.7122     0.00257156    2.4992
 24.0105     0.00266749    2.4992
 24.3125     0.00276705    2.4992
 24.6183     0.00287039    2.4992
 24.9279     0.00297764    2.4992
 25.2415     0.00308895    2.4992
 25.5590     0.00320445    2.4992
 25.8805     0.00332432    2.4992
 26.2060     0.00344871    2.4992
 26.5357     0.00357778    2.4992
 26.8694     0.00371172    2.4992
 27.2074     0.00385069    2.4992
 27.5496     0.00399488    2.4992
 27.8962     0.00414448    2.4992
 28.2471     0.00429970    2.4992
 28.6024     0.00446073    2.4992
 28.9622     0.00462779    2.4992
 29.3265     0.00480110    2.4992
 29.6953     0.00498090    2.4992
 30.0689     0.00516741    2.4992
 30.4471     0.00536087    2.4992
 30.8301     0.00556156    2.4992
 31.2178     0.00576971    2.4992
 31.6105     0.00598562    2.4992
 32.0081     0.00620955    2.4992
 32.4107     0.00644181    2.4992
 32.8184     0.00668268    2.4992
 33.2312     0.00693249    2.4992
 33.6492     0.00719155    2.4992
 34.0725     0.00746020    2.4992
 34.5011     0.00773878    2.4992
 34.9350     0.00802766    2.4992
 35.3745     0.00832719    2.4992
 35.8194     0.00863777    2.4992
 36.2700     0.00895978    2.4992
 36.7262     0.00929364    2.4992
 37.1882     0.00963976    2.4992
 37.6559     0.00999859    2.4992
 38.1296     0.01037058    2.4992
 38.6092     0.01075618    2.4992
 39.0948     0.01115589    2.4992
 39.5866     0.01157019    2.4992
 40.0845     0.01199961    2.4992
 40.5887     0.01244468    2.4992
 41.0993     0.01290594    2.4992
