  0.0000    -0.00001721    0.0000
  0.0100    -0.10256191    0.0000
  0.0202    -0.13544923    0.0000
  0.0302    -0.12542938    0.0000
  0.0403    -0.09046735    0.0000
  0.0505    -0.04201937    0.0000
  0.0602     0.00845495    0.0000
  0.0708     0.06302770    0.0000
  0.0803     0.10736154    0.0000
  0.0910     0.15053092    0.0000
  0.1005     0.18166418    0.0000
  0.1111     0.20729029    0.0000
  0.1213     0.22324118    0.0000
  0.1307     0.23076587    0.0000
  0.1409     0.23155746    0.0000
  0.1500     0.22643476    0.0000
  0.1617     0.21273696    0.0000
  0.1700     0.19880461    0.0000
  0.1810     0.17587437    0.0000
  0.1903     0.15314640    0.0000
  0.2000     0.12664320    0.0000
  0.2103     0.09657379    0.0000
  0.2211     0.06324376    0.0000
  0.2324     0.02705807    0.0000
  0.2413    -0.00165549    0.0000
  0.2505    -0.03144500    0.0000
  0.2601    -0.06203265    0.0000
  0.2700    -0.09311349    0.0000
  0.2803    -0.12435813    0.0000
  0.2910    -0.15541587    0.0000
  0.3022    -0.18591832    0.0000
  0.3137    -0.21548322    0.0000
  0.3217    -0.23447901    0.0000
  0.3340    -0.26160763    0.0000
  0.3424    -0.27861154    0.0000
  0.3511    -0.29461357    0.0000
  0.3645    -0.31648731    0.0000
  0.3737    -0.32948799    0.0000
  0.3832    -0.34109862    0.0000
  0.3929    -0.35121797    0.0000
  0.4028    -0.35975068    0.0000
  0.4130    -0.36660805    0.0000
  0.4235    -0.37170880    0.0000
  0.4342    -0.37497975    0.0000
  0.4452    -0.37635655    0.0000
  0.4508    -0.37631708    0.0000
  0.4622    -0.37475266    0.0000
  0.4739    -0.37117542    0.0000
  0.4859    -0.36555609    0.0000
  0.4921    -0.36197446    0.0000
  0.5045    -0.35326103    0.0000
  0.5109    -0.34812884    0.0000
  0.5238    -0.33631790    0.0000
  0.5304    -0.32964303    0.0000
  0.5438    -0.31476953    0.0000
  0.5507    -0.30657904    0.0000
  0.5646    -0.28871616    0.0000
  0.5717    -0.27905608    0.0000
  0.5862    -0.25831449    0.0000
  0.5935    -0.24724929    0.0000
  0.6010    -0.23573311    0.0000
  0.6162    -0.21138746    0.0000
  0.6240    -0.19857932    0.0000
  0.6318    -0.18536285    0.0000
  0.6478    -0.15775388    0.0000
  0.6560    -0.14338724    0.0000
  0.6642    -0.12866393    0.0000
  0.6726    -0.11359814    0.0000
  0.6811    -0.09820452    0.0000
  0.6983    -0.06649465    0.0000
  0.7071    -0.05020988    0.0000
  0.7160    -0.03366018    0.0000
  0.7250    -0.01686223    0.0000
  0.7341     0.00016697    0.0000
  0.7433     0.01741010    0.0000
  0.7527     0.03484954    0.0000
  0.7622     0.05246744    0.0000
  0.7717     0.07024570    0.0000
  0.7815     0.08816601    0.0000
  0.7913     0.10620988    0.0000
  0.8012     0.12435867    0.0000
  0.8113     0.14259361    0.0000
  0.8215     0.16089582    0.0000
  0.8319     0.17924635    0.0000
  0.8423     0.19762620    0.0000
  0.8529     0.21601634    0.0000
  0.8636     0.23439775    0.0000
  0.8745     0.25275146    0.0000
  0.8855     0.27105853    0.0000
  0.8966     0.28930012    0.0000
  0.9079     0.30745751    0.0000
  0.9193     0.32551210    0.0000
  0.9309     0.34344546    0.0000
  0.9426     0.36123936    0.0000
  0.9545     0.37887577    0.0000
  0.9665     0.39633691    0.0000
  0.9786     0.41360525    0.0000
  0.9910     0.43066357    0.0000
  1.0034     0.44749495    0.0000
  1.0160     0.46408280    0.0000
  1.0288     0.48041090    0.0000
  1.0418     0.49646339    0.0000
  1.0549     0.51222484    0.0000
  1.0681     0.52768023    0.0000
  1.0816     0.54281498    0.0000
  1.0952     0.55761498    0.0000
  1.1090     0.57206661    0.0000
  1.1229     0.58615676    0.0000
  1.1370     0.59987281    0.0000
  1.1513     0.61320270    0.0000
  1.1658     0.62613493    0.0000
  1.1805     0.63865854    0.0000
  1.1953     0.65076316    0.0000
  1.2104     0.66243899    0.0000
  1.2256     0.67367682    0.0000
  1.2410     0.68446802    0.0000
  1.2566     0.69480455    0.0000
  1.2724     0.70467896    0.0000
  1.2884     0.71408434    0.0000
  1.3047     0.72301437    0.0000
  1.3211     0.73146327    0.0000
  1.3377     0.73942580    0.0000
  1.3545     0.74689726    0.0000
  1.3715     0.75387344    0.0000
  1.3888     0.76035067    0.0000
  1.4063     0.76632576    0.0000
  1.4240     0.77179604    0.0000
  1.4419     0.77675933    0.0000
  1.4600     0.78121396    0.0000
  1.4784     0.78515878    0.0000
  1.4970     0.78859317    0.0000
  1.5158     0.79151704    0.0000
  1.5349     0.79393086    0.0000
  1.5542     0.79583564    0.0000
  1.5737     0.79723299    0.0000
  1.5935     0.79812511    0.0000
  1.6136     0.79851476    0.0000
  1.6339     0.79840533    0.0000
  1.6544     0.79780082    0.0000
  1.6752     0.79670580    0.0000
  1.6963     0.79512549    0.0000
  1.7176     0.79306568    0.0000
  1.7392     0.79053277    0.0000
  1.7611     0.78753373    0.0000
  1.7833     0.78407611    0.0000
  1.8057     0.78016804    0.0000
  1.8284     0.77581819    0.0000
  1.8514     0.77103573    0.0000
  1.8747     0.76583040    0.0000
  1.8983     0.76021238    0.0000
  1.9222     0.75419237    0.0000
  1.9463     0.74778151    0.0000
  1.9708     0.74099134    0.0000
  1.9956     0.73383386    0.0000
  2.0207     0.72632141    0.0000
  2.0461     0.71846672    0.0000
  2.0719     0.71028283    0.0000
  2.0979     0.70178310    0.0000
  2.1243     0.69298118    0.0000
  2.1511     0.68389094    0.0000
  2.1781     0.67452650    0.0000
  2.2055     0.66490218    0.0000
  2.2333     0.65503247    0.0000
  2.2613     0.64493198    0.0000
  2.2898     0.63461545    0.0000
  2.3186     0.62409772    0.0000
  2.3478     0.61339367    0.0000
  2.3773     0.60251821    0.0000
  2.4072     0.59148626    0.0000
  2.4375     0.58031272    0.0000
  2.4681     0.56901243    0.0000
  2.4992     0.55760018    0.0000
  2.5306     0.54609062    0.0000
  2.5624     0.53449830    0.0000
  2.5947     0.52283763    0.0000
  2.6273     0.51112283    0.0000
  2.6604     0.49936792    0.0000
  2.6938     0.48758672    0.0000
  2.7277     0.47579280    0.0000
  2.7620     0.46399947    0.0000
  2.7968     0.45221976    0.0000
  2.8320     0.44046642    0.0000
  2.8676     0.42875186    0.0000
  2.9036     0.41708816    0.0000
  2.9402     0.40548707    0.0000
  2.9772     0.39395996    0.0000
  3.0146     0.38251783    0.0000
  3.0525     0.37117128    0.0000
  3.0909     0.35993049    0.0000
  3.1298     0.34880527    0.0000
  3.1692     0.33780496    0.0000
  3.2090     0.32693847    0.0000
  3.2494     0.31621427    0.0000
  3.2903     0.30564040    0.0000
  3.3317     0.29522440    0.0000
  3.3736     0.28497336    0.0000
  3.4160     0.27489393    0.0000
  3.4590     0.26499224    0.0000
  3.5025     0.25527397    0.0000
  3.5465     0.24574434    0.0000
  3.5911     0.23640807    0.0000
  3.6363     0.22726942    0.0000
  3.6821     0.21833219    0.0000
  3.7284     0.20959969    0.0000
  3.7753     0.20107480    0.0000
  3.8228     0.19275994    0.0000
  3.8708     0.18465706    0.0000
  3.9195     0.17676772    0.0000
  3.9688     0.16909302    0.0000
  4.0188     0.16163366    0.0000
  4.0693     0.15438993    0.0000
  4.1205     0.14736176    0.0000
  4.1723     0.14054867    0.0000
  4.2248     0.13394984    0.0000
  4.2780     0.12756411    0.0000
  4.3318     0.12138997    0.0000
  4.3863     0.11542564    0.0000
  4.4414     0.10966900    0.0000
  4.4973     0.10411769    0.0000
  4.5539     0.09876906    0.0000
  4.6111     0.09362024    0.0000
  4.6691     0.08866813    0.0000
  4.7279     0.08390941    0.0000
  4.7873     0.07934059    0.0000
  4.8476     0.07495799    0.0000
  4.9085     0.07075777    0.0000
  4.9703     0.06673598    0.0000
  5.0328     0.06288851    0.0000
  5.0961     0.05921116    0.0000
  5.1602     0.05569963    0.0000
  5.2251     0.05234955    0.0000
  5.2908     0.04915646    0.0000
  5.3574     0.04611589    0.0000
  5.4248     0.04322328    0.0000
  5.4930     0.04047409    0.0000
  5.5621     0.03786373    0.0000
  5.6321     0.03538762    0.0000
  5.7029     0.03304119    0.0000
  5.7747     0.03081986    0.0000
  5.8473     0.02871912    0.0000
  5.9208     0.02673444    0.0000
  5.9953     0.02486138    0.0000
  6.0707     0.02309550    0.0000
  6.1471     0.02143247    0.0000
  6.2244     0.01986797    0.0000
  6.3027     0.01839779    0.0000
  6.3820     0.01701777    0.0000
  6.4623     0.01572383    0.0000
  6.5436     0.01451200    0.0000
  6.6259     0.01337836    0.0000
  6.7092     0.01231911    0.0000
  6.7936     0.01133054    0.0000
  6.8791     0.01040904    0.0000
  6.9656     0.00955110    0.0000
  7.0532     0.00875332    0.0000
  7.1419     0.00801239    0.0000
  7.2318     0.00732514    0.0000
  7.3227     0.00668849    0.0000
  7.4148     0.00609946    0.0000
  7.5081     0.00555521    0.0000
  7.6025     0.00505300    0.0000
  7.6982     0.00459019    0.0000
  7.7950     0.00416427    0.0000
  7.8931     0.00377283    0.0000
  7.9923     0.00341357    0.0000
  8.0929     0.00308431    0.0000
  8.1947     0.00278297    0.0000
  8.2977     0.00250756    0.0000
  8.4021     0.00225623    0.0000
  8.5078     0.00202720    0.0000
  8.6148     0.00181879    0.0000
  8.7232     0.00162943    0.0000
  8.8329     0.00145763    0.0000
  8.9440     0.00130201    0.0000
  9.0565     0.00116125    0.0000
  9.1704     0.00103414    0.0000
  9.2858     0.00091952    0.0000
  9.4026     0.00081633    0.0000
  9.5209     0.00072359    0.0000
  9.6406     0.00064036    0.0000
  9.7619     0.00056579    0.0000
  9.8847     0.00049910    0.0000
 10.0090     0.00043954    0.0000
 10.1349     0.00038645    0.0000
 10.2624     0.00033919    0.0000
 10.3915     0.00029722    0.0000
 10.5222     0.00025998    0.0000
 10.6545     0.00022702    0.0000
 10.7886     0.00019789    0.0000
 10.9243     0.00017219    0.0000
 11.0617     0.00014956    0.0000
 11.2008     0.00012966    0.0000
 11.3417     0.00011221    0.0000
 11.4844     0.00009692    0.0000
 11.6288     0.00008356    0.0000
 11.7751     0.00007191    0.0000
 11.9232     0.00006176    0.0000
 12.0732     0.00005294    0.0000
 12.2250     0.00004529    0.0000
 12.3788     0.00003867    0.0000
 12.5345     0.00003295    0.0000
 12.6922     0.00002801    0.0000
 12.8518     0.00002377    0.0000
 13.0135     0.00002013    0.0000
 13.1772     0.00001701    0.0000
 13.3429     0.00001434    0.0000
 13.5108     0.00001207    0.0000
 13.6807     0.00001013    0.0000
 13.8528     0.00000849    0.0000
 14.0270     0.00000709    0.0000
 14.2035     0.00000591    0.0000
 14.3821     0.00000492    0.0000
 14.5630     0.00000408    0.0000
 14.7462     0.00000338    0.0000
 14.9317     0.00000279    0.0000
 15.1195     0.00000230    0.0000
 15.3097     0.00000189    0.0000
 15.5023     0.00000155    0.0000
 15.6973     0.00000127    0.0000
 15.8947     0.00000104    0.0000
 16.0947     0.00000084    0.0000
 16.2971     0.00000068    0.0000
 16.5021     0.00000055    0.0000
 16.7097     0.00000045    0.0000
 16.9199     0.00000036    0.0000
 17.1327     0.00000029    0.0000
 17.3482     0.00000023    0.0000
 17.5664     0.00000019    0.0000
 17.7874     0.00000015    0.0000
 18.0111     0.00000012    0.0000
 18.2377     0.00000009    0.0000
 18.4671     0.00000007    0.0000
 18.6993     0.00000006    0.0000
 18.9346     0.00000005    0.0000
 19.1727     0.00000004    0.0000
 19.4139     0.00000003    0.0000
 19.6581     0.00000002    0.0000
 19.9054     0.00000002    0.0000
 20.1557     0.00000001    0.0000
 20.4093     0.00000001    0.0000
 20.6660     0.00000001    0.0000
 20.9259     0.00000001    0.0000
 21.1891     0.00000000    0.0000
 21.4557     0.00000000    0.0000
 21.7255     0.00000000    0.0000
 21.9988     0.00000000    0.0000
 22.2755     0.00000000    0.0000
 22.5557     0.00000000    0.0000
 22.8394     0.00000000    0.0000
 23.1267     0.00000000    0.0000
 23.4176     0.00000000    0.0000
 23.7122     0.00000000    0.0000
 24.0105     0.00000000    0.0000
 24.3125     0.00000000    0.0000
 24.6183     0.00000000    0.0000
 24.9279     0.00000000    0.0000
 25.2415     0.00000000    0.0000
 25.5590     0.00000000    0.0000
 25.8805     0.00000000    0.0000
 26.2060     0.00000000    0.0000
 26.5357     0.00000000    0.0000
 26.8694     0.00000000    0.0000
 27.2074     0.00000000    0.0000
 27.5496     0.00000000    0.0000
 27.8962     0.00000000    0.0000
 28.2471     0.00000000    0.0000
 28.6024     0.00000000    0.0000
 28.9622     0.00000000    0.0000
 29.3265     0.00000000    0.0000
 29.6953     0.00000000    0.0000
 30.0689     0.00000000    0.0000
 30.4471     0.00000000    0.0000
 30.8301     0.00000000    0.0000
 31.2178     0.00000000    0.0000
 31.6105     0.00000000    0.0000
 32.0081     0.00000000    0.0000
 32.4107     0.00000000    0.0000
 32.8184     0.00000000    0.0000
 33.2312     0.00000000    0.0000
 33.6492     0.00000000    0.0000
 34.0725     0.00000000    0.0000
 34.5011     0.00000000    0.0000
 34.9350     0.00000000    0.0000
 35.3745     0.00000000    0.0000
 35.8194     0.00000000    0.0000
 36.2700     0.00000000    0.0000
 36.7262     0.00000000    0.0000
 37.1882     0.00000000    0.0000
 37.6559     0.00000000    0.0000
 38.1296     0.00000000    0.0000
 38.6092     0.00000000    0.0000
 39.0948     0.00000000    0.0000
 39.5866     0.00000000    0.0000
 40.0845     0.00000000    0.0000
 40.5887     0.00000000    0.0000
 41.0993     0.00000000    0.0000
