  0.0000     0.00000000    2.1781
  0.0100     0.00815285    2.1781
  0.0202     0.02785740    2.1781
  0.0302     0.05238686    2.1781
  0.0403     0.07849806    2.1781
  0.0505     0.10352940    2.1781
  0.0602     0.12445737    2.1781
  0.0708     0.14320507    2.1781
  0.0803     0.15564633    2.1781
  0.0910     0.16478717    2.1781
  0.1005     0.16856919    2.1781
  0.1111     0.16816577    2.1781
  0.1213     0.16360306    2.1781
  0.1307     0.15606398    2.1781
  0.1409     0.14480869    2.1781
  0.1500     0.13239110    2.1781
  0.1617     0.11368839    2.1781
  0.1700     0.09888456    2.1781
  0.1810     0.07778440    2.1781
  0.1903     0.05890092    2.1781
  0.2000     0.03834644    2.1781
  0.2103     0.01626681    2.1781
  0.2211    -0.00714821    2.1781
  0.2324    -0.03166398    2.1781
  0.2413    -0.05060681    2.1781
  0.2505    -0.06987878    2.1781
  0.2601    -0.08933306    2.1781
  0.2700    -0.10881080    2.1781
  0.2803    -0.12814228    2.1781
  0.2910    -0.14714830    2.1781
  0.3022    -0.16564160    2.1781
  0.3137    -0.18342837    2.1781
  0.3217    -0.19479567    2.1781
  0.3340    -0.21096147    2.1781
  0.3424    -0.22106097    2.1781
  0.3511    -0.23054847    2.1781
  0.3645    -0.24350322    2.1781
  0.3737    -0.25120475    2.1781
  0.3832    -0.25809342    2.1781
  0.3929    -0.26411606    2.1781
  0.4028    -0.26922206    2.1781
  0.4130    -0.27336378    2.1781
  0.4235    -0.27649688    2.1781
  0.4342    -0.27858062    2.1781
  0.4452    -0.27957818    2.1781
  0.4508    -0.27965929    2.1781
  0.4622    -0.27896788    2.1781
  0.4739    -0.27711726    2.1781
  0.4859    -0.27408646    2.1781
  0.4921    -0.27212328    2.1781
  0.5045    -0.26729372    2.1781
  0.5109    -0.26442526    2.1781
  0.5238    -0.25777822    2.1781
  0.5304    -0.25399952    2.1781
  0.5438    -0.24553391    2.1781
  0.5507    -0.24084886    2.1781
  0.5646    -0.23058136    2.1781
  0.5717    -0.22500271    2.1781
  0.5862    -0.21296753    2.1781
  0.5935    -0.20651671    2.1781
  0.6010    -0.19978141    2.1781
  0.6162    -0.18547213    2.1781
  0.6240    -0.17790629    2.1781
  0.6318    -0.17007225    2.1781
  0.6478    -0.15361897    2.1781
  0.6560    -0.14501014    2.1781
  0.6642    -0.13615390    2.1781
  0.6726    -0.12705612    2.1781
  0.6811    -0.11772290    2.1781
  0.6983    -0.09837580    2.1781
  0.7071    -0.08837534    2.1781
  0.7160    -0.07816624    2.1781
  0.7250    -0.06775576    2.1781
  0.7341    -0.05715136    2.1781
  0.7433    -0.04636068    2.1781
  0.7527    -0.03539156    2.1781
  0.7622    -0.02425201    2.1781
  0.7717    -0.01295023    2.1781
  0.7815    -0.00149455    2.1781
  0.7913     0.01010654    2.1781
  0.8012     0.02184438    2.1781
  0.8113     0.03371023    2.1781
  0.8215     0.04569518    2.1781
  0.8319     0.05779023    2.1781
  0.8423     0.06998628    2.1781
  0.8529     0.08227414    2.1781
  0.8636     0.09464453    2.1781
  0.8745     0.10708808    2.1781
  0.8855     0.11959539    2.1781
  0.8966     0.13215700    2.1781
  0.9079     0.14476339    2.1781
  0.9193     0.15740503    2.1781
  0.9309     0.17007236    2.1781
  0.9426     0.18275579    2.1781
  0.9545     0.19544577    2.1781
  0.9665     0.20813273    2.1781
  0.9786     0.22080712    2.1781
  0.9910     0.23345942    2.1781
  1.0034     0.24608016    2.1781
  1.0160     0.25865991    2.1781
  1.0288     0.27118930    2.1781
  1.0418     0.28365902    2.1781
  1.0549     0.29605987    2.1781
  1.0681     0.30838269    2.1781
  1.0816     0.32061847    2.1781
  1.0952     0.33275827    2.1781
  1.1090     0.34479328    2.1781
  1.1229     0.35671484    2.1781
  1.1370     0.36851439    2.1781
  1.1513     0.38018353    2.1781
  1.1658     0.39171404    2.1781
  1.1805     0.40309781    2.1781
  1.1953     0.41432695    2.1781
  1.2104     0.42539369    2.1781
  1.2256     0.43629047    2.1781
  1.2410     0.44700989    2.1781
  1.2566     0.45754473    2.1781
  1.2724     0.46788792    2.1781
  1.2884     0.47803259    2.1781
  1.3047     0.48797200    2.1781
  1.3211     0.49769959    2.1781
  1.3377     0.50720892    2.1781
  1.3545     0.51649371    2.1781
  1.3715     0.52554782    2.1781
  1.3888     0.53436522    2.1781
  1.4063     0.54294002    2.1781
  1.4240     0.55126647    2.1781
  1.4419     0.55933892    2.1781
  1.4600     0.56715189    2.1781
  1.4784     0.57470004    2.1781
  1.4970     0.58197817    2.1781
  1.5158     0.58898126    2.1781
  1.5349     0.59570450    2.1781
  1.5542     0.60214324    2.1781
  1.5737     0.60829307    2.1781
  1.5935     0.61414982    2.1781
  1.6136     0.61970956    2.1781
  1.6339     0.62496860    2.1781
  1.6544     0.62992356    2.1781
  1.6752     0.63457132    2.1781
  1.6963     0.63890906    2.1781
  1.7176     0.64293428    2.1781
  1.7392     0.64664478    2.1781
  1.7611     0.65003868    2.1781
  1.7833     0.65311443    2.1781
  1.8057     0.65587080    2.1781
  1.8284     0.65830691    2.1781
  1.8514     0.66042220    2.1781
  1.8747     0.66221644    2.1781
  1.8983     0.66368976    2.1781
  1.9222     0.66484260    2.1781
  1.9463     0.66567574    2.1781
  1.9708     0.66619032    2.1781
  1.9956     0.66638778    2.1781
  2.0207     0.66626990    2.1781
  2.0461     0.66583879    2.1781
  2.0719     0.66509687    2.1781
  2.0979     0.66404689    2.1781
  2.1243     0.66269189    2.1781
  2.1511     0.66103523    2.1781
  2.1781     0.65908056    2.1781
  2.2055     0.65683184    2.1781
  2.2333     0.65429328    2.1781
  2.2613     0.65146941    2.1781
  2.2898     0.64836500    2.1781
  2.3186     0.64498508    2.1781
  2.3478     0.64133494    2.1781
  2.3773     0.63742013    2.1781
  2.4072     0.63324642    2.1781
  2.4375     0.62881979    2.1781
  2.4681     0.62414646    2.1781
  2.4992     0.61923285    2.1781
  2.5306     0.61408558    2.1781
  2.5624     0.60871146    2.1781
  2.5947     0.60311746    2.1781
  2.6273     0.59731073    2.1781
  2.6604     0.59129859    2.1781
  2.6938     0.58508848    2.1781
  2.7277     0.57868801    2.1781
  2.7620     0.57210488    2.1781
  2.7968     0.56534693    2.1781
  2.8320     0.55842210    2.1781
  2.8676     0.55133842    2.1781
  2.9036     0.54410400    2.1781
  2.9402     0.53672704    2.1781
  2.9772     0.52921577    2.1781
  3.0146     0.52157849    2.1781
  3.0525     0.51382352    2.1781
  3.0909     0.50595924    2.1781
  3.1298     0.49799399    2.1781
  3.1692     0.48993614    2.1781
  3.2090     0.48179406    2.1781
  3.2494     0.47357605    2.1781
  3.2903     0.46529040    2.1781
  3.3317     0.45694535    2.1781
  3.3736     0.44854906    2.1781
  3.4160     0.44010961    2.1781
  3.4590     0.43163501    2.1781
  3.5025     0.42313313    2.1781
  3.5465     0.41461175    2.1781
  3.5911     0.40607851    2.1781
  3.6363     0.39754089    2.1781
  3.6821     0.38900624    2.1781
  3.7284     0.38048174    2.1781
  3.7753     0.37197437    2.1781
  3.8228     0.36349095    2.1781
  3.8708     0.35503809    2.1781
  3.9195     0.34662221    2.1781
  3.9688     0.33824950    2.1781
  4.0188     0.32992595    2.1781
  4.0693     0.32165732    2.1781
  4.1205     0.31344913    2.1781
  4.1723     0.30530670    2.1781
  4.2248     0.29723508    2.1781
  4.2780     0.28923912    2.1781
  4.3318     0.28132341    2.1781
  4.3863     0.27349233    2.1781
  4.4414     0.26575000    2.1781
  4.4973     0.25810034    2.1781
  4.5539     0.25054701    2.1781
  4.6111     0.24309347    2.1781
  4.6691     0.23574296    2.1781
  4.7279     0.22849849    2.1781
  4.7873     0.22136289    2.1781
  4.8476     0.21433875    2.1781
  4.9085     0.20742850    2.1781
  4.9703     0.20063436    2.1781
  5.0328     0.19395836    2.1781
  5.0961     0.18740236    2.1781
  5.1602     0.18096806    2.1781
  5.2251     0.17465698    2.1781
  5.2908     0.16847048    2.1781
  5.3574     0.16240977    2.1781
  5.4248     0.15647591    2.1781
  5.4930     0.15066983    2.1781
  5.5621     0.14499229    2.1781
  5.6321     0.13944394    2.1781
  5.7029     0.13402528    2.1781
  5.7747     0.12873670    2.1781
  5.8473     0.12357843    2.1781
  5.9208     0.11855062    2.1781
  5.9953     0.11365326    2.1781
  6.0707     0.10888622    2.1781
  6.1471     0.10424926    2.1781
  6.2244     0.09974203    2.1781
  6.3027     0.09536403    2.1781
  6.3820     0.09111467    2.1781
  6.4623     0.08699322    2.1781
  6.5436     0.08299884    2.1781
  6.6259     0.07913057    2.1781
  6.7092     0.07538734    2.1781
  6.7936     0.07176796    2.1781
  6.8791     0.06827113    2.1781
  6.9656     0.06489544    2.1781
  7.0532     0.06163936    2.1781
  7.1419     0.05850127    2.1781
  7.2318     0.05547944    2.1781
  7.3227     0.05257204    2.1781
  7.4148     0.04977714    2.1781
  7.5081     0.04709273    2.1781
  7.6025     0.04451672    2.1781
  7.6982     0.04204691    2.1781
  7.7950     0.03968107    2.1781
  7.8931     0.03741686    2.1781
  7.9923     0.03525190    2.1781
  8.0929     0.03318375    2.1781
  8.1947     0.03120991    2.1781
  8.2977     0.02932785    2.1781
  8.4021     0.02753501    2.1781
  8.5078     0.02582877    2.1781
  8.6148     0.02420651    2.1781
  8.7232     0.02266559    2.1781
  8.8329     0.02120336    2.1781
  8.9440     0.01981716    2.1781
  9.0565     0.01850433    2.1781
  9.1704     0.01726224    2.1781
  9.2858     0.01608825    2.1781
  9.4026     0.01497974    2.1781
  9.5209     0.01393413    2.1781
  9.6406     0.01294886    2.1781
  9.7619     0.01202140    2.1781
  9.8847     0.01114928    2.1781
 10.0090     0.01033005    2.1781
 10.1349     0.00956132    2.1781
 10.2624     0.00884074    2.1781
 10.3915     0.00816601    2.1781
 10.5222     0.00753491    2.1781
 10.6545     0.00694526    2.1781
 10.7886     0.00639494    2.1781
 10.9243     0.00588189    2.1781
 11.0617     0.00540413    2.1781
 11.2008     0.00495973    2.1781
 11.3417     0.00454682    2.1781
 11.4844     0.00416362    2.1781
 11.6288     0.00380841    2.1781
 11.7751     0.00347951    2.1781
 11.9232     0.00317534    2.1781
 12.0732     0.00289438    2.1781
 12.2250     0.00263516    2.1781
 12.3788     0.00239629    2.1781
 12.5345     0.00217644    2.1781
 12.6922     0.00197436    2.1781
 12.8518     0.00178882    2.1781
 13.0135     0.00161870    2.1781
 13.1772     0.00146291    2.1781
 13.3429     0.00132043    2.1781
 13.5108     0.00119029    2.1781
 13.6807     0.00107157    2.1781
 13.8528     0.00096342    2.1781
 14.0270     0.00086503    2.1781
 14.2035     0.00077564    2.1781
 14.3821     0.00069454    2.1781
 14.5630     0.00062105    2.1781
 14.7462     0.00055457    2.1781
 14.9317     0.00049450    2.1781
 15.1195     0.00044030    2.1781
 15.3097     0.00039148    2.1781
 15.5023     0.00034756    2.1781
 15.6973     0.00030811    2.1781
 15.8947     0.00027273    2.1781
 16.0947     0.00024104    2.1781
 16.2971     0.00021271    2.1781
 16.5021     0.00018741    2.1781
 16.7097     0.00016487    2.1781
 16.9199     0.00014480    2.1781
 17.1327     0.00012697    2.1781
 17.3482     0.00011116    2.1781
 17.5664     0.00009715    2.1781
 17.7874     0.00008477    2.1781
 18.0111     0.00007384    2.1781
 18.2377     0.00006420    2.1781
 18.4671     0.00005573    2.1781
 18.6993     0.00004829    2.1781
 18.9346     0.00004177    2.1781
 19.1727     0.00003607    2.1781
 19.4139     0.00003108    2.1781
 19.6581     0.00002674    2.1781
 19.9054     0.00002296    2.1781
 20.1557     0.00001968    2.1781
 20.4093     0.00001683    2.1781
 20.6660     0.00001437    2.1781
 20.9259     0.00001224    2.1781
 21.1891     0.00001041    2.1781
 21.4557     0.00000884    2.1781
 21.7255     0.00000748    2.1781
 21.9988     0.00000632    2.1781
 22.2755     0.00000533    2.1781
 22.5557     0.00000449    2.1781
 22.8394     0.00000377    2.1781
 23.1267     0.00000316    2.1781
 23.4176     0.00000264    2.1781
 23.7122     0.00000220    2.1781
 24.0105     0.00000183    2.1781
 24.3125     0.00000152    2.1781
 24.6183     0.00000126    2.1781
 24.9279     0.00000104    2.1781
 25.2415     0.00000086    2.1781
 25.5590     0.00000071    2.1781
 25.8805     0.00000058    2.1781
 26.2060     0.00000048    2.1781
 26.5357     0.00000039    2.1781
 26.8694     0.00000032    2.1781
 27.2074     0.00000026    2.1781
 27.5496     0.00000021    2.1781
 27.8962     0.00000017    2.1781
 28.2471     0.00000014    2.1781
 28.6024     0.00000011    2.1781
 28.9622     0.00000009    2.1781
 29.3265     0.00000007    2.1781
 29.6953     0.00000006    2.1781
 30.0689     0.00000004    2.1781
 30.4471     0.00000004    2.1781
 30.8301     0.00000003    2.1781
 31.2178     0.00000002    2.1781
 31.6105     0.00000002    2.1781
 32.0081     0.00000001    2.1781
 32.4107     0.00000001    2.1781
 32.8184     0.00000001    2.1781
 33.2312     0.00000001    2.1781
 33.6492     0.00000000    2.1781
 34.0725     0.00000000    2.1781
 34.5011     0.00000000    2.1781
 34.9350     0.00000000    2.1781
 35.3745     0.00000000    2.1781
 35.8194     0.00000000    2.1781
 36.2700     0.00000000    2.1781
 36.7262     0.00000000    2.1781
 37.1882     0.00000000    2.1781
 37.6559     0.00000000    2.1781
 38.1296     0.00000000    2.1781
 38.6092     0.00000000    2.1781
 39.0948     0.00000000    2.1781
 39.5866     0.00000000    2.1781
 40.0845     0.00000000    2.1781
 40.5887     0.00000000    2.1781
 41.0993     0.00000000    2.1781
