    0.00         11.5730
    0.05         11.5700
    0.10         11.5609
    0.15         11.5457
    0.20         11.5245
    0.25         11.4973
    0.30         11.4642
    0.35         11.4252
    0.40         11.3804
    0.45         11.3299
    0.50         11.2738
    0.55         11.2123
    0.60         11.1453
    0.65         11.0731
    0.70         10.9957
    0.75         10.9134
    0.80         10.8262
    0.85         10.7344
    0.90         10.6381
    0.95         10.5374
    1.00         10.4326
    1.05         10.3238
    1.10         10.2112
    1.15         10.0950
    1.20          9.9753
    1.25          9.8524
    1.30          9.7265
    1.35          9.5977
    1.40          9.4662
    1.45          9.3323
    1.50          9.1961
    1.55          9.0578
    1.60          8.9176
    1.65          8.7757
    1.70          8.6323
    1.75          8.4875
    1.80          8.3416
    1.85          8.1947
    1.90          8.0470
    1.95          7.8986
    2.00          7.7497
    2.05          7.6005
    2.10          7.4512
    2.15          7.3018
    2.20          7.1525
    2.25          7.0035
    2.30          6.8549
    2.35          6.7069
    2.40          6.5594
    2.45          6.4128
    2.50          6.2670
    2.55          6.1222
    2.60          5.9785
    2.65          5.8360
    2.70          5.6948
    2.75          5.5550
    2.80          5.4166
    2.85          5.2797
    2.90          5.1444
    2.95          5.0109
    3.00          4.8790
    3.05          4.7489
    3.10          4.6207
    3.15          4.4944
    3.20          4.3700
    3.25          4.2476
    3.30          4.1272
    3.35          4.0088
    3.40          3.8925
    3.45          3.7783
    3.50          3.6663
    3.55          3.5563
    3.60          3.4485
    3.65          3.3429
    3.70          3.2395
    3.75          3.1382
    3.80          3.0391
    3.85          2.9421
    3.90          2.8474
    3.95          2.7548
    4.00          2.6643
    4.05          2.5760
    4.10          2.4899
    4.15          2.4058
    4.20          2.3239
    4.25          2.2440
    4.30          2.1662
    4.35          2.0905
    4.40          2.0168
    4.45          1.9450
    4.50          1.8753
    4.55          1.8075
    4.60          1.7416
    4.65          1.6776
    4.70          1.6154
    4.75          1.5551
    4.80          1.4966
    4.85          1.4398
    4.90          1.3848
    4.95          1.3315
    5.00          1.2799
    5.05          1.2299
    5.10          1.1815
    5.15          1.1347
    5.20          1.0894
    5.25          1.0456
    5.30          1.0033
    5.35          0.9624
    5.40          0.9229
    5.45          0.8848
    5.50          0.8480
    5.55          0.8126
    5.60          0.7783
    5.65          0.7453
    5.70          0.7135
    5.75          0.6829
    5.80          0.6534
    5.85          0.6250
    5.90          0.5977
    5.95          0.5714
    6.00          0.5462
    6.05          0.5219
    6.10          0.4985
    6.15          0.4761
    6.20          0.4545
    6.25          0.4338
    6.30          0.4140
    6.35          0.3949
    6.40          0.3767
    6.45          0.3592
    6.50          0.3424
    6.55          0.3263
    6.60          0.3109
    6.65          0.2961
    6.70          0.2820
    6.75          0.2685
    6.80          0.2556
    6.85          0.2432
    6.90          0.2314
    6.95          0.2201
    7.00          0.2093
    7.05          0.1990
    7.10          0.1891
    7.15          0.1797
    7.20          0.1707
    7.25          0.1622
    7.30          0.1540
    7.35          0.1462
    7.40          0.1388
    7.45          0.1317
    7.50          0.1250
    7.55          0.1186
    7.60          0.1124
    7.65          0.1066
    7.70          0.1011
    7.75          0.0958
    7.80          0.0908
    7.85          0.0860
    7.90          0.0815
    7.95          0.0771
    8.00          0.0730
    8.05          0.0691
    8.10          0.0654
    8.15          0.0619
    8.20          0.0586
    8.25          0.0554
    8.30          0.0524
    8.35          0.0495
    8.40          0.0468
    8.45          0.0443
    8.50          0.0418
    8.55          0.0395
    8.60          0.0373
    8.65          0.0352
    8.70          0.0333
    8.75          0.0314
    8.80          0.0296
    8.85          0.0280
    8.90          0.0264
    8.95          0.0249
    9.00          0.0235
    9.05          0.0221
    9.10          0.0208
    9.15          0.0196
    9.20          0.0185
    9.25          0.0174
    9.30          0.0164
    9.35          0.0154
    9.40          0.0145
    9.45          0.0137
    9.50          0.0129
    9.55          0.0121
    9.60          0.0114
    9.65          0.0107
    9.70          0.0100
    9.75          0.0094
    9.80          0.0089
    9.85          0.0083
    9.90          0.0078
    9.95          0.0073
   10.00          0.0069
   10.05          0.0064
   10.10          0.0060
   10.15          0.0056
   10.20          0.0053
   10.25          0.0050
   10.30          0.0046
   10.35          0.0043
   10.40          0.0041
   10.45          0.0038
   10.50          0.0036
   10.55          0.0033
   10.60          0.0031
   10.65          0.0029
   10.70          0.0027
   10.75          0.0025
   10.80          0.0024
   10.85          0.0022
   10.90          0.0021
   10.95          0.0019
   11.00          0.0018
   11.05          0.0017
   11.10          0.0016
   11.15          0.0014
   11.20          0.0014
   11.25          0.0013
   11.30          0.0012
   11.35          0.0011
   11.40          0.0010
   11.45          0.0010
   11.50          0.0009
   11.55          0.0008
   11.60          0.0008
   11.65          0.0007
   11.70          0.0007
   11.75          0.0006
   11.80          0.0006
   11.85          0.0005
   11.90          0.0005
   11.95          0.0005
   12.00          0.0004
   12.05          0.0004
   12.10          0.0004
   12.15          0.0004
   12.20          0.0003
   12.25          0.0003
   12.30          0.0003
   12.35          0.0003
   12.40          0.0003
   12.45          0.0003
   12.50          0.0002
   12.55          0.0002
   12.60          0.0002
   12.65          0.0002
   12.70          0.0002
   12.75          0.0002
   12.80          0.0002
   12.85          0.0002
   12.90          0.0002
   12.95          0.0001
   13.00          0.0001
   13.05          0.0001
   13.10          0.0001
   13.15          0.0001
   13.20          0.0001
   13.25          0.0001
   13.30          0.0001
   13.35          0.0001
   13.40          0.0001
   13.45          0.0001
   13.50          0.0001
   13.55          0.0001
   13.60          0.0001
   13.65          0.0001
   13.70          0.0001
   13.75          0.0001
   13.80          0.0001
   13.85          0.0000
   13.90          0.0000
   13.95          0.0000
   14.00          0.0000
   14.05          0.0000
   14.10          0.0000
   14.15          0.0000
   14.20          0.0000
   14.25          0.0000
   14.30          0.0000
   14.35          0.0000
   14.40          0.0000
   14.45          0.0000
   14.50          0.0000
   14.55          0.0000
   14.60          0.0000
   14.65          0.0000
   14.70         -0.0000
   14.75         -0.0000
   14.80         -0.0000
   14.85         -0.0000
   14.90         -0.0000
   14.95         -0.0000
   15.00         -0.0000
   15.05         -0.0000
   15.10         -0.0000
   15.15         -0.0000
   15.20         -0.0000
   15.25         -0.0000
   15.30         -0.0000
   15.35         -0.0000
   15.40         -0.0000
   15.45         -0.0000
   15.50         -0.0000
   15.55         -0.0000
   15.60         -0.0000
   15.65         -0.0000
   15.70         -0.0000
   15.75         -0.0000
   15.80         -0.0000
   15.85         -0.0000
   15.90         -0.0000
   15.95         -0.0000
   16.00         -0.0000
   16.05         -0.0000
   16.10         -0.0000
   16.15         -0.0000
   16.20         -0.0000
   16.25         -0.0000
   16.30         -0.0000
   16.35         -0.0000
   16.40         -0.0000
   16.45         -0.0000
   16.50         -0.0000
   16.55          0.0000
   16.60          0.0000
   16.65          0.0000
   16.70          0.0000
   16.75          0.0000
   16.80          0.0000
   16.85          0.0000
   16.90          0.0000
   16.95          0.0000
   17.00          0.0000
   17.05          0.0000
   17.10          0.0000
   17.15          0.0000
   17.20          0.0000
   17.25          0.0000
   17.30          0.0000
   17.35          0.0000
   17.40          0.0000
   17.45          0.0000
   17.50          0.0000
   17.55          0.0000
   17.60          0.0000
   17.65          0.0000
   17.70          0.0000
   17.75          0.0000
   17.80          0.0000
   17.85          0.0000
   17.90          0.0000
   17.95          0.0000
   18.00          0.0000
   18.05          0.0000
   18.10          0.0000
   18.15          0.0000
   18.20          0.0000
   18.25          0.0000
   18.30          0.0000
   18.35          0.0000
   18.40          0.0000
   18.45          0.0000
   18.50          0.0000
   18.55          0.0000
   18.60          0.0000
   18.65          0.0000
   18.70          0.0000
   18.75         -0.0000
   18.80         -0.0000
   18.85         -0.0000
   18.90         -0.0000
   18.95         -0.0000
   19.00         -0.0000
   19.05         -0.0000
   19.10         -0.0000
   19.15         -0.0000
   19.20         -0.0000
   19.25         -0.0000
   19.30         -0.0000
   19.35         -0.0000
   19.40         -0.0000
   19.45         -0.0000
   19.50         -0.0000
   19.55         -0.0000
   19.60         -0.0000
   19.65         -0.0000
   19.70         -0.0000
   19.75         -0.0000
   19.80         -0.0000
   19.85         -0.0000
   19.90         -0.0000
   19.95         -0.0000
   20.00         -0.0000
