    0.0000009448        0.00000000     0.00000000     0.00000000
    0.0000019015        0.00000000     0.00000000     0.00000000
    0.0000028702        0.00000000     0.00000000     0.00000000
    0.0000038512        0.00000000     0.00000000     0.00000000
    0.0000048444        0.00000000     0.00000000     0.00000000
    0.0000058502        0.00000000     0.00000000     0.00000000
    0.0000068686        0.00000000     0.00000000     0.00000001
    0.0000078998        0.00000000     0.00000000     0.00000001
    0.0000089440        0.00000000     0.00000000     0.00000001
    0.0000100013        0.00000000     0.00000000     0.00000001
    0.0000110719        0.00000000     0.00000000     0.00000002
    0.0000121560        0.00000000     0.00000000     0.00000002
    0.0000132537        0.00000000     0.00000000     0.00000002
    0.0000143652        0.00000000     0.00000000     0.00000003
    0.0000154907        0.00000000     0.00000000     0.00000003
    0.0000166304        0.00000000     0.00000000     0.00000003
    0.0000177844        0.00000000     0.00000000     0.00000004
    0.0000189529        0.00000000     0.00000000     0.00000005
    0.0000201361        0.00000000     0.00000000     0.00000005
    0.0000213342        0.00000000     0.00000000     0.00000006
    0.0000225474        0.00000000     0.00000000     0.00000006
    0.0000237758        0.00000000     0.00000000     0.00000007
    0.0000250197        0.00000000     0.00000000     0.00000008
    0.0000262792        0.00000000     0.00000000     0.00000009
    0.0000275546        0.00000000     0.00000000     0.00000010
    0.0000288460        0.00000000     0.00000000     0.00000010
    0.0000301536        0.00000000     0.00000000     0.00000011
    0.0000314777        0.00000000     0.00000000     0.00000012
    0.0000328185        0.00000000     0.00000000     0.00000014
    0.0000341761        0.00000000     0.00000000     0.00000015
    0.0000355508        0.00000000     0.00000000     0.00000016
    0.0000369428        0.00000000     0.00000000     0.00000017
    0.0000383523        0.00000000     0.00000000     0.00000018
    0.0000397795        0.00000000     0.00000000     0.00000020
    0.0000412247        0.00000000     0.00000000     0.00000021
    0.0000426880        0.00000000     0.00000000     0.00000023
    0.0000441698        0.00000000     0.00000000     0.00000025
    0.0000456702        0.00000000     0.00000000     0.00000026
    0.0000471895        0.00000000     0.00000000     0.00000028
    0.0000487279        0.00000000     0.00000000     0.00000030
    0.0000502856        0.00000000     0.00000000     0.00000032
    0.0000518629        0.00000000     0.00000000     0.00000034
    0.0000534601        0.00000000     0.00000000     0.00000036
    0.0000550773        0.00000000     0.00000000     0.00000038
    0.0000567150        0.00000000     0.00000000     0.00000040
    0.0000583732        0.00000000     0.00000000     0.00000043
    0.0000600522        0.00000000     0.00000000     0.00000045
    0.0000617524        0.00000000     0.00000000     0.00000048
    0.0000634740        0.00000000     0.00000000     0.00000051
    0.0000652172        0.00000000     0.00000000     0.00000053
    0.0000669823        0.00000000     0.00000000     0.00000056
    0.0000687697        0.00000000     0.00000000     0.00000059
    0.0000705795        0.00000000     0.00000000     0.00000063
    0.0000724121        0.00000000     0.00000000     0.00000066
    0.0000742677        0.00000000     0.00000000     0.00000069
    0.0000761467        0.00000000     0.00000000     0.00000073
    0.0000780493        0.00000000     0.00000000     0.00000077
    0.0000799759        0.00000000     0.00000000     0.00000080
    0.0000819267        0.00000000     0.00000000     0.00000084
    0.0000839020        0.00000000     0.00000000     0.00000088
    0.0000859022        0.00000000     0.00000000     0.00000093
    0.0000879275        0.00000000     0.00000000     0.00000097
    0.0000899783        0.00000000     0.00000000     0.00000102
    0.0000920549        0.00000000     0.00000000     0.00000107
    0.0000941576        0.00000000     0.00000000     0.00000111
    0.0000962868        0.00000000     0.00000000     0.00000117
    0.0000984428        0.00000000     0.00000000     0.00000122
    0.0001006258        0.00000000     0.00000000     0.00000127
    0.0001028364        0.00000000     0.00000000     0.00000133
    0.0001050747        0.00000000     0.00000000     0.00000139
    0.0001073412        0.00000000     0.00000000     0.00000145
    0.0001096362        0.00000000     0.00000000     0.00000151
    0.0001119601        0.00000000     0.00000000     0.00000158
    0.0001143132        0.00000000     0.00000000     0.00000164
    0.0001166959        0.00000000     0.00000000     0.00000171
    0.0001191085        0.00000000     0.00000000     0.00000178
    0.0001215515        0.00000000     0.00000000     0.00000186
    0.0001240253        0.00000000     0.00000000     0.00000193
    0.0001265301        0.00000000     0.00000000     0.00000201
    0.0001290665        0.00000000     0.00000000     0.00000209
    0.0001316348        0.00000000     0.00000000     0.00000218
    0.0001342354        0.00000000     0.00000000     0.00000227
    0.0001368686        0.00000000     0.00000000     0.00000235
    0.0001395351        0.00000000     0.00000000     0.00000245
    0.0001422350        0.00000000     0.00000000     0.00000254
    0.0001449689        0.00000000     0.00000000     0.00000264
    0.0001477372        0.00000000     0.00000000     0.00000274
    0.0001505403        0.00000000     0.00000000     0.00000285
    0.0001533787        0.00000000     0.00000000     0.00000296
    0.0001562528        0.00000000     0.00000000     0.00000307
    0.0001591630        0.00000000     0.00000000     0.00000318
    0.0001621099        0.00000000     0.00000000     0.00000330
    0.0001650938        0.00000000     0.00000000     0.00000343
    0.0001681152        0.00000000     0.00000000     0.00000355
    0.0001711746        0.00000000     0.00000000     0.00000368
    0.0001742726        0.00000000     0.00000000     0.00000382
    0.0001774095        0.00000000     0.00000000     0.00000396
    0.0001805858        0.00000000     0.00000000     0.00000410
    0.0001838021        0.00000000     0.00000000     0.00000425
    0.0001870589        0.00000000     0.00000000     0.00000440
    0.0001903566        0.00000000     0.00000000     0.00000455
    0.0001936958        0.00000001     0.00000000     0.00000472
    0.0001970770        0.00000001     0.00000000     0.00000488
    0.0002005008        0.00000001     0.00000000     0.00000505
    0.0002039676        0.00000001     0.00000000     0.00000523
    0.0002074780        0.00000001     0.00000000     0.00000541
    0.0002110325        0.00000001     0.00000000     0.00000560
    0.0002146318        0.00000001     0.00000000     0.00000579
    0.0002182764        0.00000001     0.00000000     0.00000599
    0.0002219668        0.00000001     0.00000000     0.00000619
    0.0002257036        0.00000001     0.00000000     0.00000640
    0.0002294874        0.00000001     0.00000000     0.00000662
    0.0002333188        0.00000001     0.00000000     0.00000684
    0.0002371984        0.00000001     0.00000000     0.00000707
    0.0002411268        0.00000001     0.00000000     0.00000731
    0.0002451046        0.00000001     0.00000000     0.00000755
    0.0002491325        0.00000001     0.00000000     0.00000780
    0.0002532110        0.00000001     0.00000000     0.00000806
    0.0002573408        0.00000001     0.00000000     0.00000832
    0.0002615226        0.00000001     0.00000000     0.00000860
    0.0002657569        0.00000001     0.00000000     0.00000888
    0.0002700445        0.00000001     0.00000000     0.00000917
    0.0002743861        0.00000001     0.00000000     0.00000946
    0.0002787823        0.00000001     0.00000000     0.00000977
    0.0002832337        0.00000001     0.00000000     0.00001008
    0.0002877412        0.00000001     0.00000000     0.00001041
    0.0002923053        0.00000001     0.00000000     0.00001074
    0.0002969269        0.00000001     0.00000000     0.00001108
    0.0003016066        0.00000001     0.00000000     0.00001143
    0.0003063452        0.00000001     0.00000000     0.00001180
    0.0003111433        0.00000001     0.00000000     0.00001217
    0.0003160018        0.00000001     0.00000000     0.00001255
    0.0003209215        0.00000001     0.00000000     0.00001295
    0.0003259030        0.00000001     0.00000000     0.00001335
    0.0003309471        0.00000002     0.00000000     0.00001377
    0.0003360548        0.00000002     0.00000000     0.00001420
    0.0003412266        0.00000002     0.00000000     0.00001464
    0.0003464635        0.00000002     0.00000000     0.00001509
    0.0003517663        0.00000002     0.00000000     0.00001555
    0.0003571358        0.00000002     0.00000000     0.00001603
    0.0003625728        0.00000002     0.00000000     0.00001653
    0.0003680783        0.00000002     0.00000000     0.00001703
    0.0003736529        0.00000002     0.00000000     0.00001755
    0.0003792977        0.00000002     0.00000000     0.00001808
    0.0003850135        0.00000002     0.00000000     0.00001863
    0.0003908012        0.00000002     0.00000000     0.00001920
    0.0003966617        0.00000002     0.00000000     0.00001978
    0.0004025959        0.00000002     0.00000000     0.00002037
    0.0004086047        0.00000002     0.00000000     0.00002099
    0.0004146892        0.00000002     0.00000000     0.00002162
    0.0004208501        0.00000002     0.00000000     0.00002226
    0.0004270886        0.00000003     0.00000000     0.00002293
    0.0004334055        0.00000003     0.00000000     0.00002361
    0.0004398019        0.00000003     0.00000000     0.00002431
    0.0004462787        0.00000003     0.00000000     0.00002504
    0.0004528370        0.00000003     0.00000000     0.00002578
    0.0004594778        0.00000003     0.00000000     0.00002654
    0.0004662022        0.00000003     0.00000000     0.00002732
    0.0004730111        0.00000003     0.00000000     0.00002813
    0.0004799057        0.00000003     0.00000000     0.00002895
    0.0004868869        0.00000003     0.00000000     0.00002980
    0.0004939560        0.00000003     0.00000000     0.00003067
    0.0005011141        0.00000003     0.00000000     0.00003157
    0.0005083621        0.00000004     0.00000000     0.00003249
    0.0005157013        0.00000004     0.00000000     0.00003343
    0.0005231329        0.00000004     0.00000000     0.00003440
    0.0005306579        0.00000004     0.00000000     0.00003540
    0.0005382776        0.00000004     0.00000000     0.00003642
    0.0005459931        0.00000004     0.00000000     0.00003747
    0.0005538056        0.00000004     0.00000000     0.00003855
    0.0005617165        0.00000004     0.00000000     0.00003966
    0.0005697268        0.00000004     0.00000000     0.00004080
    0.0005778379        0.00000005     0.00000000     0.00004197
    0.0005860510        0.00000005     0.00000000     0.00004317
    0.0005943674        0.00000005     0.00000000     0.00004441
    0.0006027885        0.00000005     0.00000000     0.00004568
    0.0006113154        0.00000005     0.00000000     0.00004698
    0.0006199497        0.00000005     0.00000000     0.00004831
    0.0006286925        0.00000005     0.00000000     0.00004969
    0.0006375453        0.00000006     0.00000000     0.00005109
    0.0006465094        0.00000006     0.00000000     0.00005254
    0.0006555863        0.00000006     0.00000000     0.00005403
    0.0006647774        0.00000006     0.00000000     0.00005555
    0.0006740841        0.00000006     0.00000000     0.00005712
    0.0006835078        0.00000006     0.00000000     0.00005873
    0.0006930501        0.00000007     0.00000000     0.00006038
    0.0007027124        0.00000007     0.00000000     0.00006207
    0.0007124963        0.00000007     0.00000000     0.00006381
    0.0007224032        0.00000007     0.00000000     0.00006560
    0.0007324347        0.00000007     0.00000000     0.00006744
    0.0007425924        0.00000008     0.00000000     0.00006932
    0.0007528779        0.00000008     0.00000000     0.00007125
    0.0007632927        0.00000008     0.00000000     0.00007324
    0.0007738386        0.00000008     0.00000000     0.00007528
    0.0007845171        0.00000008     0.00000000     0.00007737
    0.0007953299        0.00000009     0.00000000     0.00007951
    0.0008062788        0.00000009     0.00000000     0.00008172
    0.0008173653        0.00000009     0.00000000     0.00008398
    0.0008285913        0.00000009     0.00000000     0.00008630
    0.0008399585        0.00000010     0.00000000     0.00008869
    0.0008514687        0.00000010     0.00000000     0.00009114
    0.0008631237        0.00000010     0.00000000     0.00009365
    0.0008749253        0.00000011     0.00000000     0.00009623
    0.0008868753        0.00000011     0.00000000     0.00009887
    0.0008989756        0.00000011     0.00000000     0.00010159
    0.0009112281        0.00000011     0.00000000     0.00010438
    0.0009236348        0.00000012     0.00000000     0.00010724
    0.0009361975        0.00000012     0.00000000     0.00011018
    0.0009489182        0.00000012     0.00000000     0.00011319
    0.0009617990        0.00000013     0.00000000     0.00011628
    0.0009748417        0.00000013     0.00000000     0.00011946
    0.0009880485        0.00000013     0.00000000     0.00012272
    0.0010014215        0.00000014     0.00000000     0.00012606
    0.0010149626        0.00000014     0.00000000     0.00012949
    0.0010286741        0.00000015     0.00000000     0.00013302
    0.0010425580        0.00000015     0.00000000     0.00013663
    0.0010566166        0.00000015     0.00000000     0.00014034
    0.0010708520        0.00000016     0.00000000     0.00014415
    0.0010852665        0.00000016     0.00000000     0.00014805
    0.0010998623        0.00000017     0.00000000     0.00015206
    0.0011146417        0.00000017     0.00000000     0.00015618
    0.0011296070        0.00000018     0.00000000     0.00016040
    0.0011447605        0.00000018     0.00000000     0.00016473
    0.0011601046        0.00000018     0.00000000     0.00016918
    0.0011756417        0.00000019     0.00000000     0.00017374
    0.0011913743        0.00000020     0.00000000     0.00017842
    0.0012073048        0.00000020     0.00000000     0.00018322
    0.0012234356        0.00000021     0.00000000     0.00018815
    0.0012397693        0.00000021     0.00000000     0.00019321
    0.0012563085        0.00000022     0.00000000     0.00019840
    0.0012730558        0.00000022     0.00000000     0.00020372
    0.0012900136        0.00000023     0.00000000     0.00020919
    0.0013071848        0.00000023     0.00000000     0.00021479
    0.0013245720        0.00000024     0.00000000     0.00022055
    0.0013421779        0.00000025     0.00000000     0.00022645
    0.0013600052        0.00000025     0.00000000     0.00023250
    0.0013780568        0.00000026     0.00000000     0.00023872
    0.0013963354        0.00000027     0.00000000     0.00024509
    0.0014148440        0.00000028     0.00000000     0.00025163
    0.0014335853        0.00000028     0.00000000     0.00025834
    0.0014525624        0.00000029     0.00000000     0.00026523
    0.0014717782        0.00000030     0.00000000     0.00027229
    0.0014912357        0.00000031     0.00000000     0.00027954
    0.0015109380        0.00000031     0.00000000     0.00028697
    0.0015308881        0.00000032     0.00000000     0.00029460
    0.0015510891        0.00000033     0.00000000     0.00030243
    0.0015715442        0.00000034     0.00000000     0.00031046
    0.0015922566        0.00000035     0.00000000     0.00031869
    0.0016132295        0.00000036     0.00000000     0.00032714
    0.0016344663        0.00000037     0.00000000     0.00033581
    0.0016559702        0.00000038     0.00000000     0.00034471
    0.0016777445        0.00000039     0.00000000     0.00035383
    0.0016997927        0.00000040     0.00000000     0.00036319
    0.0017221183        0.00000041     0.00000000     0.00037280
    0.0017447247        0.00000042     0.00000000     0.00038265
    0.0017676155        0.00000043     0.00000000     0.00039276
    0.0017907941        0.00000044     0.00000000     0.00040312
    0.0018142644        0.00000045     0.00000000     0.00041376
    0.0018380298        0.00000046     0.00000000     0.00042467
    0.0018620942        0.00000048     0.00000000     0.00043586
    0.0018864613        0.00000049     0.00000000     0.00044734
    0.0019111349        0.00000050     0.00000000     0.00045912
    0.0019361188        0.00000052     0.00000000     0.00047121
    0.0019614170        0.00000053     0.00000000     0.00048360
    0.0019870334        0.00000054     0.00000000     0.00049631
    0.0020129720        0.00000056     0.00000000     0.00050936
    0.0020392369        0.00000057     0.00000000     0.00052273
    0.0020658321        0.00000059     0.00000000     0.00053646
    0.0020927619        0.00000060     0.00000000     0.00055053
    0.0021200305        0.00000062     0.00000000     0.00056497
    0.0021476420        0.00000063     0.00000000     0.00057979
    0.0021756008        0.00000065     0.00000000     0.00059498
    0.0022039113        0.00000067     0.00000000     0.00061057
    0.0022325779        0.00000068     0.00000000     0.00062655
    0.0022616051        0.00000070     0.00000000     0.00064295
    0.0022909974        0.00000072     0.00000000     0.00065977
    0.0023207594        0.00000074     0.00000000     0.00067702
    0.0023508958        0.00000076     0.00000000     0.00069472
    0.0023814112        0.00000078     0.00000000     0.00071287
    0.0024123105        0.00000080     0.00000000     0.00073149
    0.0024435984        0.00000082     0.00000000     0.00075059
    0.0024752799        0.00000084     0.00000000     0.00077018
    0.0025073599        0.00000086     0.00000000     0.00079027
    0.0025398435        0.00000089     0.00000000     0.00081088
    0.0025727356        0.00000091     0.00000000     0.00083202
    0.0026060414        0.00000093     0.00000000     0.00085370
    0.0026397662        0.00000096     0.00000000     0.00087594
    0.0026739152        0.00000098     0.00000000     0.00089874
    0.0027084937        0.00000101     0.00000000     0.00092214
    0.0027435072        0.00000103     0.00000000     0.00094613
    0.0027789611        0.00000106     0.00000000     0.00097075
    0.0028148609        0.00000109     0.00000000     0.00099599
    0.0028512123        0.00000112     0.00000000     0.00102188
    0.0028880210        0.00000115     0.00000000     0.00104843
    0.0029252926        0.00000118     0.00000000     0.00107567
    0.0029630331        0.00000121     0.00000000     0.00110360
    0.0030012483        0.00000124     0.00000000     0.00113225
    0.0030399441        0.00000127     0.00000000     0.00116163
    0.0030791267        0.00000130     0.00000000     0.00119177
    0.0031188022        0.00000134     0.00000000     0.00122268
    0.0031589767        0.00000137     0.00000000     0.00125438
    0.0031996566        0.00000141     0.00000000     0.00128690
    0.0032408481        0.00000144     0.00000000     0.00132024
    0.0032825578        0.00000148     0.00000000     0.00135444
    0.0033247921        0.00000152     0.00000000     0.00138952
    0.0033675576        0.00000156     0.00000000     0.00142549
    0.0034108611        0.00000160     0.00000000     0.00146239
    0.0034547093        0.00000164     0.00000000     0.00150023
    0.0034991090        0.00000168     0.00000000     0.00153904
    0.0035440672        0.00000173     0.00000000     0.00157884
    0.0035895908        0.00000177     0.00000000     0.00161966
    0.0036356872        0.00000182     0.00000000     0.00166152
    0.0036823633        0.00000186     0.00000000     0.00170446
    0.0037296265        0.00000191     0.00000000     0.00174849
    0.0037774843        0.00000196     0.00000000     0.00179365
    0.0038259440        0.00000201     0.00000000     0.00183996
    0.0038750132        0.00000206     0.00000000     0.00188746
    0.0039246997        0.00000212     0.00000000     0.00193617
    0.0039750112        0.00000217     0.00000000     0.00198612
    0.0040259555        0.00000223     0.00000000     0.00203735
    0.0040775406        0.00000228     0.00000000     0.00208990
    0.0041297745        0.00000234     0.00000000     0.00214378
    0.0041826655        0.00000240     0.00000000     0.00219904
    0.0042362218        0.00000247     0.00000000     0.00225571
    0.0042904517        0.00000253     0.00000000     0.00231383
    0.0043453638        0.00000259     0.00000000     0.00237343
    0.0044009665        0.00000266     0.00000000     0.00243456
    0.0044572687        0.00000273     0.00000000     0.00249725
    0.0045142791        0.00000280     0.00000000     0.00256153
    0.0045720065        0.00000287     0.00000000     0.00262746
    0.0046304601        0.00000295     0.00000000     0.00269507
    0.0046896489        0.00000302     0.00000000     0.00276440
    0.0047495822        0.00000310     0.00000000     0.00283551
    0.0048102695        0.00000318     0.00000000     0.00290842
    0.0048717200        0.00000326     0.00000000     0.00298320
    0.0049339435        0.00000335     0.00000000     0.00305989
    0.0049969497        0.00000343     0.00000000     0.00313853
    0.0050607484        0.00000352     0.00000000     0.00321918
    0.0051253496        0.00000361     0.00000000     0.00330188
    0.0051907634        0.00000370     0.00000000     0.00338670
    0.0052570000        0.00000380     0.00000000     0.00347367
    0.0053240697        0.00000390     0.00000000     0.00356286
    0.0053919831        0.00000400     0.00000000     0.00365433
    0.0054607507        0.00000410     0.00000000     0.00374813
    0.0055303833        0.00000420     0.00000000     0.00384432
    0.0056008917        0.00000431     0.00000000     0.00394296
    0.0056722871        0.00000442     0.00000000     0.00404411
    0.0057445805        0.00000454     0.00000000     0.00414784
    0.0058177832        0.00000465     0.00000000     0.00425421
    0.0058919068        0.00000477     0.00000000     0.00436330
    0.0059669626        0.00000489     0.00000000     0.00447516
    0.0060429626        0.00000502     0.00000000     0.00458987
    0.0061199185        0.00000515     0.00000000     0.00470750
    0.0061978424        0.00000528     0.00000000     0.00482813
    0.0062767465        0.00000541     0.00000000     0.00495183
    0.0063566431        0.00000555     0.00000000     0.00507868
    0.0064375446        0.00000570     0.00000000     0.00520876
    0.0065194638        0.00000584     0.00000000     0.00534215
    0.0066024134        0.00000599     0.00000000     0.00547893
    0.0066864063        0.00000614     0.00000000     0.00561920
    0.0067714558        0.00000630     0.00000000     0.00576304
    0.0068575750        0.00000646     0.00000000     0.00591054
    0.0069447775        0.00000663     0.00000000     0.00606179
    0.0070330768        0.00000680     0.00000000     0.00621689
    0.0071224869        0.00000697     0.00000000     0.00637594
    0.0072130215        0.00000715     0.00000000     0.00653903
    0.0073046950        0.00000733     0.00000000     0.00670627
    0.0073975216        0.00000752     0.00000000     0.00687777
    0.0074915157        0.00000771     0.00000000     0.00705363
    0.0075866922        0.00000791     0.00000000     0.00723396
    0.0076830659        0.00000811     0.00000000     0.00741888
    0.0077806518        0.00000832     0.00000000     0.00760850
    0.0078794651        0.00000853     0.00000000     0.00780294
    0.0079795214        0.00000875     0.00000000     0.00800233
    0.0080808363        0.00000898     0.00000000     0.00820679
    0.0081834255        0.00000921     0.00000000     0.00841644
    0.0082873051        0.00000944     0.00000000     0.00863143
    0.0083924914        0.00000968     0.00000000     0.00885187
    0.0084990008        0.00000993     0.00000000     0.00907793
    0.0086068498        0.00001018     0.00000000     0.00930972
    0.0087160555        0.00001044     0.00000000     0.00954741
    0.0088266348        0.00001071     0.00000000     0.00979114
    0.0089386050        0.00001098     0.00000000     0.01004107
    0.0090519836        0.00001126     0.00000000     0.01029734
    0.0091667884        0.00001155     0.00000000     0.01056012
    0.0092830372        0.00001185     0.00000000     0.01082958
    0.0094007482        0.00001215     0.00000000     0.01110589
    0.0095199399        0.00001246     0.00000000     0.01138922
    0.0096406308        0.00001278     0.00000000     0.01167974
    0.0097628399        0.00001310     0.00000000     0.01197764
    0.0098865861        0.00001344     0.00000000     0.01228311
    0.0100118888        0.00001378     0.00000000     0.01259633
    0.0101387677        0.00001413     0.00000000     0.01291751
    0.0102672425        0.00001449     0.00000000     0.01324685
    0.0103973333        0.00001486     0.00000000     0.01358455
    0.0105290605        0.00001524     0.00000000     0.01393082
    0.0106624446        0.00001563     0.00000000     0.01428588
    0.0107975065        0.00001603     0.00000000     0.01464996
    0.0109342672        0.00001644     0.00000000     0.01502328
    0.0110727482        0.00001686     0.00000000     0.01540607
    0.0112129710        0.00001729     0.00000000     0.01579858
    0.0113549576        0.00001773     0.00000000     0.01620106
    0.0114987302        0.00001818     0.00000000     0.01661374
    0.0116443113        0.00001864     0.00000000     0.01703690
    0.0117917235        0.00001912     0.00000000     0.01747080
    0.0119409899        0.00001960     0.00000000     0.01791571
    0.0120921339        0.00002010     0.00000000     0.01837191
    0.0122451790        0.00002062     0.00000000     0.01883968
    0.0124001492        0.00002114     0.00000000     0.01931931
    0.0125570687        0.00002168     0.00000000     0.01981112
    0.0127159620        0.00002223     0.00000000     0.02031540
    0.0128768539        0.00002280     0.00000000     0.02083246
    0.0130397696        0.00002338     0.00000000     0.02136265
    0.0132047346        0.00002398     0.00000000     0.02190628
    0.0133717745        0.00002459     0.00000000     0.02246369
    0.0135409155        0.00002521     0.00000001     0.02303525
    0.0137121841        0.00002586     0.00000001     0.02362129
    0.0138856069        0.00002651     0.00000001     0.02422219
    0.0140612112        0.00002719     0.00000001     0.02483833
    0.0142390243        0.00002788     0.00000001     0.02547008
    0.0144190740        0.00002859     0.00000001     0.02611785
    0.0146013884        0.00002932     0.00000001     0.02678204
    0.0147859961        0.00003007     0.00000001     0.02746307
    0.0149729258        0.00003083     0.00000001     0.02816135
    0.0151622068        0.00003162     0.00000001     0.02887733
    0.0153538687        0.00003242     0.00000001     0.02961146
    0.0155479414        0.00003325     0.00000001     0.03036418
    0.0157444553        0.00003410     0.00000001     0.03113598
    0.0159434410        0.00003496     0.00000001     0.03192733
    0.0161449296        0.00003585     0.00000001     0.03273873
    0.0163489526        0.00003677     0.00000001     0.03357069
    0.0165555419        0.00003770     0.00000001     0.03442371
    0.0167647298        0.00003866     0.00000001     0.03529835
    0.0169765490        0.00003965     0.00000001     0.03619513
    0.0171910325        0.00004066     0.00000001     0.03711463
    0.0174082139        0.00004169     0.00000001     0.03805741
    0.0176281271        0.00004275     0.00000001     0.03902406
    0.0178508064        0.00004384     0.00000002     0.04001518
    0.0180762867        0.00004496     0.00000002     0.04103140
    0.0183046033        0.00004610     0.00000002     0.04207334
    0.0185357916        0.00004727     0.00000002     0.04314166
    0.0187698880        0.00004848     0.00000002     0.04423701
    0.0190069289        0.00004971     0.00000002     0.04536009
    0.0192469515        0.00005098     0.00000002     0.04651159
    0.0194899932        0.00005227     0.00000002     0.04769223
    0.0197360919        0.00005360     0.00000002     0.04890273
    0.0199852862        0.00005497     0.00000002     0.05014387
    0.0202376150        0.00005637     0.00000003     0.05141640
    0.0204931176        0.00005780     0.00000003     0.05272112
    0.0207518341        0.00005927     0.00000003     0.05405884
    0.0210138049        0.00006078     0.00000003     0.05543040
    0.0212790708        0.00006233     0.00000003     0.05683664
    0.0215476734        0.00006391     0.00000003     0.05827843
    0.0218196546        0.00006554     0.00000003     0.05975668
    0.0220950569        0.00006721     0.00000004     0.06127230
    0.0223739233        0.00006892     0.00000004     0.06282624
    0.0226562974        0.00007067     0.00000004     0.06441945
    0.0229422234        0.00007247     0.00000004     0.06605292
    0.0232317458        0.00007432     0.00000004     0.06772768
    0.0235249100        0.00007621     0.00000005     0.06944475
    0.0238217618        0.00007815     0.00000005     0.07120520
    0.0241223475        0.00008014     0.00000005     0.07301013
    0.0244267141        0.00008218     0.00000005     0.07486065
    0.0247349091        0.00008427     0.00000006     0.07675791
    0.0250469808        0.00008641     0.00000006     0.07870307
    0.0253629778        0.00008861     0.00000006     0.08069736
    0.0256829496        0.00009087     0.00000007     0.08274199
    0.0260069462        0.00009318     0.00000007     0.08483825
    0.0263350181        0.00009555     0.00000007     0.08698741
    0.0266672167        0.00009798     0.00000008     0.08919081
    0.0270035938        0.00010048     0.00000008     0.09144981
    0.0273442020        0.00010304     0.00000008     0.09376581
    0.0276890945        0.00010566     0.00000009     0.09614024
    0.0280383253        0.00010835     0.00000009     0.09857456
    0.0283919488        0.00011111     0.00000010     0.10107027
    0.0287500204        0.00011394     0.00000010     0.10362891
    0.0291125959        0.00011684     0.00000011     0.10625207
    0.0294797321        0.00011981     0.00000011     0.10894135
    0.0298514863        0.00012286     0.00000012     0.11169842
    0.0302279166        0.00012599     0.00000013     0.11452497
    0.0306090818        0.00012920     0.00000013     0.11742273
    0.0309950415        0.00013249     0.00000014     0.12039350
    0.0313858559        0.00013586     0.00000015     0.12343910
    0.0317815862        0.00013932     0.00000015     0.12656140
    0.0321822941        0.00014287     0.00000016     0.12976231
    0.0325880424        0.00014651     0.00000017     0.13304381
    0.0329988943        0.00015025     0.00000018     0.13640790
    0.0334149141        0.00015407     0.00000019     0.13985666
    0.0338361668        0.00015800     0.00000020     0.14339218
    0.0342627182        0.00016203     0.00000021     0.14701664
    0.0346946350        0.00016616     0.00000022     0.15073226
    0.0351319846        0.00017039     0.00000023     0.15454131
    0.0355748353        0.00017473     0.00000024     0.15844611
    0.0360232565        0.00017919     0.00000025     0.16244906
    0.0364773181        0.00018376     0.00000027     0.16655260
    0.0369370911        0.00018844     0.00000028     0.17075923
    0.0374026473        0.00019325     0.00000030     0.17507151
    0.0378740595        0.00019817     0.00000031     0.17949209
    0.0383514014        0.00020323     0.00000033     0.18402364
    0.0388347474        0.00020841     0.00000034     0.18866892
    0.0393241732        0.00021373     0.00000036     0.19343077
    0.0398197552        0.00021918     0.00000038     0.19831206
    0.0403215709        0.00022477     0.00000040     0.20331578
    0.0408296986        0.00023051     0.00000042     0.20844494
    0.0413442178        0.00023639     0.00000044     0.21370267
    0.0418652089        0.00024243     0.00000046     0.21909214
    0.0423927532        0.00024861     0.00000049     0.22461661
    0.0429269332        0.00025496     0.00000051     0.23027944
    0.0434678324        0.00026147     0.00000054     0.23608402
    0.0440155352        0.00026815     0.00000057     0.24203388
    0.0445701273        0.00027500     0.00000059     0.24813260
    0.0451316953        0.00028203     0.00000063     0.25438384
    0.0457003270        0.00028923     0.00000066     0.26079137
    0.0462761111        0.00029663     0.00000069     0.26735905
    0.0468591378        0.00030421     0.00000073     0.27409081
    0.0474494980        0.00031199     0.00000076     0.28099069
    0.0480472840        0.00031997     0.00000080     0.28806283
    0.0486525893        0.00032815     0.00000084     0.29531146
    0.0492655083        0.00033654     0.00000089     0.30274091
    0.0498861369        0.00034515     0.00000093     0.31035561
    0.0505145721        0.00035399     0.00000098     0.31816011
    0.0511509120        0.00036305     0.00000103     0.32615906
    0.0517952561        0.00037234     0.00000108     0.33435721
    0.0524477050        0.00038188     0.00000114     0.34275942
    0.0531083608        0.00039166     0.00000120     0.35137070
    0.0537773265        0.00040170     0.00000126     0.36019612
    0.0544547068        0.00041199     0.00000133     0.36924093
    0.0551406075        0.00042255     0.00000139     0.37851044
    0.0558351358        0.00043339     0.00000146     0.38801014
    0.0565384002        0.00044450     0.00000154     0.39774562
    0.0572505105        0.00045591     0.00000162     0.40772259
    0.0579715781        0.00046761     0.00000170     0.41794691
    0.0587017156        0.00047961     0.00000179     0.42842458
    0.0594410371        0.00049193     0.00000188     0.43916171
    0.0601896581        0.00050456     0.00000198     0.45016459
    0.0609476956        0.00051752     0.00000208     0.46143961
    0.0617152681        0.00053083     0.00000219     0.47299335
    0.0624924954        0.00054447     0.00000230     0.48483250
    0.0632794990        0.00055848     0.00000242     0.49696392
    0.0640764020        0.00057284     0.00000254     0.50939463
    0.0648833287        0.00058759     0.00000267     0.52213181
    0.0657004053        0.00060272     0.00000281     0.53518278
    0.0665277595        0.00061824     0.00000295     0.54855504
    0.0673655205        0.00063417     0.00000310     0.56225626
    0.0682138192        0.00065052     0.00000326     0.57629428
    0.0690727883        0.00066729     0.00000343     0.59067710
    0.0699425618        0.00068450     0.00000360     0.60541290
    0.0708232757        0.00070217     0.00000379     0.62051006
    0.0717150677        0.00072030     0.00000398     0.63597712
    0.0726180770        0.00073891     0.00000419     0.65182282
    0.0735324448        0.00075800     0.00000440     0.66805607
    0.0744583139        0.00077760     0.00000463     0.68468600
    0.0753958290        0.00079772     0.00000487     0.70172192
    0.0763451366        0.00081836     0.00000512     0.71917334
    0.0773063850        0.00083955     0.00000538     0.73704997
    0.0782797245        0.00086130     0.00000565     0.75536173
    0.0792653070        0.00088363     0.00000594     0.77411874
    0.0802632866        0.00090654     0.00000625     0.79333136
    0.0812738193        0.00093007     0.00000657     0.81301012
    0.0822970629        0.00095422     0.00000691     0.83316581
    0.0833331773        0.00097901     0.00000726     0.85380942
    0.0843823245        0.00100446     0.00000763     0.87495216
    0.0854446683        0.00103058     0.00000802     0.89660549
    0.0865203747        0.00105741     0.00000844     0.91878107
    0.0876096119        0.00108494     0.00000887     0.94149081
    0.0887125500        0.00111322     0.00000932     0.96474687
    0.0898293613        0.00114225     0.00000980     0.98856161
    0.0909602204        0.00117206     0.00001030     1.01294768
    0.0921053039        0.00120267     0.00001083     1.03791794
    0.0932647908        0.00123410     0.00001139     1.06348550
    0.0944388623        0.00126638     0.00001197     1.08966373
    0.0956277017        0.00129952     0.00001259     1.11646624
    0.0968314950        0.00133356     0.00001323     1.14390691
    0.0980504301        0.00136852     0.00001391     1.17199986
    0.0992846974        0.00140443     0.00001462     1.20075947
    0.1005344900        0.00144131     0.00001537     1.23020038
    0.1018000030        0.00147919     0.00001616     1.26033750
    0.1030814343        0.00151809     0.00001699     1.29118599
    0.1043789839        0.00155806     0.00001786     1.32276127
    0.1056928547        0.00159912     0.00001877     1.35507903
    0.1070232520        0.00164130     0.00001973     1.38815523
    0.1083703836        0.00168463     0.00002075     1.42200608
    0.1097344600        0.00172915     0.00002181     1.45664807
    0.1111156944        0.00177489     0.00002293     1.49209795
    0.1125143026        0.00182189     0.00002410     1.52837272
    0.1139305031        0.00187019     0.00002534     1.56548965
    0.1153645172        0.00191982     0.00002663     1.60346628
    0.1168165690        0.00197082     0.00002800     1.64232041
    0.1182868854        0.00202323     0.00002943     1.68207009
    0.1197756961        0.00207710     0.00003094     1.72273362
    0.1212832337        0.00213247     0.00003252     1.76432956
    0.1228097338        0.00218939     0.00003419     1.80687672
    0.1243554349        0.00224789     0.00003594     1.85039415
    0.1259205785        0.00230804     0.00003778     1.89490114
    0.1275054092        0.00236987     0.00003972     1.94041723
    0.1291101746        0.00243344     0.00004175     1.98696215
    0.1307351255        0.00249880     0.00004389     2.03455589
    0.1323805158        0.00256601     0.00004614     2.08321865
    0.1340466025        0.00263512     0.00004850     2.13297082
    0.1357336460        0.00270620     0.00005098     2.18383300
    0.1374419099        0.00277930     0.00005359     2.23582598
    0.1391716611        0.00285448     0.00005634     2.28897072
    0.1409231699        0.00293181     0.00005922     2.34328836
    0.1426967100        0.00301137     0.00006225     2.39880020
    0.1444925585        0.00309321     0.00006544     2.45552765
    0.1463109959        0.00317741     0.00006879     2.51349229
    0.1481523065        0.00326404     0.00007231     2.57271579
    0.1500167779        0.00335318     0.00007601     2.63321991
    0.1519047015        0.00344492     0.00007990     2.69502650
    0.1538163723        0.00353933     0.00008398     2.75815749
    0.1557520889        0.00363650     0.00008828     2.82263480
    0.1577121538        0.00373652     0.00009280     2.88848042
    0.1596968733        0.00383948     0.00009754     2.95571631
    0.1617065575        0.00394548     0.00010253     3.02436440
    0.1637415204        0.00405461     0.00010778     3.09444658
    0.1658020800        0.00416699     0.00011329     3.16598464
    0.1678885582        0.00428270     0.00011908     3.23900027
    0.1700012811        0.00440188     0.00012517     3.31351503
    0.1721405788        0.00452463     0.00013157     3.38955027
    0.1743067856        0.00465106     0.00013830     3.46712718
    0.1765002398        0.00478131     0.00014537     3.54626665
    0.1787212844        0.00491550     0.00015280     3.62698934
    0.1809702662        0.00505377     0.00016061     3.70931554
    0.1832475367        0.00519625     0.00016882     3.79326521
    0.1855534518        0.00534309     0.00017744     3.87885786
    0.1878883717        0.00549444     0.00018651     3.96611258
    0.1902526613        0.00565045     0.00019604     4.05504793
    0.1926466900        0.00581128     0.00020605     4.14568190
    0.1950708319        0.00597710     0.00021658     4.23803189
    0.1975254657        0.00614809     0.00022764     4.33211461
    0.2000109750        0.00632442     0.00023927     4.42794604
    0.2025277482        0.00650628     0.00025148     4.52554138
    0.2050761785        0.00669388     0.00026432     4.62491494
    0.2076566641        0.00688741     0.00027782     4.72608014
    0.2102696082        0.00708709     0.00029200     4.82904937
    0.2129154190        0.00729313     0.00030690     4.93383397
    0.2155945101        0.00750576     0.00032256     5.04044411
    0.2183073000        0.00772524     0.00033902     5.14888875
    0.2210542127        0.00795179     0.00035632     5.25917553
    0.2238356772        0.00818569     0.00037450     5.37131069
    0.2266521282        0.00842720     0.00039360     5.48529898
    0.2295040058        0.00867660     0.00041367     5.60114358
    0.2323917557        0.00893419     0.00043476     5.71884597
    0.2353158289        0.00920027     0.00045692     5.83840588
    0.2382766825        0.00947516     0.00048021     5.95982114
    0.2412747790        0.00975919     0.00050469     6.08308762
    0.2443105869        0.01005271     0.00053041     6.20819908
    0.2473845806        0.01035607     0.00055743     6.33514708
    0.2504972404        0.01066966     0.00058582     6.46392086
    0.2536490526        0.01099386     0.00061566     6.59450721
    0.2568405097        0.01132909     0.00064701     6.72689039
    0.2600721105        0.01167577     0.00067995     6.86105195
    0.2633443597        0.01203435     0.00071455     6.99697064
    0.2666577688        0.01240529     0.00075092     7.13462226
    0.2700128554        0.01278908     0.00078913     7.27397955
    0.2734101439        0.01318622     0.00082927     7.41501204
    0.2768501649        0.01359725     0.00087144     7.55768592
    0.2803334561        0.01402272     0.00091575     7.70196388
    0.2838605617        0.01446321     0.00096231     7.84780501
    0.2874320329        0.01491932     0.00101122     7.99516463
    0.2910484276        0.01539169     0.00106260     8.14399413
    0.2947103109        0.01588096     0.00111658     8.29424088
    0.2984182551        0.01638785     0.00117329     8.44584805
    0.3021728395        0.01691305     0.00123286     8.59875445
    0.3059746507        0.01745734     0.00129544     8.75289444
    0.3098242828        0.01802150     0.00136118     8.90819773
    0.3137223374        0.01860636     0.00143024     9.06458927
    0.3176694234        0.01921277     0.00150278     9.22198911
    0.3216661577        0.01984165     0.00157898     9.38031226
    0.3257131647        0.02049395     0.00165902     9.53946856
    0.3298110767        0.02117064     0.00174309     9.69936253
    0.3339605342        0.02187278     0.00183139     9.85989328
    0.3381621854        0.02260144     0.00192414    10.02095436
    0.3424166869        0.02335777     0.00202155    10.18243367
    0.3467247034        0.02414295     0.00212385    10.34421335
    0.3510869081        0.02495824     0.00223130    10.50616965
    0.3555039826        0.02580494     0.00234415    10.66817290
    0.3599766170        0.02668443     0.00246265    10.83008739
    0.3645055102        0.02759814     0.00258710    10.99177132
    0.3690913700        0.02854758     0.00271779    11.15307672
    0.3737349127        0.02953432     0.00285503    11.31384947
    0.3784368640        0.03056003     0.00299913    11.47392918
    0.3831979586        0.03162644     0.00315045    11.63314927
    0.3880189403        0.03273537     0.00330933    11.79133694
    0.3929005626        0.03388874     0.00347616    11.94831317
    0.3978435881        0.03508853     0.00365131    12.10389280
    0.4028487892        0.03633687     0.00383520    12.25788460
    0.4079169480        0.03763595     0.00402826    12.41009132
    0.4130488563        0.03898810     0.00423093    12.56030986
    0.4182453162        0.04039573     0.00444370    12.70833134
    0.4235071394        0.04186141     0.00466704    12.85394134
    0.4288351483        0.04338781     0.00490149    12.99692003
    0.4342301752        0.04497775     0.00514758    13.13704243
    0.4396930633        0.04663417     0.00540587    13.27407866
    0.4452246660        0.04836018     0.00567697    13.40779421
    0.4508258477        0.05015903     0.00596149    13.53795027
    0.4564974835        0.05203415     0.00626008    13.66430411
    0.4622404598        0.05398912     0.00657342    13.78660942
    0.4680556739        0.05602773     0.00690224    13.90461678
    0.4739440343        0.05815393     0.00724726    14.01807410
    0.4799064612        0.06037190     0.00760928    14.12672716
    0.4859438862        0.06268600     0.00798911    14.23032011
    0.4920572526        0.06510084     0.00838760    14.32859606
    0.4982475157        0.06762124     0.00880565    14.42129773
    0.5045156428        0.07025228     0.00924418    14.50816810
    0.5108626131        0.07299930     0.00970417    14.58895108
    0.5172894186        0.07586789     0.01018665    14.66339232
    0.5237970633        0.07886395     0.01069268    14.73123991
    0.5303865641        0.08199365     0.01122337    14.79224525
    0.5370589506        0.08526350     0.01177988    14.84616389
    0.5438152654        0.08868032     0.01236342    14.89275641
    0.5506565642        0.09225128     0.01297527    14.93178935
    0.5575839159        0.09598392     0.01361674    14.96303617
    0.5645984030        0.09988614     0.01428922    14.98627819
    0.5717011214        0.10396624     0.01499413    15.00130564
    0.5788931811        0.10823295     0.01573299    15.00791865
    0.5861757057        0.11269542     0.01650734    15.00592831
    0.5935498333        0.11736324     0.01731883    14.99515772
    0.6010167159        0.12224650     0.01816915    14.97544305
    0.6085775203        0.12735575     0.01906007    14.94663460
    0.6162334280        0.13270210     0.01999341    14.90859786
    0.6239856351        0.13829713     0.02097110    14.86121458
    0.6318353530        0.14415304     0.02199513    14.80438379
    0.6397838082        0.15028255     0.02306756    14.73802283
    0.6478322426        0.15669900     0.02419054    14.66206831
    0.6559819139        0.16341636     0.02536629    14.57647709
    0.6642340954        0.17044922     0.02659715    14.48122718
    0.6725900766        0.17781281     0.02788549    14.37631857
    0.6810511631        0.18552307     0.02923382    14.26177404
    0.6896186770        0.19359660     0.03064471    14.13763990
    0.6982939569        0.20205071     0.03212082    14.00398661
    0.7070783584        0.21090343     0.03366492    13.86090934
    0.7159732541        0.22017352     0.03527986    13.70852846
    0.7249800338        0.22988047     0.03696858    13.54698989
    0.7341001049        0.24004450     0.03873412    13.37646539
    0.7433348923        0.25068658     0.04057961    13.19715263
    0.7526858390        0.26182839     0.04250827    13.00927529
    0.7621544062        0.27349233     0.04452342    12.81308287
    0.7717420732        0.28570151     0.04662846    12.60885053
    0.7814503383        0.29847969     0.04882688    12.39687859
    0.7912807184        0.31185126     0.05112226    12.17749210
    0.8012347493        0.32584122     0.05351827    11.95104009
    0.8113139866        0.34047506     0.05601862    11.71789476
    0.8215200051        0.35577876     0.05862714    11.47845050
    0.8318543995        0.37177865     0.06134770    11.23312275
    0.8423187846        0.38850135     0.06418423    10.98234672
    0.8529147954        0.40597361     0.06714071    10.72657596
    0.8636440876        0.42422222     0.07022117    10.46628079
    0.8745083377        0.44327382     0.07342965    10.20194659
    0.8855092433        0.46315475     0.07677024     9.93407198
    0.8966485232        0.48389080     0.08024700     9.66316686
    0.9079279180        0.50550707     0.08386399     9.38975035
    0.9193491902        0.52802761     0.08762524     9.11434865
    0.9309141242        0.55147523     0.09153473     8.83749279
    0.9426245272        0.57587116     0.09559637     8.55971631
    0.9544822290        0.60123470     0.09981397     8.28155293
    0.9664890823        0.62758287     0.10419121     8.00353415
    0.9786469632        0.65493004     0.10873163     7.72618684
    0.9909577714        0.68328747     0.11343859     7.45003083
    1.0034234305        0.71266288     0.11831522     7.17557650
    1.0160458883        0.74306002     0.12336440     6.90332251
    1.0288271171        0.77447813     0.12858872     6.63375341
    1.0417691139        0.80691146     0.13399045     6.36733753
    1.0548739011        0.84034879     0.13957144     6.10452481
    1.0681435261        0.87477288     0.14533315     5.84574485
    1.0815800625        0.91015998     0.15127655     5.59140502
    1.0951856097        0.94647937     0.15740207     5.34188882
    1.1089622937        0.98369286     0.16370955     5.09755427
    1.1229122670        1.02175437     0.17019821     4.85873263
    1.1370377093        1.06060963     0.17686654     4.62572722
    1.1513408279        1.10019577     0.18371227     4.39881243
    1.1658238575        1.14044119     0.19073233     4.17823304
    1.1804890612        1.18126539     0.19792272     3.96420365
    1.1953387305        1.22257897     0.20527852     3.75690840
    1.2103751856        1.26428370     0.21279381     3.55650087
    1.2256007760        1.30627285     0.22046156     3.36310421
    1.2410178808        1.34843148     0.22827366     3.17681153
    1.2566289089        1.39063706     0.23622081     2.99768639
    1.2724362995        1.43276017     0.24429248     2.82576362
    1.2884425227        1.47466533     0.25247689     2.66105023
    1.3046500793        1.51621208     0.26076098     2.50352651
    1.3210615019        1.55725613     0.26913036     2.35314737
    1.3376793548        1.59765068     0.27756932     2.20984370
    1.3545062346        1.63724784     0.28606083     2.07352395
    1.3715447704        1.67590013     0.29458655     1.94407575
    1.3887976247        1.71346210     0.30312687     1.82136769
    1.4062674931        1.74979183     0.31166096     1.70523253
    1.4239571054        1.78475260     0.32016679     1.59541931
    1.4418692257        1.81821427     0.32862130     1.49166129
    1.4600066527        1.85005476     0.33700043     1.39369671
    1.4783722204        1.88016122     0.34527927     1.30126940
    1.4969687986        1.90843110     0.35343222     1.21412924
    1.5157992929        1.93477286     0.36143314     1.13203253
    1.5348666457        1.95910659     0.36925553     1.05474240
    1.5541738362        1.98136413     0.37687275     0.98202899
    1.5737238813        2.00148906     0.38425824     0.91366968
    1.5935198357        2.01943626     0.39138574     0.84944922
    1.6135647925        2.03517129     0.39822954     0.78915982
    1.6338618839        2.04866939     0.40476473     0.73260113
    1.6544142812        2.05991445     0.41096745     0.67958029
    1.6752251959        2.06889771     0.41681515     0.62991187
    1.6962978797        2.07561655     0.42228682     0.58341774
    1.7176356252        2.08007337     0.42736322     0.53992703
    1.7392417665        2.08227479     0.43202708     0.49927597
    1.7611196796        2.08223132     0.43626329     0.46130776
    1.7832727829        2.07995781     0.44005906     0.42587241
    1.8057045380        2.07547483     0.44340397     0.39282654
    1.8284184499        2.06881061     0.44629011     0.36203328
    1.8514180675        2.06000176     0.44871203     0.33336199
    1.8747069848        2.04909257     0.45066676     0.30668814
    1.8982888406        2.03613495     0.45215367     0.28189312
    1.9221673196        2.02118779     0.45317436     0.25886397
    1.9463461529        2.00431638     0.45373246     0.23749329
    1.9708291184        1.98559162     0.45383338     0.21767897
    1.9956200418        1.96508926     0.45348403     0.19932403
    2.0207227966        1.94288896     0.45269255     0.18233643
    2.0461413052        1.91907342     0.45146794     0.16662887
    2.0718795393        1.89372744     0.44981978     0.15211862
    2.0979415205        1.86693708     0.44775797     0.13872733
    2.1243313210        1.83878896     0.44529248     0.12638087
    2.1510530644        1.80936973     0.44243331     0.11500913
    2.1781109260        1.77876588     0.43919046     0.10454586
    2.2055091335        1.74706391     0.43557426     0.09492854
    2.2332519681        1.71435080     0.43159566     0.08609817
    2.2613437646        1.68071397     0.42726639     0.07799917
    2.2897889124        1.64624085     0.42259885     0.07057917
    2.3185918560        1.61101864     0.41760606     0.06378891
    2.3477570962        1.57513402     0.41230166     0.05758209
    2.3772891898        1.53867281     0.40669985     0.05191523
    2.4071927515        1.50171974     0.40081527     0.04674751
    2.4374724537        1.46435815     0.39466304     0.04204071
    2.4681330277        1.42666977     0.38825865     0.03775902
    2.4991792642        1.38873447     0.38161788     0.03386895
    2.5306160142        1.35063007     0.37475684     0.03033921
    2.5624481900        1.31243209     0.36769181     0.02714061
    2.5946807652        1.27421367     0.36043924     0.02424593
    2.6273187762        1.23604525     0.35301571     0.02162982
    2.6603673230        1.19799462     0.34543784     0.01926873
    2.6938315692        1.16012676     0.33772227     0.01714077
    2.7277167439        1.12250365     0.32988562     0.01522564
    2.7620281416        1.08518411     0.32194437     0.01350454
    2.7967711235        1.04822380     0.31391485     0.01196007
    2.8319511184        1.01167514     0.30581320     0.01057617
    2.8675736231        0.97558727     0.29765529     0.00933802
    2.9036442038        0.94000605     0.28945675     0.00823197
    2.9401684965        0.90497403     0.28123284     0.00724545
    2.9771522083        0.87053045     0.27299847     0.00636695
    3.0146011179        0.83671128     0.26476817     0.00558588
    3.0525210768        0.80354924     0.25655601     0.00489257
    3.0909180100        0.77107382     0.24837560     0.00427818
    3.1297979172        0.73931137     0.24024005     0.00373462
    3.1691668735        0.70828511     0.23216196     0.00325456
    3.2090310302        0.67801525     0.22415335     0.00283129
    3.2493966164        0.64851903     0.21622570     0.00245876
    3.2902699390        0.61981083     0.20838987     0.00213145
    3.3316573848        0.59190227     0.20065612     0.00184440
    3.3735654206        0.56480229     0.19303410     0.00159310
    3.4160005946        0.53851727     0.18553280     0.00137351
    3.4589695374        0.51305114     0.17816058     0.00118198
    3.5024789629        0.48840551     0.17092516     0.00101524
    3.5465356696        0.46457975     0.16383359     0.00087035
    3.5911465415        0.44157117     0.15689226     0.00074471
    3.6363185490        0.41937511     0.15010695     0.00063595
    3.6820587505        0.39798507     0.14348277     0.00054201
    3.7283742929        0.37739286     0.13702418     0.00046102
    3.7752724131        0.35758870     0.13073505     0.00039134
    3.8227604390        0.33856136     0.12461863     0.00033151
    3.8708457907        0.32029830     0.11867755     0.00028024
    3.9195359817        0.30278578     0.11291389     0.00023641
    3.9688386200        0.28600900     0.10732916     0.00019901
    4.0187614090        0.26995219     0.10192435     0.00016717
    4.0693121495        0.25459877     0.09669991     0.00014012
    4.1204987400        0.23993144     0.09165582     0.00011719
    4.1723291785        0.22593226     0.08679159     0.00009779
    4.2248115637        0.21258282     0.08210629     0.00008142
    4.2779540960        0.19986430     0.07759858     0.00006764
    4.3317650791        0.18775755     0.07326675     0.00005606
    4.3862529211        0.17624323     0.06910871     0.00004635
    4.4414261357        0.16530184     0.06512205     0.00003824
    4.4972933440        0.15491383     0.06130408     0.00003147
    4.5538632752        0.14505966     0.05765180     0.00002584
    4.6111447685        0.13571987     0.05416199     0.00002116
    4.6691467743        0.12687515     0.05083120     0.00001729
    4.7278783556        0.11850636     0.04765579     0.00001409
    4.7873486892        0.11059463     0.04463194     0.00001145
    4.8475670675        0.10312135     0.04175568     0.00000928
    4.9085428998        0.09606827     0.03902294     0.00000751
    4.9702857136        0.08941746     0.03642951     0.00000605
    5.0328051564        0.08315141     0.03397112     0.00000487
    5.0961109970        0.07725300     0.03164344     0.00000391
    5.1602131270        0.07170555     0.02944208     0.00000313
    5.2251215626        0.06649282     0.02736263     0.00000249
    5.2908464457        0.06159904     0.02540067     0.00000198
    5.3573980462        0.05700890     0.02355176     0.00000157
    5.4247867627        0.05270757     0.02181150     0.00000124
    5.4930231249        0.04868070     0.02017550     0.00000098
    5.5621177949        0.04491440     0.01863942     0.00000077
    5.6320815689        0.04139529     0.01719896     0.00000061
    5.7029253788        0.03811044     0.01584989     0.00000047
    5.7746602941        0.03504739     0.01458803     0.00000037
    5.8472975236        0.03219416     0.01340928     0.00000029
    5.9208484170        0.02953923     0.01230963     0.00000022
    5.9953244667        0.02707151     0.01128515     0.00000017
    6.0707373098        0.02478037     0.01033199     0.00000013
    6.1470987297        0.02265561     0.00944643     0.00000010
    6.2244206580        0.02068745     0.00862482     0.00000008
    6.3027151764        0.01886653     0.00786362     0.00000006
    6.3819945186        0.01718390     0.00715942     0.00000004
    6.4622710722        0.01563099     0.00650891     0.00000003
    6.5435573806        0.01419962     0.00590888     0.00000003
    6.6258661448        0.01288202     0.00535625     0.00000002
    6.7092102258        0.01167073     0.00484806     0.00000001
    6.7936026463        0.01055871     0.00438145     0.00000001
    6.8790565928        0.00953921     0.00395370     0.00000001
    6.9655854176        0.00860586     0.00356219     0.00000001
    7.0532026411        0.00775259     0.00320444     0.00000000
    7.1419219535        0.00697368     0.00287805     0.00000000
    7.2317572175        0.00626370     0.00258078     0.00000000
    7.3227224701        0.00561753     0.00231047     0.00000000
    7.4148319246        0.00503032     0.00206510     0.00000000
    7.5080999735        0.00449752     0.00184275     0.00000000
    7.6025411900        0.00401486     0.00164159     0.00000000
    7.6981703307        0.00357832     0.00145994     0.00000000
    7.7950023380        0.00318412     0.00129617     0.00000000
    7.8930523420        0.00282875     0.00114881     0.00000000
    7.9923356632        0.00250892     0.00101643     0.00000000
    8.0928678148        0.00222155     0.00089773     0.00000000
    8.1946645053        0.00196379     0.00079150     0.00000000
    8.2977416405        0.00173298     0.00069659     0.00000000
    8.4021153264        0.00152668     0.00061196     0.00000000
    8.5078018717        0.00134260     0.00053663     0.00000000
    8.6148177901        0.00117864     0.00046971     0.00000000
    8.7231798030        0.00103287     0.00041038     0.00000000
    8.8329048422        0.00090351     0.00035787     0.00000000
    8.9440100526        0.00078891     0.00031149     0.00000000
    9.0565127944        0.00068759     0.00027061     0.00000000
    9.1704306465        0.00059818     0.00023464     0.00000000
    9.2857814088        0.00051941     0.00020306     0.00000000
    9.4025831051        0.00045017     0.00017538     0.00000000
    9.5208539859        0.00038941     0.00015118     0.00000000
    9.6406125312        0.00033621     0.00013005     0.00000000
    9.7618774535        0.00028970     0.00011166     0.00000000
    9.8846677008        0.00024914     0.00009567     0.00000000
   10.0090024593        0.00021383     0.00008180     0.00000000
   10.1349011565        0.00018316     0.00006979     0.00000000
   10.2623834644        0.00015657     0.00005943     0.00000000
   10.3914693023        0.00013356     0.00005049     0.00000000
   10.5221788402        0.00011370     0.00004281     0.00000000
   10.6545325017        0.00009659     0.00003622     0.00000000
   10.7885509672        0.00008188     0.00003058     0.00000000
   10.9242551776        0.00006926     0.00002576     0.00000000
   11.0616663368        0.00005846     0.00002165     0.00000000
   11.2008059156        0.00004924     0.00001815     0.00000000
   11.3416956548        0.00004138     0.00001519     0.00000000
   11.4843575688        0.00003470     0.00001268     0.00000000
   11.6288139488        0.00002903     0.00001056     0.00000000
   11.7750873663        0.00002423     0.00000877     0.00000000
   11.9232006769        0.00002018     0.00000727     0.00000000
   12.0731770237        0.00001676     0.00000601     0.00000000
   12.2250398406        0.00001389     0.00000496     0.00000000
   12.3788128567        0.00001149     0.00000408     0.00000000
   12.5345200991        0.00000948     0.00000335     0.00000000
   12.6921858976        0.00000780     0.00000274     0.00000000
   12.8518348877        0.00000640     0.00000224     0.00000000
   13.0134920148        0.00000524     0.00000182     0.00000000
   13.1771825383        0.00000428     0.00000148     0.00000000
   13.3429320351        0.00000349     0.00000120     0.00000000
   13.5107664039        0.00000283     0.00000097     0.00000000
   13.6807118693        0.00000230     0.00000078     0.00000000
   13.8527949854        0.00000186     0.00000063     0.00000000
   14.0270426406        0.00000150     0.00000050     0.00000000
   14.2034820615        0.00000120     0.00000040     0.00000000
   14.3821408172        0.00000097     0.00000032     0.00000000
   14.5630468233        0.00000077     0.00000026     0.00000000
   14.7462283469        0.00000062     0.00000020     0.00000000
   14.9317140103        0.00000049     0.00000016     0.00000000
   15.1195327962        0.00000039     0.00000013     0.00000000
   15.3097140517        0.00000031     0.00000010     0.00000000
   15.5022874928        0.00000024     0.00000008     0.00000000
   15.6972832096        0.00000019     0.00000006     0.00000000
   15.8947316706        0.00000015     0.00000005     0.00000000
   16.0946637274        0.00000012     0.00000004     0.00000000
   16.2971106200        0.00000009     0.00000003     0.00000000
   16.5021039810        0.00000007     0.00000002     0.00000000
   16.7096758411        0.00000005     0.00000002     0.00000000
   16.9198586337        0.00000004     0.00000001     0.00000000
   17.1326852004        0.00000003     0.00000001     0.00000000
   17.3481887958        0.00000002     0.00000001     0.00000000
   17.5664030927        0.00000002     0.00000001     0.00000000
   17.7873621876        0.00000001     0.00000000     0.00000000
   18.0111006057        0.00000001     0.00000000     0.00000000
   18.2376533067        0.00000001     0.00000000     0.00000000
   18.4670556898        0.00000001     0.00000000     0.00000000
   18.6993435997        0.00000000     0.00000000     0.00000000
   18.9345533318        0.00000000     0.00000000     0.00000000
   19.1727216382        0.00000000     0.00000000     0.00000000
   19.4138857330        0.00000000     0.00000000     0.00000000
   19.6580832987        0.00000000     0.00000000     0.00000000
   19.9053524917        0.00000000     0.00000000     0.00000000
   20.1557319482        0.00000000     0.00000000     0.00000000
   20.4092607906        0.00000000     0.00000000     0.00000000
   20.6659786333        0.00000000     0.00000000     0.00000000
   20.9259255889        0.00000000     0.00000000     0.00000000
   21.1891422747        0.00000000     0.00000000     0.00000000
   21.4556698188        0.00000000     0.00000000     0.00000000
   21.7255498667        0.00000000     0.00000000     0.00000000
   21.9988245877        0.00000000     0.00000000     0.00000000
   22.2755366815        0.00000000     0.00000000     0.00000000
   22.5557293850        0.00000000     0.00000000     0.00000000
   22.8394464789        0.00000000     0.00000000     0.00000000
   23.1267322944        0.00000000     0.00000000     0.00000000
   23.4176317207        0.00000000     0.00000000     0.00000000
   23.7121902113        0.00000000     0.00000000     0.00000000
   24.0104537916        0.00000000     0.00000000     0.00000000
   24.3124690659        0.00000000     0.00000000     0.00000000
   24.6182832247        0.00000000     0.00000000     0.00000000
   24.9279440521        0.00000000     0.00000000     0.00000000
   25.2414999332        0.00000000     0.00000000     0.00000000
   25.5589998617        0.00000000     0.00000000     0.00000000
   25.8804934477        0.00000000     0.00000000     0.00000000
   26.2060309252        0.00000000     0.00000000     0.00000000
   26.5356631601        0.00000000     0.00000000     0.00000000
   26.8694416580        0.00000000     0.00000000     0.00000000
   27.2074185727        0.00000000     0.00000000     0.00000000
   27.5496467136        0.00000000     0.00000000     0.00000000
   27.8961795545        0.00000000     0.00000000     0.00000000
   28.2470712420        0.00000000     0.00000000     0.00000000
   28.6023766036        0.00000000     0.00000000     0.00000000
   28.9621511565        0.00000000     0.00000000     0.00000000
   29.3264511161        0.00000000     0.00000000     0.00000000
   29.6953334052        0.00000000     0.00000000     0.00000000
   30.0688556622        0.00000000     0.00000000     0.00000000
   30.4470762509        0.00000000     0.00000000     0.00000000
   30.8300542688        0.00000000     0.00000000     0.00000000
   31.2178495573        0.00000000     0.00000000     0.00000000
   31.6105227099        0.00000000     0.00000000     0.00000000
   32.0081350828        0.00000000     0.00000000     0.00000000
   32.4107488037        0.00000000     0.00000000     0.00000000
   32.8184267817        0.00000000     0.00000000     0.00000000
   33.2312327175        0.00000000     0.00000000     0.00000000
   33.6492311126        0.00000000     0.00000000     0.00000000
   34.0724872804        0.00000000     0.00000000     0.00000000
   34.5010673553        0.00000000     0.00000000     0.00000000
   34.9350383040        0.00000000     0.00000000     0.00000000
   35.3744679352        0.00000000     0.00000000     0.00000000
   35.8194249107        0.00000000     0.00000000     0.00000000
   36.2699787559        0.00000000     0.00000000     0.00000000
   36.7261998709        0.00000000     0.00000000     0.00000000
   37.1881595411        0.00000000     0.00000000     0.00000000
   37.6559299486        0.00000000     0.00000000     0.00000000
   38.1295841835        0.00000000     0.00000000     0.00000000
   38.6091962552        0.00000000     0.00000000     0.00000000
   39.0948411041        0.00000000     0.00000000     0.00000000
   39.5865946133        0.00000000     0.00000000     0.00000000
   40.0845336201        0.00000000     0.00000000     0.00000000
   40.5887359286        0.00000000     0.00000000     0.00000000
   41.0992803213        0.00000000     0.00000000     0.00000000
   41.6162465720        0.00000000     0.00000000     0.00000000
   42.1397154577        0.00000000     0.00000000     0.00000000
   42.6697687713        0.00000000     0.00000000     0.00000000
   43.2064893348        0.00000000     0.00000000     0.00000000
   43.7499610120        0.00000000     0.00000000     0.00000000
   44.3002687213        0.00000000     0.00000000     0.00000000
   44.8574984495        0.00000000     0.00000000     0.00000000
   45.4217372648        0.00000000     0.00000000     0.00000000
   45.9930733307        0.00000000     0.00000000     0.00000000
   46.5715959196        0.00000000     0.00000000     0.00000000
   47.1573954268        0.00000000     0.00000000     0.00000000
   47.7505633848        0.00000000     0.00000000     0.00000000
   48.3511924772        0.00000000     0.00000000     0.00000000
   48.9593765535        0.00000000     0.00000000     0.00000000
   49.5752106438        0.00000000     0.00000000     0.00000000
   50.1987909733        0.00000000     0.00000000     0.00000000
   50.8302149777        0.00000000     0.00000000     0.00000000
   51.4695813184        0.00000000     0.00000000     0.00000000
   52.1169898977        0.00000000     0.00000000     0.00000000
   52.7725418744        0.00000000     0.00000000     0.00000000
   53.4363396798        0.00000000     0.00000000     0.00000000
   54.1084870338        0.00000000     0.00000000     0.00000000
   54.7890889607        0.00000000     0.00000000     0.00000000
   55.4782518060        0.00000000     0.00000000     0.00000000
   56.1760832527        0.00000000     0.00000000     0.00000000
   56.8826923385        0.00000000     0.00000000     0.00000000
   57.5981894723        0.00000000     0.00000000     0.00000000
   58.3226864523        0.00000000     0.00000000     0.00000000
   59.0562964823        0.00000000     0.00000000     0.00000000
   59.7991341906        0.00000000     0.00000000     0.00000000
   60.5513156470        0.00000000     0.00000000     0.00000000
   61.3129583814        0.00000000     0.00000000     0.00000000
   62.0841814021        0.00000000     0.00000000     0.00000000
   62.8651052141        0.00000000     0.00000000     0.00000000
   63.6558518384        0.00000000     0.00000000     0.00000000
   64.4565448309        0.00000000     0.00000000     0.00000000
   65.2673093013        0.00000000     0.00000000     0.00000000
   66.0882719334        0.00000000     0.00000000     0.00000000
   66.9195610041        0.00000000     0.00000000     0.00000000
   67.7613064041        0.00000000     0.00000000     0.00000000
   68.6136396579        0.00000000     0.00000000     0.00000000
   69.4766939441        0.00000000     0.00000000     0.00000000
   70.3506041169        0.00000000     0.00000000     0.00000000
   71.2355067265        0.00000000     0.00000000     0.00000000
   72.1315400406        0.00000000     0.00000000     0.00000000
   73.0388440664        0.00000000     0.00000000     0.00000000
   73.9575605719        0.00000000     0.00000000     0.00000000
   74.8878331084        0.00000000     0.00000000     0.00000000
   75.8298070330        0.00000000     0.00000000     0.00000000
   76.7836295309        0.00000000     0.00000000     0.00000000
   77.7494496389        0.00000000     0.00000000     0.00000000
   78.7274182683        0.00000000     0.00000000     0.00000000
   79.7176882287        0.00000000     0.00000000     0.00000000
   80.7204142518        0.00000000     0.00000000     0.00000000
   81.7357530156        0.00000000     0.00000000     0.00000000
   82.7638631689        0.00000000     0.00000000     0.00000000
   83.8049053559        0.00000000     0.00000000     0.00000000
   84.8590422416        0.00000000     0.00000000     0.00000000
   85.9264385370        0.00000000     0.00000000     0.00000000
   87.0072610251        0.00000000     0.00000000     0.00000000
   88.1016785864        0.00000000     0.00000000     0.00000000
   89.2098622259        0.00000000     0.00000000     0.00000000
   90.3319850997        0.00000000     0.00000000     0.00000000
   91.4682225416        0.00000000     0.00000000     0.00000000
   92.6187520912        0.00000000     0.00000000     0.00000000
   93.7837535210        0.00000000     0.00000000     0.00000000
   94.9634088647        0.00000000     0.00000000     0.00000000
   96.1579024461        0.00000000     0.00000000     0.00000000
   97.3674209071        0.00000000     0.00000000     0.00000000
   98.5921532374        0.00000000     0.00000000     0.00000000
   99.8322908040        0.00000000     0.00000000     0.00000000
  101.0880273809        0.00000000     0.00000000     0.00000000
  102.3595591794        0.00000000     0.00000000     0.00000000
  103.6470848791        0.00000000     0.00000000     0.00000000
  104.9508056584        0.00000000     0.00000000     0.00000000
  106.2709252263        0.00000000     0.00000000     0.00000000
  107.6076498543        0.00000000     0.00000000     0.00000000
  108.9611884082        0.00000000     0.00000000     0.00000000
  110.3317523812        0.00000000     0.00000000     0.00000000
  111.7195559268        0.00000000     0.00000000     0.00000000
  113.1248158919        0.00000000     0.00000000     0.00000000
  114.5477518515        0.00000000     0.00000000     0.00000000
  115.9885861421        0.00000000     0.00000000     0.00000000
  117.4475438969        0.00000000     0.00000000     0.00000000
  118.9248530812        0.00000000     0.00000000     0.00000000
