    -3.062774       1.249215      -1.062774
    -2.982774       1.212981      -1.062774
    -2.902774       1.175587      -1.062774
    -2.822774       1.136939      -1.062774
    -2.742774       1.096927      -1.062774
    -2.662774       1.055432      -1.062774
    -2.582774       1.012317      -1.062774
    -2.502774       0.967425      -1.062774
    -2.422774       0.920581      -1.062774
    -2.342774       0.871580      -1.062774
    -2.262774       0.820188      -1.062774
    -2.182774       0.766133      -1.062774
    -2.102774       0.709098      -1.062774
    -2.022774       0.648712      -1.062774
    -1.942774       0.584535      -1.062774
    -1.862774       0.516045      -1.062774
    -1.782774       0.442613      -1.062774
    -1.702774       0.363480      -1.062774
    -1.622774       0.277716      -1.062774
    -1.542774       0.184171      -1.062774
    -1.462774       0.081408      -1.062774
    -1.382774      -0.032399      -1.062774
    -1.302774      -0.159601      -1.062774
    -1.222774      -0.303281      -1.062774
    -1.142774      -0.467558      -1.062774
    -1.062774      -0.658074      -1.062774
    -0.982774      -0.882758      -1.062774
    -0.902774      -1.153127      -1.062774
    -0.822774      -1.486566      -1.062774
    -0.742774      -1.910620      -1.062774
    -0.662774      -2.471702      -1.062774
    -0.582774      -3.254549      -1.062774
    -0.502774      -4.432154      -1.062774
    -0.422774      -6.421009      -1.062774
    -0.342774     -10.542458      -1.062774
    -0.262774     -24.400412      -1.062774
    -0.182774     135.989492      -1.062774
    -0.102774      19.501577      -1.062774
    -0.022774      10.909440      -1.062774
     0.057226       7.739733      -1.062774
     0.137226       6.080569      -1.062774
     0.217226       5.053299      -1.062774
     0.297226       4.349915      -1.062774
     0.377226       3.834499      -1.062774
     0.457226       3.437770      -1.062774
     0.537226       3.120693      -1.062774
     0.617226       2.859600      -1.062774
     0.697226       2.639298      -1.062774
     0.777226       2.449583      -1.062774
     0.857226       2.283354      -1.062774
     0.937226       2.135503      -1.062774
