    -2.000000       1.780109       0.000000
    -1.920000       1.758550       0.000000
    -1.840000       1.736766       0.000000
    -1.760000       1.714750       0.000000
    -1.680000       1.692495       0.000000
    -1.600000       1.669995       0.000000
    -1.520000       1.647243       0.000000
    -1.440000       1.624232       0.000000
    -1.360000       1.600952       0.000000
    -1.280000       1.577396       0.000000
    -1.200000       1.553556       0.000000
    -1.120000       1.529423       0.000000
    -1.040000       1.504987       0.000000
    -0.960000       1.480238       0.000000
    -0.880000       1.455166       0.000000
    -0.800000       1.429759       0.000000
    -0.720000       1.404008       0.000000
    -0.640000       1.377898       0.000000
    -0.560000       1.351419       0.000000
    -0.480000       1.324556       0.000000
    -0.400000       1.297296       0.000000
    -0.320000       1.269623       0.000000
    -0.240000       1.241522       0.000000
    -0.160000       1.212977       0.000000
    -0.080000       1.183970       0.000000
     0.000000       1.154482       0.000000
     0.080000       1.124494       0.000000
     0.160000       1.093985       0.000000
     0.240000       1.062933       0.000000
     0.320000       1.031314       0.000000
     0.400000       0.999104       0.000000
     0.480000       0.966276       0.000000
     0.560000       0.932802       0.000000
     0.640000       0.898650       0.000000
     0.720000       0.863790       0.000000
     0.800000       0.828186       0.000000
     0.880000       0.791802       0.000000
     0.960000       0.754597       0.000000
     1.040000       0.716529       0.000000
     1.120000       0.677552       0.000000
     1.200000       0.637617       0.000000
     1.280000       0.596670       0.000000
     1.360000       0.554653       0.000000
     1.440000       0.511505       0.000000
     1.520000       0.467156       0.000000
     1.600000       0.421534       0.000000
     1.680000       0.374560       0.000000
     1.760000       0.326144       0.000000
     1.840000       0.276193       0.000000
     1.920000       0.224602       0.000000
     2.000000       0.171256       0.000000
