    -2.000000       1.448725       0.000000
    -1.920000       1.422217       0.000000
    -1.840000       1.395289       0.000000
    -1.760000       1.367924       0.000000
    -1.680000       1.340102       0.000000
    -1.600000       1.311802       0.000000
    -1.520000       1.283004       0.000000
    -1.440000       1.253684       0.000000
    -1.360000       1.223817       0.000000
    -1.280000       1.193377       0.000000
    -1.200000       1.162335       0.000000
    -1.120000       1.130661       0.000000
    -1.040000       1.098321       0.000000
    -0.960000       1.065281       0.000000
    -0.880000       1.031500       0.000000
    -0.800000       0.996938       0.000000
    -0.720000       0.961551       0.000000
    -0.640000       0.925287       0.000000
    -0.560000       0.888095       0.000000
    -0.480000       0.849916       0.000000
    -0.400000       0.810686       0.000000
    -0.320000       0.770336       0.000000
    -0.240000       0.728789       0.000000
    -0.160000       0.685961       0.000000
    -0.080000       0.641758       0.000000
     0.000000       0.596079       0.000000
     0.080000       0.548809       0.000000
     0.160000       0.499820       0.000000
     0.240000       0.448972       0.000000
     0.320000       0.396105       0.000000
     0.400000       0.341041       0.000000
     0.480000       0.283580       0.000000
     0.560000       0.223491       0.000000
     0.640000       0.160518       0.000000
     0.720000       0.094362       0.000000
     0.800000       0.024684       0.000000
     0.880000      -0.048908       0.000000
     0.960000      -0.126871       0.000000
     1.040000      -0.209733       0.000000
     1.120000      -0.298120       0.000000
     1.200000      -0.392771       0.000000
     1.280000      -0.494564       0.000000
     1.360000      -0.604556       0.000000
     1.440000      -0.724029       0.000000
     1.520000      -0.854549       0.000000
     1.600000      -0.998057       0.000000
     1.680000      -1.156986       0.000000
     1.760000      -1.334426       0.000000
     1.840000      -1.534361       0.000000
     1.920000      -1.762019       0.000000
     2.000000      -2.024414       0.000000
