    -2.375444       1.192650      -0.375444
    -2.295444       1.158136      -0.375444
    -2.215444       1.122706      -0.375444
    -2.135444       1.086298      -0.375444
    -2.055444       1.048843      -0.375444
    -1.975444       1.010268      -0.375444
    -1.895444       0.970488      -0.375444
    -1.815444       0.929411      -0.375444
    -1.735444       0.886935      -0.375444
    -1.655444       0.842944      -0.375444
    -1.575444       0.797310      -0.375444
    -1.495444       0.749889      -0.375444
    -1.415444       0.700516      -0.375444
    -1.335444       0.649008      -0.375444
    -1.255444       0.595152      -0.375444
    -1.175444       0.538708      -0.375444
    -1.095444       0.479398      -0.375444
    -1.015444       0.416903      -0.375444
    -0.935444       0.350851      -0.375444
    -0.855444       0.280805      -0.375444
    -0.775444       0.206256      -0.375444
    -0.695444       0.126596      -0.375444
    -0.615444       0.041102      -0.375444
    -0.535444      -0.051100      -0.375444
    -0.455444      -0.151069      -0.375444
    -0.375444      -0.260109      -0.375444
    -0.295444      -0.379836      -0.375444
    -0.215444      -0.512286      -0.375444
    -0.135444      -0.660055      -0.375444
    -0.055444      -0.826512      -0.375444
     0.024556      -1.016102      -0.375444
     0.104556      -1.234823      -0.375444
     0.184556      -1.490961      -0.375444
     0.264556      -1.796310      -0.375444
     0.344556      -2.168233      -0.375444
     0.424556      -2.633401      -0.375444
     0.504556      -3.235011      -0.375444
     0.584556      -4.047896      -0.375444
     0.664556      -5.214044      -0.375444
     0.744556      -7.039677      -0.375444
     0.824556     -10.329403      -0.375444
     0.904556     -18.095460      -0.375444
     0.984556     -59.670141      -0.375444
     1.064556      52.004377      -0.375444
     1.144556      18.817946      -0.375444
     1.224556      11.716872      -0.375444
     1.304556       8.608405      -0.375444
     1.384556       6.855258      -0.375444
     1.464556       5.723548      -0.375444
     1.544556       4.928097      -0.375444
     1.624556       4.334962      -0.375444
