  0.0000     -5.30070    -2596618.978    
  0.0100     -5.30115    -998.8125284    
  0.0202     -5.30235    -494.1293733    
  0.0302     -5.30430    -330.8200208    
  0.0403     -5.30706    -248.0062104    
  0.0505     -5.31064    -197.9626786    
  0.0602     -5.31479    -166.1414986    
  0.0708     -5.32017    -141.1965190    
  0.0803     -5.32567    -124.5899641    
  0.0910     -5.33272    -109.9381681    
  0.1005     -5.33978    -99.46835159    
  0.1111     -5.34837    -89.99628768    
  0.1213     -5.35742    -82.45162745    
  0.1307     -5.36653    -76.49053734    
  0.1409     -5.37708    -70.96065185    
  0.1500     -5.38714    -66.65921064    
  0.1617     -5.40096    -61.84041115    
  0.1700     -5.41136    -58.82308612    
  0.1810     -5.42586    -55.25769625    
  0.1903     -5.43880    -52.56168261    
  0.2000     -5.45305    -49.99725640    
  0.2103     -5.46873    -47.55799037    
  0.2211     -5.48598    -45.23777167    
  0.2324     -5.50495    -43.03078640    
  0.2413     -5.52040    -41.44652019    
  0.2505     -5.53698    -39.92059946    
  0.2601     -5.55476    -38.45087419    
  0.2700     -5.57382    -37.03527369    
  0.2803     -5.59424    -35.67180364    
  0.2910     -5.61611    -34.35854330    
  0.3022     -5.63952    -33.09364276    
  0.3137     -5.66455    -31.87532033    
  0.3217     -5.68219    -31.08813209    
  0.3340     -5.71015    -29.94365794    
  0.3424     -5.72983    -29.20418421    
  0.3511     -5.75037    -28.48297607    
  0.3645     -5.78288    -27.43442752    
  0.3737     -5.80572    -26.75693295    
  0.3832     -5.82952    -26.09617243    
  0.3929     -5.85432    -25.45173246    
  0.4028     -5.88014    -24.82320977    
  0.4130     -5.90701    -24.21021108    
  0.4235     -5.93495    -23.61235282    
  0.4342     -5.96399    -23.02926091    
  0.4452     -5.99415    -22.46057050    
  0.4508     -6.00966    -22.18151433    
  0.4622     -6.04153    -21.63376179    
  0.4739     -6.07456    -21.09953766    
  0.4859     -6.10877    -20.57850769    
  0.4921     -6.12632    -20.32283834    
  0.5045     -6.16231    -19.82099097    
  0.5109     -6.18075    -19.57473446    
  0.5238     -6.21852    -19.09136324    
  0.5304     -6.23785    -18.85417293    
  0.5438     -6.27738    -18.38859745    
  0.5507     -6.29759    -18.16013946    
  0.5646     -6.33886    -17.71170437    
  0.5717     -6.35992    -17.49165714    
  0.5862     -6.40287    -17.05973124    
  0.5935     -6.42475    -16.84778504    
  0.6010     -6.44689    -16.63847233    
  0.6162     -6.49194    -16.22761692    
  0.6240     -6.51482    -16.02600995    
  0.6318     -6.53794    -15.82690799    
  0.6478     -6.58484    -15.43609494    
  0.6560     -6.60860    -15.24432273    
  0.6642     -6.63255    -15.05493330    
  0.6726     -6.65668    -14.86789703    
  0.6811     -6.68097    -14.68318467    
  0.6983     -6.72998    -14.32061656    
  0.7071     -6.75467    -14.14270410    
  0.7160     -6.77946    -13.96700218    
  0.7250     -6.80432    -13.79348331    
  0.7341     -6.82924    -13.62212038    
  0.7433     -6.85419    -13.45288658    
  0.7527     -6.87915    -13.28575547    
  0.7622     -6.90410    -13.12070090    
  0.7717     -6.92900    -12.95769707    
  0.7815     -6.95382    -12.79671850    
  0.7913     -6.97854    -12.63774002    
  0.8012     -7.00312    -12.48073677    
  0.8113     -7.02752    -12.32568422    
  0.8215     -7.05171    -12.17255811    
  0.8319     -7.07564    -12.02133451    
  0.8423     -7.09927    -11.87198978    
  0.8529     -7.12256    -11.72450056    
  0.8636     -7.14546    -11.57884381    
  0.8745     -7.16791    -11.43499675    
  0.8855     -7.18986    -11.29293689    
  0.8966     -7.21125    -11.15264202    
  0.9079     -7.23203    -11.01409022    
  0.9193     -7.25212    -10.87725981    
  0.9309     -7.27147    -10.74212942    
  0.9426     -7.29000    -10.60867791    
  0.9545     -7.30765    -10.47688443    
  0.9665     -7.32434    -10.34672836    
  0.9786     -7.33999    -10.21818937    
  0.9910     -7.35454    -10.09124737    
  1.0034     -7.36790    -9.965882494    
  1.0160     -7.38000    -9.842075161    
  1.0288     -7.39077    -9.719806014    
  1.0418     -7.40013    -9.599055939    
  1.0549     -7.40800    -9.479806060    
  1.0681     -7.41433    -9.362037737    
  1.0816     -7.41904    -9.245732560    
  1.0952     -7.42207    -9.130872348    
  1.1090     -7.42337    -9.017439147    
  1.1229     -7.42288    -8.905415226    
  1.1370     -7.42054    -8.794783074    
  1.1513     -7.41631    -8.685525396    
  1.1658     -7.41014    -8.577625115    
  1.1805     -7.40198    -8.471065365    
  1.1953     -7.39178    -8.365829489    
  1.2104     -7.37947    -8.261901036    
  1.2256     -7.36501    -8.159263763    
  1.2410     -7.34831    -8.057901626    
  1.2566     -7.32931    -7.957798782    
  1.2724     -7.30791    -7.858939582    
  1.2884     -7.28403    -7.761308575    
  1.3047     -7.25757    -7.664890501    
  1.3211     -7.22846    -7.569670288    
  1.3377     -7.19661    -7.475633054    
  1.3545     -7.16190    -7.382764099    
  1.3715     -7.12449    -7.291048907    
  1.3888     -7.08380    -7.200473145    
  1.4063     -7.03915    -7.111022653    
  1.4240     -6.99146    -7.022683452    
  1.4419     -6.94143    -6.935441732    
  1.4600     -6.88901    -6.849283859    
  1.4784     -6.83442    -6.764196365    
  1.4970     -6.77779    -6.680165952    
  1.5158     -6.71928    -6.597179486    
  1.5349     -6.65902    -6.515223996    
  1.5542     -6.59713    -6.434286672    
  1.5737     -6.53373    -6.354354864    
  1.5935     -6.46892    -6.275416080    
  1.6136     -6.40278    -6.197457980    
  1.6339     -6.33538    -6.120468381    
  1.6544     -6.26681    -6.044435250    
  1.6752     -6.19712    -5.969346703    
  1.6963     -6.12639    -5.895191004    
  1.7176     -6.05468    -5.821956563    
  1.7392     -5.98210    -5.749631933    
  1.7611     -5.90871    -5.678205812    
  1.7833     -5.83466    -5.607667035    
  1.8057     -5.76008    -5.538004579    
  1.8284     -5.68505    -5.469207555    
  1.8514     -5.60968    -5.401265211    
  1.8747     -5.53408    -5.334166929    
  1.8983     -5.45834    -5.267902221    
  1.9222     -5.38256    -5.202460732    
  1.9463     -5.30686    -5.137832233    
  1.9708     -5.23133    -5.074006623    
  1.9956     -5.15608    -5.010973928    
  2.0207     -5.08123    -4.948724296    
  2.0461     -5.00688    -4.887247999    
  2.0719     -4.93315    -4.826535429    
  2.0979     -4.86017    -4.766577096    
  2.1243     -4.78804    -4.707363631    
  2.1511     -4.71691    -4.648885778    
  2.1781     -4.64689    -4.591134400    
  2.2055     -4.57815    -4.534100470    
  2.2333     -4.51077    -4.477775075    
  2.2613     -4.44488    -4.422149413    
  2.2898     -4.38056    -4.367214788    
  2.3186     -4.31790    -4.312962617    
  2.3478     -4.25695    -4.259384421    
  2.3773     -4.19777    -4.206471826    
  2.4072     -4.14039    -4.154216564    
  2.4375     -4.08482    -4.102610466    
  2.4681     -4.03105    -4.051645470    
  2.4992     -3.97902    -4.001313609    
  2.5306     -3.92869    -3.951607017    
  2.5624     -3.87995    -3.902517928    
  2.5947     -3.83269    -3.854038668    
  2.6273     -3.78675    -3.806161662    
  2.6604     -3.74195    -3.758879428    
  2.6938     -3.69811    -3.712184575    
  2.7277     -3.65500    -3.666069808    
  2.7620     -3.61242    -3.620527919    
  2.7968     -3.57015    -3.575551791    
  2.8320     -3.52799    -3.531134395    
  2.8676     -3.48581    -3.487268790    
  2.9036     -3.44353    -3.443948121    
  2.9402     -3.40120    -3.401165618    
  2.9772     -3.35898    -3.358914594    
  3.0146     -3.31724    -3.317188447    
  3.0525     -3.27602    -3.275980656    
  3.0909     -3.23531    -3.235284782    
  3.1298     -3.19511    -3.195094464    
  3.1692     -3.15542    -3.155403423    
  3.2090     -3.11621    -3.116205454    
  3.2494     -3.07750    -3.077494434    
  3.2903     -3.03927    -3.039264311    
  3.3317     -3.00151    -3.001509112    
  3.3736     -2.96422    -2.964222937    
  3.4160     -2.92740    -2.927399959    
  3.4590     -2.89104    -2.891034423    
  3.5025     -2.85512    -2.855120646    
  3.5465     -2.81965    -2.819653017    
  3.5911     -2.78463    -2.784625992    
  3.6363     -2.75003    -2.750034098    
  3.6821     -2.71587    -2.715871929    
  3.7284     -2.68213    -2.682134146    
  3.7753     -2.64882    -2.648815478    
  3.8228     -2.61591    -2.615910717    
  3.8708     -2.58341    -2.583414721    
  3.9195     -2.55132    -2.551322413    
  3.9688     -2.51963    -2.519628777    
  4.0188     -2.48833    -2.488328861    
  4.0693     -2.45742    -2.457417773    
  4.1205     -2.42689    -2.426890683    
  4.1723     -2.39674    -2.396742820    
  4.2248     -2.36697    -2.366969473    
  4.2780     -2.33757    -2.337565990    
  4.3318     -2.30853    -2.308527775    
  4.3863     -2.27985    -2.279850291    
  4.4414     -2.25153    -2.251529057    
  4.4973     -2.22356    -2.223559647    
  4.5539     -2.19594    -2.195937690    
  4.6111     -2.16866    -2.168658869    
  4.6691     -2.14172    -2.141718923    
  4.7279     -2.11511    -2.115113640    
  4.7873     -2.08884    -2.088838865    
  4.8476     -2.06289    -2.062890489    
  4.9085     -2.03726    -2.037264460    
  4.9703     -2.01196    -2.011956772    
  5.0328     -1.98696    -1.986963471    
  5.0961     -1.96228    -1.962280650    
  5.1602     -1.93790    -1.937904454    
  5.2251     -1.91383    -1.913831072    
  5.2908     -1.89006    -1.890056743    
  5.3574     -1.86658    -1.866577752    
  5.4248     -1.84339    -1.843390429    
  5.4930     -1.82049    -1.820491153    
  5.5621     -1.79788    -1.797876343    
  5.6321     -1.77554    -1.775542466    
  5.7029     -1.75349    -1.753486033    
  5.7747     -1.73170    -1.731703597    
  5.8473     -1.71019    -1.710191753    
  5.9208     -1.68895    -1.688947140    
  5.9953     -1.66797    -1.667966439    
  6.0707     -1.64725    -1.647246371    
  6.1471     -1.62678    -1.626783697    
  6.2244     -1.60658    -1.606575222    
  6.3027     -1.58662    -1.586617786    
  6.3820     -1.56691    -1.566908272    
  6.4623     -1.54744    -1.547443598    
  6.5436     -1.52822    -1.528220724    
  6.6259     -1.50924    -1.509236646    
  6.7092     -1.49049    -1.490488398    
  6.7936     -1.47197    -1.471973049    
  6.8791     -1.45369    -1.453687706    
  6.9656     -1.43563    -1.435629513    
  7.0532     -1.41780    -1.417795647    
  7.1419     -1.40018    -1.400183321    
  7.2318     -1.38279    -1.382789784    
  7.3227     -1.36561    -1.365612317    
  7.4148     -1.34865    -1.348648237    
  7.5081     -1.33189    -1.331894892    
  7.6025     -1.31535    -1.315349664    
  7.6982     -1.29901    -1.299009969    
  7.7950     -1.28287    -1.282873252    
  7.8931     -1.26694    -1.266936993    
  7.9923     -1.25120    -1.251198701    
  8.0929     -1.23566    -1.235655917    
  8.1947     -1.22031    -1.220306212    
  8.2977     -1.20515    -1.205147187    
  8.4021     -1.19018    -1.190176475    
  8.5078     -1.17539    -1.175391735    
  8.6148     -1.16079    -1.160790657    
  8.7232     -1.14637    -1.146370959    
  8.8329     -1.13213    -1.132130390    
  8.9440     -1.11807    -1.118066722    
  9.0565     -1.10418    -1.104177759    
  9.1704     -1.09046    -1.090461330    
  9.2858     -1.07692    -1.076915292    
  9.4026     -1.06354    -1.063537529    
  9.5209     -1.05033    -1.050325949    
  9.6406     -1.03728    -1.037278489    
  9.7619     -1.02439    -1.024393110    
  9.8847     -1.01167    -1.011667797    
 10.0090     -0.99910   -0.9991005638    
 10.1349     -0.98669   -0.9866894453    
 10.2624     -0.97443   -0.9744325024    
 10.3915     -0.96233   -0.9623278200    
 10.5222     -0.95037   -0.9503735065    
 10.6545     -0.93857   -0.9385676939    
 10.7886     -0.92691   -0.9269085376    
 10.9243     -0.91539   -0.9153942157    
 11.0617     -0.90402   -0.9040229289    
 11.2008     -0.89279   -0.8927929004    
 11.3417     -0.88170   -0.8817023754    
 11.4844     -0.87075   -0.8707496210    
 11.6288     -0.85993   -0.8599329256    
 11.7751     -0.84925   -0.8492505991    
 11.9232     -0.83870   -0.8387009722    
 12.0732     -0.82828   -0.8282823966    
 12.2250     -0.81799   -0.8179932442    
 12.3788     -0.80783   -0.8078319073    
 12.5345     -0.79780   -0.7977967980    
 12.6922     -0.78789   -0.7878863484    
 12.8518     -0.77810   -0.7780990098    
 13.0135     -0.76843   -0.7684332529    
 13.1772     -0.75889   -0.7588875673    
 13.3429     -0.74946   -0.7494604614    
 13.5108     -0.74015   -0.7401504623    
 13.6807     -0.73096   -0.7309561151    
 13.8528     -0.72188   -0.7218759832    
 14.0270     -0.71291   -0.7129086477    
 14.2035     -0.70405   -0.7040527074    
 14.3821     -0.69531   -0.6953067785    
 14.5630     -0.68667   -0.6866694945    
 14.7462     -0.67814   -0.6781395056    
 14.9317     -0.66972   -0.6697154790    
 15.1195     -0.66140   -0.6613960983    
 15.3097     -0.65318   -0.6531800637    
 15.5023     -0.64507   -0.6450660914    
 15.6973     -0.63705   -0.6370529133    
 15.8947     -0.62914   -0.6291392775    
 16.0947     -0.62132   -0.6213239474    
 16.2971     -0.61361   -0.6136057018    
 16.5021     -0.60598   -0.6059833347    
 16.7097     -0.59846   -0.5984556550    
 16.9199     -0.59102   -0.5910214864    
 17.1327     -0.58368   -0.5836796674    
 17.3482     -0.57643   -0.5764290508    
 17.5664     -0.56927   -0.5692685035    
 17.7874     -0.56220   -0.5621969067    
 18.0111     -0.55521   -0.5552131554    
 18.2377     -0.54832   -0.5483161584    
 18.4671     -0.54150   -0.5415048380    
 18.6993     -0.53478   -0.5347781299    
 18.9346     -0.52813   -0.5281349829    
 19.1727     -0.52157   -0.5215743591    
 19.4139     -0.51510   -0.5150952333    
 19.6581     -0.50870   -0.5086965931    
 19.9054     -0.50238   -0.5023774386    
 20.1557     -0.49614   -0.4961367826    
 20.4093     -0.48997   -0.4899736498    
 20.6660     -0.48389   -0.4838870773    
 20.9259     -0.47788   -0.4778761139    
 21.1891     -0.47194   -0.4719398204    
 21.4557     -0.46608   -0.4660772693    
 21.7255     -0.46029   -0.4602875445    
 21.9988     -0.45457   -0.4545697412    
 22.2755     -0.44892   -0.4489229662    
 22.5557     -0.44335   -0.4433463369    
 22.8394     -0.43784   -0.4378389822    
 23.1267     -0.43240   -0.4324000413    
 23.4176     -0.42703   -0.4270286645    
 23.7122     -0.42172   -0.4217240125    
 24.0105     -0.41649   -0.4164852562    
 24.3125     -0.41131   -0.4113115773    
 24.6183     -0.40620   -0.4062021673    
 24.9279     -0.40116   -0.4011562277    
 25.2415     -0.39617   -0.3961729702    
 25.5590     -0.39125   -0.3912516160    
 25.8805     -0.38639   -0.3863913963    
 26.2060     -0.38159   -0.3815915515    
 26.5357     -0.37685   -0.3768513317    
