  0.0000     0.00000025    1.7833
  0.0100     0.00262458    1.7833
  0.0202     0.00530670    1.7833
  0.0302     0.00792995    1.7833
  0.0403     0.01058470    1.7833
  0.0505     0.01327149    1.7833
  0.0602     0.01582864    1.7833
  0.0708     0.01864843    1.7833
  0.0803     0.02116120    1.7833
  0.0910     0.02402093    1.7833
  0.1005     0.02659308    1.7833
  0.1111     0.02945113    1.7833
  0.1213     0.03221422    1.7833
  0.1307     0.03479894    1.7833
  0.1409     0.03760383    1.7833
  0.1500     0.04012517    1.7833
  0.1617     0.04339283    1.7833
  0.1700     0.04573076    1.7833
  0.1810     0.04884867    1.7833
  0.1903     0.05151187    1.7833
  0.2000     0.05433746    1.7833
  0.2103     0.05733804    1.7833
  0.2211     0.06052755    1.7833
  0.2324     0.06392150    1.7833
  0.2413     0.06661144    1.7833
  0.2505     0.06943408    1.7833
  0.2601     0.07239816    1.7833
  0.2700     0.07551318    1.7833
  0.2803     0.07878956    1.7833
  0.2910     0.08223866    1.7833
  0.3022     0.08587292    1.7833
  0.3137     0.08970601    1.7833
  0.3217     0.09237920    1.7833
  0.3340     0.09657770    1.7833
  0.3424     0.09951010    1.7833
  0.3511     0.10255575    1.7833
  0.3645     0.10734982    1.7833
  0.3737     0.11070580    1.7833
  0.3832     0.11419793    1.7833
  0.3929     0.11783377    1.7833
  0.4028     0.12162142    1.7833
  0.4130     0.12556953    1.7833
  0.4235     0.12968734    1.7833
  0.4342     0.13398473    1.7833
  0.4452     0.13847226    1.7833
  0.4508     0.14079082    1.7833
  0.4622     0.14558495    1.7833
  0.4739     0.15059889    1.7833
  0.4859     0.15584593    1.7833
  0.4921     0.15856126    1.7833
  0.5045     0.16418485    1.7833
  0.5109     0.16709701    1.7833
  0.5238     0.17313227    1.7833
  0.5304     0.17625965    1.7833
  0.5438     0.18274513    1.7833
  0.5507     0.18610791    1.7833
  0.5646     0.19308576    1.7833
  0.5717     0.19670594    1.7833
  0.5862     0.20422207    1.7833
  0.5935     0.20812354    1.7833
  0.6010     0.21212441    1.7833
  0.6162     0.22043616    1.7833
  0.6240     0.22475310    1.7833
  0.6318     0.22918157    1.7833
  0.6478     0.23838588    1.7833
  0.6560     0.24316826    1.7833
  0.6642     0.24807523    1.7833
  0.6726     0.25311017    1.7833
  0.6811     0.25827650    1.7833
  0.6983     0.26901707    1.7833
  0.7071     0.27459823    1.7833
  0.7160     0.28032460    1.7833
  0.7250     0.28619960    1.7833
  0.7341     0.29222664    1.7833
  0.7433     0.29840908    1.7833
  0.7527     0.30475021    1.7833
  0.7622     0.31125322    1.7833
  0.7717     0.31792122    1.7833
  0.7815     0.32475715    1.7833
  0.7913     0.33176381    1.7833
  0.8012     0.33894383    1.7833
  0.8113     0.34629957    1.7833
  0.8215     0.35383318    1.7833
  0.8319     0.36154650    1.7833
  0.8423     0.36944105    1.7833
  0.8529     0.37751795    1.7833
  0.8636     0.38577794    1.7833
  0.8745     0.39422127    1.7833
  0.8855     0.40284766    1.7833
  0.8966     0.41165630    1.7833
  0.9079     0.42064571    1.7833
  0.9193     0.42981376    1.7833
  0.9309     0.43915755    1.7833
  0.9426     0.44867338    1.7833
  0.9545     0.45835668    1.7833
  0.9665     0.46820195    1.7833
  0.9786     0.47820268    1.7833
  0.9910     0.48835130    1.7833
  1.0034     0.49863912    1.7833
  1.0160     0.50905627    1.7833
  1.0288     0.51959163    1.7833
  1.0418     0.53023279    1.7833
  1.0549     0.54096601    1.7833
  1.0681     0.55177618    1.7833
  1.0816     0.56264680    1.7833
  1.0952     0.57355993    1.7833
  1.1090     0.58449623    1.7833
  1.1229     0.59543496    1.7833
  1.1370     0.60635398    1.7833
  1.1513     0.61722983    1.7833
  1.1658     0.62803778    1.7833
  1.1805     0.63875191    1.7833
  1.1953     0.64934523    1.7833
  1.2104     0.65978982    1.7833
  1.2256     0.67005694    1.7833
  1.2410     0.68011729    1.7833
  1.2566     0.68994114    1.7833
  1.2724     0.69949857    1.7833
  1.2884     0.70875977    1.7833
  1.3047     0.71769523    1.7833
  1.3211     0.72627608    1.7833
  1.3377     0.73447434    1.7833
  1.3545     0.74226324    1.7833
  1.3715     0.74961751    1.7833
  1.3888     0.75651366    1.7833
  1.4063     0.76293029    1.7833
  1.4240     0.76884828    1.7833
  1.4419     0.77425108    1.7833
  1.4600     0.77912486    1.7833
  1.4784     0.78345865    1.7833
  1.4970     0.78724440    1.7833
  1.5158     0.79047705    1.7833
  1.5349     0.79315443    1.7833
  1.5542     0.79527716    1.7833
  1.5737     0.79684845    1.7833
  1.5935     0.79787380    1.7833
  1.6136     0.79836071    1.7833
  1.6339     0.79831822    1.7833
  1.6544     0.79775647    1.7833
  1.6752     0.79668626    1.7833
  1.6963     0.79511853    1.7833
  1.7176     0.79306395    1.7833
  1.7392     0.79053262    1.7833
  1.7611     0.78753385    1.7833
  1.7833     0.78407625    1.7833
  1.8057     0.78016804    1.7833
  1.8284     0.77581819    1.7833
  1.8514     0.77103573    1.7833
  1.8747     0.76583040    1.7833
  1.8983     0.76021238    1.7833
  1.9222     0.75419237    1.7833
  1.9463     0.74778151    1.7833
  1.9708     0.74099134    1.7833
  1.9956     0.73383386    1.7833
  2.0207     0.72632141    1.7833
  2.0461     0.71846672    1.7833
  2.0719     0.71028283    1.7833
  2.0979     0.70178310    1.7833
  2.1243     0.69298118    1.7833
  2.1511     0.68389094    1.7833
  2.1781     0.67452650    1.7833
  2.2055     0.66490218    1.7833
  2.2333     0.65503247    1.7833
  2.2613     0.64493198    1.7833
  2.2898     0.63461545    1.7833
  2.3186     0.62409772    1.7833
  2.3478     0.61339367    1.7833
  2.3773     0.60251821    1.7833
  2.4072     0.59148626    1.7833
  2.4375     0.58031272    1.7833
  2.4681     0.56901243    1.7833
  2.4992     0.55760018    1.7833
  2.5306     0.54609062    1.7833
  2.5624     0.53449830    1.7833
  2.5947     0.52283763    1.7833
  2.6273     0.51112283    1.7833
  2.6604     0.49936792    1.7833
  2.6938     0.48758672    1.7833
  2.7277     0.47579280    1.7833
  2.7620     0.46399947    1.7833
  2.7968     0.45221976    1.7833
  2.8320     0.44046642    1.7833
  2.8676     0.42875186    1.7833
  2.9036     0.41708816    1.7833
  2.9402     0.40548707    1.7833
  2.9772     0.39395996    1.7833
  3.0146     0.38251783    1.7833
  3.0525     0.37117128    1.7833
  3.0909     0.35993049    1.7833
  3.1298     0.34880527    1.7833
  3.1692     0.33780496    1.7833
  3.2090     0.32693847    1.7833
  3.2494     0.31621427    1.7833
  3.2903     0.30564040    1.7833
  3.3317     0.29522440    1.7833
  3.3736     0.28497336    1.7833
  3.4160     0.27489393    1.7833
  3.4590     0.26499224    1.7833
  3.5025     0.25527397    1.7833
  3.5465     0.24574434    1.7833
  3.5911     0.23640807    1.7833
  3.6363     0.22726942    1.7833
  3.6821     0.21833219    1.7833
  3.7284     0.20959969    1.7833
  3.7753     0.20107480    1.7833
  3.8228     0.19275994    1.7833
  3.8708     0.18465706    1.7833
  3.9195     0.17676772    1.7833
  3.9688     0.16909302    1.7833
  4.0188     0.16163366    1.7833
  4.0693     0.15438993    1.7833
  4.1205     0.14736176    1.7833
  4.1723     0.14054867    1.7833
  4.2248     0.13394984    1.7833
  4.2780     0.12756411    1.7833
  4.3318     0.12138997    1.7833
  4.3863     0.11542564    1.7833
  4.4414     0.10966900    1.7833
  4.4973     0.10411769    1.7833
  4.5539     0.09876906    1.7833
  4.6111     0.09362024    1.7833
  4.6691     0.08866813    1.7833
  4.7279     0.08390941    1.7833
  4.7873     0.07934059    1.7833
  4.8476     0.07495799    1.7833
  4.9085     0.07075777    1.7833
  4.9703     0.06673598    1.7833
  5.0328     0.06288851    1.7833
  5.0961     0.05921116    1.7833
  5.1602     0.05569963    1.7833
  5.2251     0.05234955    1.7833
  5.2908     0.04915646    1.7833
  5.3574     0.04611589    1.7833
  5.4248     0.04322328    1.7833
  5.4930     0.04047409    1.7833
  5.5621     0.03786373    1.7833
  5.6321     0.03538762    1.7833
  5.7029     0.03304119    1.7833
  5.7747     0.03081986    1.7833
  5.8473     0.02871912    1.7833
  5.9208     0.02673444    1.7833
  5.9953     0.02486138    1.7833
  6.0707     0.02309550    1.7833
  6.1471     0.02143247    1.7833
  6.2244     0.01986797    1.7833
  6.3027     0.01839779    1.7833
  6.3820     0.01701777    1.7833
  6.4623     0.01572383    1.7833
  6.5436     0.01451200    1.7833
  6.6259     0.01337836    1.7833
  6.7092     0.01231911    1.7833
  6.7936     0.01133054    1.7833
  6.8791     0.01040904    1.7833
  6.9656     0.00955110    1.7833
  7.0532     0.00875332    1.7833
  7.1419     0.00801239    1.7833
  7.2318     0.00732514    1.7833
  7.3227     0.00668849    1.7833
  7.4148     0.00609946    1.7833
  7.5081     0.00555521    1.7833
  7.6025     0.00505300    1.7833
  7.6982     0.00459019    1.7833
  7.7950     0.00416427    1.7833
  7.8931     0.00377283    1.7833
  7.9923     0.00341357    1.7833
  8.0929     0.00308431    1.7833
  8.1947     0.00278297    1.7833
  8.2977     0.00250756    1.7833
  8.4021     0.00225623    1.7833
  8.5078     0.00202720    1.7833
  8.6148     0.00181879    1.7833
  8.7232     0.00162943    1.7833
  8.8329     0.00145763    1.7833
  8.9440     0.00130201    1.7833
  9.0565     0.00116125    1.7833
  9.1704     0.00103414    1.7833
  9.2858     0.00091952    1.7833
  9.4026     0.00081633    1.7833
  9.5209     0.00072359    1.7833
  9.6406     0.00064036    1.7833
  9.7619     0.00056579    1.7833
  9.8847     0.00049910    1.7833
 10.0090     0.00043954    1.7833
 10.1349     0.00038645    1.7833
 10.2624     0.00033919    1.7833
 10.3915     0.00029722    1.7833
 10.5222     0.00025998    1.7833
 10.6545     0.00022702    1.7833
 10.7886     0.00019789    1.7833
 10.9243     0.00017219    1.7833
 11.0617     0.00014956    1.7833
 11.2008     0.00012966    1.7833
 11.3417     0.00011221    1.7833
 11.4844     0.00009692    1.7833
 11.6288     0.00008356    1.7833
 11.7751     0.00007191    1.7833
 11.9232     0.00006176    1.7833
 12.0732     0.00005294    1.7833
 12.2250     0.00004529    1.7833
 12.3788     0.00003867    1.7833
 12.5345     0.00003295    1.7833
 12.6922     0.00002801    1.7833
 12.8518     0.00002377    1.7833
 13.0135     0.00002013    1.7833
 13.1772     0.00001701    1.7833
 13.3429     0.00001434    1.7833
 13.5108     0.00001207    1.7833
 13.6807     0.00001013    1.7833
 13.8528     0.00000849    1.7833
 14.0270     0.00000709    1.7833
 14.2035     0.00000591    1.7833
 14.3821     0.00000492    1.7833
 14.5630     0.00000408    1.7833
 14.7462     0.00000338    1.7833
 14.9317     0.00000279    1.7833
 15.1195     0.00000230    1.7833
 15.3097     0.00000189    1.7833
 15.5023     0.00000155    1.7833
 15.6973     0.00000127    1.7833
 15.8947     0.00000104    1.7833
 16.0947     0.00000084    1.7833
 16.2971     0.00000068    1.7833
 16.5021     0.00000055    1.7833
 16.7097     0.00000045    1.7833
 16.9199     0.00000036    1.7833
 17.1327     0.00000029    1.7833
 17.3482     0.00000023    1.7833
 17.5664     0.00000019    1.7833
 17.7874     0.00000015    1.7833
 18.0111     0.00000012    1.7833
 18.2377     0.00000009    1.7833
 18.4671     0.00000007    1.7833
 18.6993     0.00000006    1.7833
 18.9346     0.00000005    1.7833
 19.1727     0.00000004    1.7833
 19.4139     0.00000003    1.7833
 19.6581     0.00000002    1.7833
 19.9054     0.00000002    1.7833
 20.1557     0.00000001    1.7833
 20.4093     0.00000001    1.7833
 20.6660     0.00000001    1.7833
 20.9259     0.00000001    1.7833
 21.1891     0.00000000    1.7833
 21.4557     0.00000000    1.7833
 21.7255     0.00000000    1.7833
 21.9988     0.00000000    1.7833
 22.2755     0.00000000    1.7833
 22.5557     0.00000000    1.7833
 22.8394     0.00000000    1.7833
 23.1267     0.00000000    1.7833
 23.4176     0.00000000    1.7833
 23.7122     0.00000000    1.7833
 24.0105     0.00000000    1.7833
 24.3125     0.00000000    1.7833
 24.6183     0.00000000    1.7833
 24.9279     0.00000000    1.7833
 25.2415     0.00000000    1.7833
 25.5590     0.00000000    1.7833
 25.8805     0.00000000    1.7833
 26.2060     0.00000000    1.7833
 26.5357     0.00000000    1.7833
 26.8694     0.00000000    1.7833
 27.2074     0.00000000    1.7833
 27.5496     0.00000000    1.7833
 27.8962     0.00000000    1.7833
 28.2471     0.00000000    1.7833
 28.6024     0.00000000    1.7833
 28.9622     0.00000000    1.7833
 29.3265     0.00000000    1.7833
 29.6953     0.00000000    1.7833
 30.0689     0.00000000    1.7833
 30.4471     0.00000000    1.7833
 30.8301     0.00000000    1.7833
 31.2178     0.00000000    1.7833
 31.6105     0.00000000    1.7833
 32.0081     0.00000000    1.7833
 32.4107     0.00000000    1.7833
 32.8184     0.00000000    1.7833
 33.2312     0.00000000    1.7833
 33.6492     0.00000000    1.7833
 34.0725     0.00000000    1.7833
 34.5011     0.00000000    1.7833
 34.9350     0.00000000    1.7833
 35.3745     0.00000000    1.7833
 35.8194     0.00000000    1.7833
 36.2700     0.00000000    1.7833
 36.7262     0.00000000    1.7833
 37.1882     0.00000000    1.7833
 37.6559     0.00000000    1.7833
 38.1296     0.00000000    1.7833
 38.6092     0.00000000    1.7833
 39.0948     0.00000000    1.7833
 39.5866     0.00000000    1.7833
 40.0845     0.00000000    1.7833
 40.5887     0.00000000    1.7833
 41.0993     0.00000000    1.7833
