  0.0000     0.00000000    2.9772
  0.0100     0.00000000    2.9772
  0.0202     0.00000000    2.9772
  0.0302     0.00000000    2.9772
  0.0403     0.00000000    2.9772
  0.0505     0.00000000    2.9772
  0.0602     0.00000000    2.9772
  0.0708     0.00000000    2.9772
  0.0803     0.00000000    2.9772
  0.0910     0.00000000    2.9772
  0.1005     0.00000000    2.9772
  0.1111     0.00000000    2.9772
  0.1213     0.00000000    2.9772
  0.1307     0.00000000    2.9772
  0.1409     0.00000000    2.9772
  0.1500     0.00000000    2.9772
  0.1617     0.00000000    2.9772
  0.1700     0.00000000    2.9772
  0.1810     0.00000000    2.9772
  0.1903     0.00000000    2.9772
  0.2000     0.00000000    2.9772
  0.2103     0.00000000    2.9772
  0.2211     0.00000000    2.9772
  0.2324     0.00000000    2.9772
  0.2413     0.00000000    2.9772
  0.2505     0.00000000    2.9772
  0.2601     0.00000000    2.9772
  0.2700     0.00000000    2.9772
  0.2803     0.00000000    2.9772
  0.2910     0.00000000    2.9772
  0.3022     0.00000000    2.9772
  0.3137     0.00000000    2.9772
  0.3217     0.00000000    2.9772
  0.3340     0.00000000    2.9772
  0.3424     0.00000000    2.9772
  0.3511     0.00000000    2.9772
  0.3645     0.00000000    2.9772
  0.3737     0.00000000    2.9772
  0.3832     0.00000000    2.9772
  0.3929     0.00000000    2.9772
  0.4028     0.00000000    2.9772
  0.4130     0.00000000    2.9772
  0.4235     0.00000000    2.9772
  0.4342     0.00000000    2.9772
  0.4452     0.00000000    2.9772
  0.4508     0.00000000    2.9772
  0.4622     0.00000000    2.9772
  0.4739     0.00000000    2.9772
  0.4859     0.00000000    2.9772
  0.4921     0.00000000    2.9772
  0.5045     0.00000000    2.9772
  0.5109     0.00000000    2.9772
  0.5238     0.00000000    2.9772
  0.5304     0.00000000    2.9772
  0.5438     0.00000000    2.9772
  0.5507     0.00000000    2.9772
  0.5646     0.00000000    2.9772
  0.5717     0.00000000    2.9772
  0.5862     0.00000000    2.9772
  0.5935     0.00000000    2.9772
  0.6010     0.00000000    2.9772
  0.6162     0.00000000    2.9772
  0.6240     0.00000000    2.9772
  0.6318     0.00000000    2.9772
  0.6478     0.00000000    2.9772
  0.6560     0.00000000    2.9772
  0.6642     0.00000000    2.9772
  0.6726     0.00000000    2.9772
  0.6811     0.00000000    2.9772
  0.6983     0.00000000    2.9772
  0.7071     0.00000000    2.9772
  0.7160     0.00000000    2.9772
  0.7250     0.00000000    2.9772
  0.7341     0.00000001    2.9772
  0.7433     0.00000001    2.9772
  0.7527     0.00000001    2.9772
  0.7622     0.00000001    2.9772
  0.7717     0.00000001    2.9772
  0.7815     0.00000001    2.9772
  0.7913     0.00000001    2.9772
  0.8012     0.00000001    2.9772
  0.8113     0.00000001    2.9772
  0.8215     0.00000001    2.9772
  0.8319     0.00000001    2.9772
  0.8423     0.00000001    2.9772
  0.8529     0.00000001    2.9772
  0.8636     0.00000001    2.9772
  0.8745     0.00000001    2.9772
  0.8855     0.00000001    2.9772
  0.8966     0.00000001    2.9772
  0.9079     0.00000001    2.9772
  0.9193     0.00000001    2.9772
  0.9309     0.00000001    2.9772
  0.9426     0.00000001    2.9772
  0.9545     0.00000001    2.9772
  0.9665     0.00000001    2.9772
  0.9786     0.00000001    2.9772
  0.9910     0.00000001    2.9772
  1.0034     0.00000002    2.9772
  1.0160     0.00000002    2.9772
  1.0288     0.00000002    2.9772
  1.0418     0.00000002    2.9772
  1.0549     0.00000002    2.9772
  1.0681     0.00000002    2.9772
  1.0816     0.00000002    2.9772
  1.0952     0.00000002    2.9772
  1.1090     0.00000002    2.9772
  1.1229     0.00000002    2.9772
  1.1370     0.00000002    2.9772
  1.1513     0.00000003    2.9772
  1.1658     0.00000003    2.9772
  1.1805     0.00000003    2.9772
  1.1953     0.00000003    2.9772
  1.2104     0.00000003    2.9772
  1.2256     0.00000003    2.9772
  1.2410     0.00000003    2.9772
  1.2566     0.00000003    2.9772
  1.2724     0.00000003    2.9772
  1.2884     0.00000004    2.9772
  1.3047     0.00000004    2.9772
  1.3211     0.00000004    2.9772
  1.3377     0.00000004    2.9772
  1.3545     0.00000004    2.9772
  1.3715     0.00000004    2.9772
  1.3888     0.00000005    2.9772
  1.4063     0.00000005    2.9772
  1.4240     0.00000005    2.9772
  1.4419     0.00000005    2.9772
  1.4600     0.00000005    2.9772
  1.4784     0.00000006    2.9772
  1.4970     0.00000006    2.9772
  1.5158     0.00000006    2.9772
  1.5349     0.00000006    2.9772
  1.5542     0.00000007    2.9772
  1.5737     0.00000007    2.9772
  1.5935     0.00000007    2.9772
  1.6136     0.00000007    2.9772
  1.6339     0.00000008    2.9772
  1.6544     0.00000008    2.9772
  1.6752     0.00000008    2.9772
  1.6963     0.00000008    2.9772
  1.7176     0.00000009    2.9772
  1.7392     0.00000009    2.9772
  1.7611     0.00000009    2.9772
  1.7833     0.00000010    2.9772
  1.8057     0.00000010    2.9772
  1.8284     0.00000011    2.9772
  1.8514     0.00000011    2.9772
  1.8747     0.00000011    2.9772
  1.8983     0.00000012    2.9772
  1.9222     0.00000012    2.9772
  1.9463     0.00000013    2.9772
  1.9708     0.00000013    2.9772
  1.9956     0.00000013    2.9772
  2.0207     0.00000014    2.9772
  2.0461     0.00000014    2.9772
  2.0719     0.00000015    2.9772
  2.0979     0.00000015    2.9772
  2.1243     0.00000016    2.9772
  2.1511     0.00000017    2.9772
  2.1781     0.00000017    2.9772
  2.2055     0.00000018    2.9772
  2.2333     0.00000018    2.9772
  2.2613     0.00000019    2.9772
  2.2898     0.00000020    2.9772
  2.3186     0.00000021    2.9772
  2.3478     0.00000021    2.9772
  2.3773     0.00000022    2.9772
  2.4072     0.00000023    2.9772
  2.4375     0.00000024    2.9772
  2.4681     0.00000025    2.9772
  2.4992     0.00000025    2.9772
  2.5306     0.00000026    2.9772
  2.5624     0.00000027    2.9772
  2.5947     0.00000028    2.9772
  2.6273     0.00000029    2.9772
  2.6604     0.00000031    2.9772
  2.6938     0.00000032    2.9772
  2.7277     0.00000033    2.9772
  2.7620     0.00000034    2.9772
  2.7968     0.00000035    2.9772
  2.8320     0.00000037    2.9772
  2.8676     0.00000038    2.9772
  2.9036     0.00000040    2.9772
  2.9402     0.00000041    2.9772
  2.9772     0.00000043    2.9772
  3.0146     0.00000044    2.9772
  3.0525     0.00000046    2.9772
  3.0909     0.00000048    2.9772
  3.1298     0.00000049    2.9772
  3.1692     0.00000051    2.9772
  3.2090     0.00000053    2.9772
  3.2494     0.00000055    2.9772
  3.2903     0.00000057    2.9772
  3.3317     0.00000060    2.9772
  3.3736     0.00000062    2.9772
  3.4160     0.00000064    2.9772
  3.4590     0.00000067    2.9772
  3.5025     0.00000069    2.9772
  3.5465     0.00000072    2.9772
  3.5911     0.00000075    2.9772
  3.6363     0.00000078    2.9772
  3.6821     0.00000081    2.9772
  3.7284     0.00000084    2.9772
  3.7753     0.00000087    2.9772
  3.8228     0.00000091    2.9772
  3.8708     0.00000094    2.9772
  3.9195     0.00000098    2.9772
  3.9688     0.00000102    2.9772
  4.0188     0.00000106    2.9772
  4.0693     0.00000110    2.9772
  4.1205     0.00000115    2.9772
  4.1723     0.00000119    2.9772
  4.2248     0.00000124    2.9772
  4.2780     0.00000129    2.9772
  4.3318     0.00000134    2.9772
  4.3863     0.00000139    2.9772
  4.4414     0.00000145    2.9772
  4.4973     0.00000151    2.9772
  4.5539     0.00000157    2.9772
  4.6111     0.00000163    2.9772
  4.6691     0.00000170    2.9772
  4.7279     0.00000177    2.9772
  4.7873     0.00000184    2.9772
  4.8476     0.00000191    2.9772
  4.9085     0.00000199    2.9772
  4.9703     0.00000207    2.9772
  5.0328     0.00000216    2.9772
  5.0961     0.00000224    2.9772
  5.1602     0.00000233    2.9772
  5.2251     0.00000243    2.9772
  5.2908     0.00000253    2.9772
  5.3574     0.00000263    2.9772
  5.4248     0.00000274    2.9772
  5.4930     0.00000285    2.9772
  5.5621     0.00000297    2.9772
  5.6321     0.00000309    2.9772
  5.7029     0.00000321    2.9772
  5.7747     0.00000335    2.9772
  5.8473     0.00000348    2.9772
  5.9208     0.00000363    2.9772
  5.9953     0.00000377    2.9772
  6.0707     0.00000393    2.9772
  6.1471     0.00000409    2.9772
  6.2244     0.00000426    2.9772
  6.3027     0.00000443    2.9772
  6.3820     0.00000461    2.9772
  6.4623     0.00000480    2.9772
  6.5436     0.00000500    2.9772
  6.6259     0.00000521    2.9772
  6.7092     0.00000542    2.9772
  6.7936     0.00000565    2.9772
  6.8791     0.00000588    2.9772
  6.9656     0.00000612    2.9772
  7.0532     0.00000638    2.9772
  7.1419     0.00000664    2.9772
  7.2318     0.00000692    2.9772
  7.3227     0.00000721    2.9772
  7.4148     0.00000751    2.9772
  7.5081     0.00000782    2.9772
  7.6025     0.00000815    2.9772
  7.6982     0.00000849    2.9772
  7.7950     0.00000885    2.9772
  7.8931     0.00000922    2.9772
  7.9923     0.00000961    2.9772
  8.0929     0.00001002    2.9772
  8.1947     0.00001045    2.9772
  8.2977     0.00001090    2.9772
  8.4021     0.00001136    2.9772
  8.5078     0.00001185    2.9772
  8.6148     0.00001236    2.9772
  8.7232     0.00001289    2.9772
  8.8329     0.00001345    2.9772
  8.9440     0.00001404    2.9772
  9.0565     0.00001465    2.9772
  9.1704     0.00001529    2.9772
  9.2858     0.00001596    2.9772
  9.4026     0.00001667    2.9772
  9.5209     0.00001740    2.9772
  9.6406     0.00001817    2.9772
  9.7619     0.00001898    2.9772
  9.8847     0.00001983    2.9772
 10.0090     0.00002072    2.9772
 10.1349     0.00002165    2.9772
 10.2624     0.00002263    2.9772
 10.3915     0.00002366    2.9772
 10.5222     0.00002473    2.9772
 10.6545     0.00002586    2.9772
 10.7886     0.00002705    2.9772
 10.9243     0.00002829    2.9772
 11.0617     0.00002960    2.9772
 11.2008     0.00003096    2.9772
 11.3417     0.00003240    2.9772
 11.4844     0.00003391    2.9772
 11.6288     0.00003549    2.9772
 11.7751     0.00003716    2.9772
 11.9232     0.00003891    2.9772
 12.0732     0.00004074    2.9772
 12.2250     0.00004267    2.9772
 12.3788     0.00004469    2.9772
 12.5345     0.00004682    2.9772
 12.6922     0.00004905    2.9772
 12.8518     0.00005140    2.9772
 13.0135     0.00005386    2.9772
 13.1772     0.00005645    2.9772
 13.3429     0.00005917    2.9772
 13.5108     0.00006203    2.9772
 13.6807     0.00006504    2.9772
 13.8528     0.00006820    2.9772
 14.0270     0.00007152    2.9772
 14.2035     0.00007501    2.9772
 14.3821     0.00007868    2.9772
 14.5630     0.00008253    2.9772
 14.7462     0.00008658    2.9772
 14.9317     0.00009084    2.9772
 15.1195     0.00009532    2.9772
 15.3097     0.00010003    2.9772
 15.5023     0.00010498    2.9772
 15.6973     0.00011018    2.9772
 15.8947     0.00011565    2.9772
 16.0947     0.00012139    2.9772
 16.2971     0.00012744    2.9772
 16.5021     0.00013379    2.9772
 16.7097     0.00014047    2.9772
 16.9199     0.00014750    2.9772
 17.1327     0.00015488    2.9772
 17.3482     0.00016265    2.9772
 17.5664     0.00017081    2.9772
 17.7874     0.00017939    2.9772
 18.0111     0.00018842    2.9772
 18.2377     0.00019790    2.9772
 18.4671     0.00020788    2.9772
 18.6993     0.00021837    2.9772
 18.9346     0.00022940    2.9772
 19.1727     0.00024099    2.9772
 19.4139     0.00025318    2.9772
 19.6581     0.00026600    2.9772
 19.9054     0.00027947    2.9772
 20.1557     0.00029364    2.9772
 20.4093     0.00030853    2.9772
 20.6660     0.00032418    2.9772
 20.9259     0.00034063    2.9772
 21.1891     0.00035792    2.9772
 21.4557     0.00037610    2.9772
 21.7255     0.00039521    2.9772
 21.9988     0.00041529    2.9772
 22.2755     0.00043640    2.9772
 22.5557     0.00045859    2.9772
 22.8394     0.00048190    2.9772
 23.1267     0.00050641    2.9772
 23.4176     0.00053216    2.9772
 23.7122     0.00055923    2.9772
 24.0105     0.00058767    2.9772
 24.3125     0.00061756    2.9772
 24.6183     0.00064897    2.9772
 24.9279     0.00068198    2.9772
 25.2415     0.00071667    2.9772
 25.5590     0.00075312    2.9772
 25.8805     0.00079143    2.9772
 26.2060     0.00083168    2.9772
 26.5357     0.00087397    2.9772
 26.8694     0.00091841    2.9772
 27.2074     0.00096511    2.9772
 27.5496     0.00101417    2.9772
 27.8962     0.00106572    2.9772
 28.2471     0.00111989    2.9772
 28.6024     0.00117680    2.9772
 28.9622     0.00123659    2.9772
 29.3265     0.00129941    2.9772
 29.6953     0.00136541    2.9772
 30.0689     0.00143475    2.9772
 30.4471     0.00150760    2.9772
 30.8301     0.00158413    2.9772
 31.2178     0.00166453    2.9772
 31.6105     0.00174899    2.9772
 32.0081     0.00183771    2.9772
 32.4107     0.00193091    2.9772
 32.8184     0.00202882    2.9772
 33.2312     0.00213166    2.9772
 33.6492     0.00223969    2.9772
 34.0725     0.00235316    2.9772
 34.5011     0.00247235    2.9772
 34.9350     0.00259754    2.9772
 35.3745     0.00272902    2.9772
 35.8194     0.00286712    2.9772
 36.2700     0.00301217    2.9772
 36.7262     0.00316449    2.9772
 37.1882     0.00332447    2.9772
 37.6559     0.00349248    2.9772
 38.1296     0.00366891    2.9772
 38.6092     0.00385419    2.9772
 39.0948     0.00404875    2.9772
 39.5866     0.00425305    2.9772
 40.0845     0.00446758    2.9772
 40.5887     0.00469283    2.9772
 41.0993     0.00492934    2.9772
