  0.2500     5.822920
  0.5000     3.194999
  0.7500     1.437785
  1.0000     0.556078
  1.2500     0.158092
  1.5000    -0.007447
  1.7500    -0.065424
  2.0000    -0.075799
  2.2500    -0.067254
  2.5000    -0.053062
  2.7500    -0.038925
  3.0000    -0.026962
  3.2500    -0.017683
  3.5000    -0.010926
  3.7500    -0.006281
  4.0000    -0.003282
  4.2500    -0.001493
  4.5000    -0.000543
  4.7500    -0.000137
  5.0000    -0.000051
  5.2500    -0.000127
  5.5000    -0.000260
  5.7500    -0.000387
  6.0000    -0.000476
  6.2500    -0.000517
  6.5000    -0.000514
  6.7500    -0.000477
  7.0000    -0.000419
  7.2500    -0.000352
  7.5000    -0.000287
  7.7500    -0.000229
  8.0000    -0.000183
  8.2500    -0.000149
  8.5000    -0.000125
  8.7500    -0.000110
  9.0000    -0.000100
  9.2500    -0.000094
  9.5000    -0.000088
  9.7500    -0.000083
 10.0000    -0.000077
 10.2500    -0.000070
 10.5000    -0.000064
 10.7500    -0.000057
 11.0000    -0.000051
 11.2500    -0.000045
 11.5000    -0.000041
 11.7500    -0.000037
 12.0000    -0.000034
