  0.2500     3.925697
  0.5000     2.870525
  0.7500     1.784940
  1.0000     0.970621
  1.2500     0.456109
  1.5000     0.165415
  1.7500     0.016861
  2.0000    -0.049270
  2.2500    -0.070911
  2.5000    -0.070427
  2.7500    -0.060315
  3.0000    -0.047202
  3.2500    -0.034379
  3.5000    -0.023301
  3.7500    -0.014445
  4.0000    -0.007788
  4.2500    -0.003078
  4.5000     0.000028
  4.7500     0.001879
  5.0000     0.002801
  5.2500     0.003070
  5.5000     0.002913
  5.7500     0.002509
  6.0000     0.001990
  6.2500     0.001450
  6.5000     0.000950
  6.7500     0.000527
  7.0000     0.000197
  7.2500    -0.000039
  7.5000    -0.000188
  7.7500    -0.000263
  8.0000    -0.000283
  8.2500    -0.000262
  8.5000    -0.000218
  8.7500    -0.000162
  9.0000    -0.000106
  9.2500    -0.000055
  9.5000    -0.000014
  9.7500     0.000014
 10.0000     0.000032
 10.2500     0.000039
 10.5000     0.000039
 10.7500     0.000033
 11.0000     0.000024
 11.2500     0.000015
 11.5000     0.000007
 11.7500    -0.000000
 12.0000    -0.000005
