  0.2500     0.511423
  0.5000     0.806728
  0.7500    -0.113018
  1.0000    -0.202344
  1.2500     0.079103
  1.5000     0.072121
  1.7500    -0.049397
  2.0000    -0.033501
  2.2500     0.036533
  2.5000     0.014563
  2.7500    -0.027238
  3.0000    -0.004842
  3.2500     0.020433
  3.5000    -0.000516
  3.7500    -0.015128
  4.0000     0.003290
  4.2500     0.011218
  4.5000    -0.004935
  4.7500    -0.007953
  5.0000     0.005637
  5.2500     0.005332
  5.5000    -0.005754
  5.7500    -0.003242
  6.0000     0.005492
  6.2500     0.001621
  6.5000    -0.005047
  6.7500    -0.000308
  7.0000     0.004409
  7.2500    -0.000669
  7.5000    -0.003694
  7.7500     0.001368
  8.0000     0.002953
  8.2500    -0.001832
  8.5000    -0.002234
  8.7500     0.002118
  9.0000     0.001530
  9.2500    -0.002221
  9.5000    -0.000894
  9.7500     0.002190
 10.0000     0.000335
 10.2500    -0.002054
 10.5000     0.000138
 10.7500     0.001842
 11.0000    -0.000531
 11.2500    -0.001562
 11.5000     0.000823
 11.7500     0.001253
 12.0000    -0.001028
