  0.2500     0.438670
  0.5000     0.736605
  0.7500    -0.106533
  1.0000    -0.179709
  1.2500     0.069850
  1.5000     0.065668
  1.7500    -0.044824
  2.0000    -0.030051
  2.2500     0.032889
  2.5000     0.013083
  2.7500    -0.024501
  3.0000    -0.004367
  3.2500     0.018384
  3.5000    -0.000436
  3.7500    -0.013653
  4.0000     0.002986
  4.2500     0.010089
  4.5000    -0.004442
  4.7500    -0.007158
  5.0000     0.005071
  5.2500     0.004805
  5.5000    -0.005181
  5.7500    -0.002924
  6.0000     0.004952
  6.2500     0.001454
  6.5000    -0.004540
  6.7500    -0.000279
  7.0000     0.003970
  7.2500    -0.000601
  7.5000    -0.003327
  7.7500     0.001232
  8.0000     0.002661
  8.2500    -0.001652
  8.5000    -0.002009
  8.7500     0.001906
  9.0000     0.001378
  9.2500    -0.002000
  9.5000    -0.000806
  9.7500     0.001973
 10.0000     0.000302
 10.2500    -0.001850
 10.5000     0.000125
 10.7500     0.001658
 11.0000    -0.000477
 11.2500    -0.001407
 11.5000     0.000741
 11.7500     0.001129
 12.0000    -0.000926
