    0.0000009448          41105.50695          40.57726       41093.05173
    0.0000019015          41000.76110          40.47309       40988.33686
    0.0000028702          40938.97580          40.41132       40926.56952
    0.0000038512          40894.74432          40.36687       40882.35067
    0.0000048444          40815.96732          40.28973       40803.59818
    0.0000058502          40621.46718          40.09883       40609.15810
    0.0000068686          40430.12234          39.91122       40417.87254
    0.0000078998          40219.11363          39.70433       40206.92922
    0.0000089440          40010.63677          39.50004       39998.51706
    0.0000100013          39808.55180          39.30212       39796.49494
    0.0000110719          39615.17340          39.11285       39603.17679
    0.0000121560          39431.02257          38.93273       39419.08346
    0.0000132537          39256.00729          38.76167       39244.12296
    0.0000143652          39089.69268          38.59922       39077.86051
    0.0000154907          38931.51196          38.44484       38919.72953
    0.0000166304          38780.85988          38.29791       38769.12492
    0.0000177844          38637.14154          38.15785       38625.45199
    0.0000189529          38499.79533          38.02410       38488.14928
    0.0000201361          38368.30247          37.89616       38356.69816
    0.0000213342          38242.18949          37.77355       38230.62532
    0.0000225474          38121.02713          37.65584       38109.50162
    0.0000237758          38004.42757          37.54267       37992.93936
    0.0000250197          37892.04091          37.43367       37880.58874
    0.0000262792          37783.55148          37.32855       37772.13420
    0.0000275546          37678.67428          37.22701       37667.29082
    0.0000288460          37577.15170          37.12880       37565.80106
    0.0000301536          37478.75046          37.03370       37467.43172
    0.0000314777          37383.25897          36.94149       37371.97126
    0.0000328185          37290.48489          36.85199       37279.22743
    0.0000341761          37200.25306          36.76502       37189.02509
    0.0000355508          37112.40361          36.68042       37101.20443
    0.0000369428          37026.79030          36.59806       37015.61927
    0.0000383523          36943.27916          36.51779       36932.13565
    0.0000397795          36861.74710          36.43950       36850.63055
    0.0000412247          36782.08092          36.36308       36770.99078
    0.0000426880          36704.17623          36.28842       36693.11199
    0.0000441698          36627.93661          36.21543       36616.89780
    0.0000456702          36553.27287          36.14402       36542.25903
    0.0000471895          36480.10231          36.07411       36469.11301
    0.0000487279          36408.34816          36.00563       36397.38301
    0.0000502856          36337.93902          35.93850       36326.99764
    0.0000518629          36268.80839          35.87265       36257.89041
    0.0000534601          36200.89422          35.80804       36189.99930
    0.0000550773          36134.13853          35.74459       36123.26635
    0.0000567150          36068.48709          35.68227       36057.63734
    0.0000583732          36003.88908          35.62101       35993.06148
    0.0000600522          35940.29682          35.56077       35929.49109
    0.0000617524          35877.66554          35.50151       35866.88141
    0.0000634740          35815.95309          35.44319       35805.19032
    0.0000652172          35755.11982          35.38576       35744.37817
    0.0000669823          35695.12832          35.32920       35684.40756
    0.0000687697          35635.94328          35.27346       35625.24321
    0.0000705795          35577.53135          35.21852       35566.85176
    0.0000724121          35519.86097          35.16434       35509.20167
    0.0000742677          35462.90226          35.11089       35452.26306
    0.0000761467          35406.62689          35.05815       35396.00763
    0.0000780493          35351.00799          35.00609       35340.40849
    0.0000799759          35296.02004          34.95469       35285.44015
    0.0000819267          35241.63876          34.90392       35231.07834
    0.0000839020          35187.84109          34.85376       35177.29998
    0.0000859022          35134.60503          34.80419       35124.08311
    0.0000879275          35081.90963          34.75519       35071.40676
    0.0000899783          35029.73490          34.70674       35019.25097
    0.0000920549          34978.06176          34.65881       34967.59665
    0.0000941576          34926.87198          34.61141       34916.42558
    0.0000962868          34876.14813          34.56449       34865.72033
    0.0000984428          34825.87351          34.51806       34815.46422
    0.0001006258          34776.03216          34.47210       34765.64128
    0.0001028364          34726.60877          34.42659       34716.23622
    0.0001050747          34677.58864          34.38151       34667.23434
    0.0001073412          34628.95769          34.33686       34618.62156
    0.0001096362          34580.70239          34.29261       34570.38435
    0.0001119601          34532.80973          34.24877       34522.50972
    0.0001143132          34485.26720          34.20531       34474.98515
    0.0001166959          34438.06277          34.16223       34427.79863
    0.0001191085          34391.18486          34.11951       34380.93856
    0.0001215515          34344.62228          34.07715       34334.39378
    0.0001240253          34298.36429          34.03513       34288.15354
    0.0001265301          34252.40050          33.99345       34242.20745
    0.0001290665          34206.72088          33.95209       34196.54549
    0.0001316348          34161.31575          33.91104       34151.15800
    0.0001342354          34116.17577          33.87031       34106.03561
    0.0001368686          34071.29188          33.82987       34061.16928
    0.0001395351          34026.65534          33.78973       34016.55027
    0.0001422350          33982.25767          33.74986       33972.17012
    0.0001449689          33938.09067          33.71028       33928.02061
    0.0001477372          33894.14639          33.67096       33884.09380
    0.0001505403          33850.41712          33.63191       33840.38199
    0.0001533787          33806.89538          33.59311       33796.87770
    0.0001562528          33763.57391          33.55455       33753.57368
    0.0001591630          33720.44567          33.51624       33710.46288
    0.0001621099          33677.50381          33.47817       33667.53845
    0.0001650938          33634.74167          33.44033       33624.79374
    0.0001681152          33592.15277          33.40271       33582.22228
    0.0001711746          33549.73083          33.36532       33539.81778
    0.0001742726          33507.46969          33.32813       33497.57409
    0.0001774095          33465.36340          33.29116       33455.48526
    0.0001805858          33423.40613          33.25439       33413.54546
    0.0001838021          33381.59220          33.21781       33371.74902
    0.0001870589          33339.91609          33.18144       33330.09041
    0.0001903566          33298.37238          33.14525       33288.56423
    0.0001936958          33256.95581          33.10925       33247.16521
    0.0001970770          33215.66122          33.07343       33205.88820
    0.0002005008          33174.48358          33.03778       33164.72816
    0.0002039676          33133.41797          33.00231       33123.68019
    0.0002074780          33092.45958          32.96701       33082.73946
    0.0002110325          33051.60370          32.93188       33041.90128
    0.0002146318          33010.84572          32.89690       33001.16104
    0.0002182764          32970.18112          32.86209       32960.51421
    0.0002219668          32929.60547          32.82743       32919.95638
    0.0002257036          32889.11444          32.79292       32879.48322
    0.0002294874          32848.70379          32.75856       32839.09047
    0.0002333188          32808.36932          32.72434       32798.77396
    0.0002371984          32768.10695          32.69027       32758.52960
    0.0002411268          32727.91266          32.65633       32718.35337
    0.0002451046          32687.78249          32.62253       32678.24132
    0.0002491325          32647.71256          32.58887       32638.18957
    0.0002532110          32607.69906          32.55533       32598.19429
    0.0002573408          32567.73822          32.52193       32558.25175
    0.0002615226          32527.82635          32.48864       32518.35824
    0.0002657569          32487.95981          32.45548       32478.51013
    0.0002700445          32448.13502          32.42244       32438.70383
    0.0002743861          32408.34845          32.38952       32398.93583
    0.0002787823          32368.59662          32.35672       32359.20263
    0.0002832337          32328.87610          32.32403       32319.50082
    0.0002877412          32289.18350          32.29145       32279.82701
    0.0002923053          32249.51547          32.25897       32240.17786
    0.0002969269          32209.86874          32.22661       32200.55007
    0.0003016066          32170.24003          32.19435       32160.94039
    0.0003063452          32130.62612          32.16219       32121.34561
    0.0003111433          32091.02385          32.13014       32081.76255
    0.0003160018          32051.43005          32.09818       32042.18805
    0.0003209215          32011.84163          32.06632       32002.61903
    0.0003259030          31972.25550          32.03456       31963.05239
    0.0003309471          31932.66862          32.00289       31923.48509
    0.0003360548          31893.07796          31.97132       31883.91412
    0.0003412266          31853.48055          31.93983       31844.33649
    0.0003464635          31813.87341          31.90844       31804.74925
    0.0003517663          31774.25361          31.87713       31765.14945
    0.0003571358          31734.61824          31.84591       31725.53418
    0.0003625728          31694.96441          31.81478       31685.90057
    0.0003680783          31655.28925          31.78373       31646.24575
    0.0003736529          31615.58992          31.75276       31606.56687
    0.0003792977          31575.86359          31.72187       31566.86111
    0.0003850135          31536.10745          31.69107       31527.12567
    0.0003908012          31496.31872          31.66034       31487.35775
    0.0003966617          31456.49462          31.62969       31447.55460
    0.0004025959          31416.63241          31.59911       31407.71345
    0.0004086047          31376.72932          31.56862       31367.83157
    0.0004146892          31336.78265          31.53819       31327.90623
    0.0004208501          31296.78967          31.50785       31287.93473
    0.0004270886          31256.74768          31.47757       31247.91435
    0.0004334055          31216.65400          31.44737       31207.84242
    0.0004398019          31176.50594          31.41723       31167.71626
    0.0004462787          31136.30083          31.38717       31127.53320
    0.0004528370          31096.03601          31.35718       31087.29058
    0.0004594778          31055.70884          31.32726       31046.98575
    0.0004662022          31015.31666          31.29740       31006.61608
    0.0004730111          30974.85685          31.26761       30966.17893
    0.0004799057          30934.32676          31.23789       30925.67166
    0.0004868869          30893.72378          31.20824       30885.09167
    0.0004939560          30853.04528          31.17865       30844.43633
    0.0005011141          30812.28865          31.14913       30803.70302
    0.0005083621          30771.45128          31.11967       30762.88915
    0.0005157013          30730.53056          31.09028       30721.99210
    0.0005231329          30689.52388          31.06095       30681.00927
    0.0005306579          30648.42864          31.03168       30639.93806
    0.0005382776          30607.24224          31.00248       30598.77588
    0.0005459931          30565.96208          30.97334       30557.52013
    0.0005538056          30524.58556          30.94427       30516.16821
    0.0005617165          30483.11007          30.91526       30474.71752
    0.0005697268          30441.53302          30.88631       30433.16546
    0.0005778379          30399.85182          30.85742       30391.50944
    0.0005860510          30358.06384          30.82860       30349.74687
    0.0005943674          30316.16650          30.79984       30307.87513
    0.0006027885          30274.15718          30.77114       30265.89163
    0.0006113154          30232.03328          30.74250       30223.79376
    0.0006199497          30189.79218          30.71393       30181.57891
    0.0006286925          30147.43127          30.68542       30139.24448
    0.0006375453          30104.94793          30.65697       30096.78784
    0.0006465094          30062.33954          30.62859       30054.20638
    0.0006555863          30019.60347          30.60027       30011.49747
    0.0006647774          29976.73708          30.57202       29968.65849
    0.0006740841          29933.73775          30.54383       29925.68679
    0.0006835078          29890.60282          30.51570       29882.57975
    0.0006930501          29847.32965          30.48764       29839.33471
    0.0007027124          29803.91558          30.45965       29795.94903
    0.0007124963          29760.35795          30.43172       29752.42004
    0.0007224032          29716.65409          30.40386       29708.74509
    0.0007324347          29672.80132          30.37607       29664.92150
    0.0007425924          29628.79697          30.34835       29620.94659
    0.0007528779          29584.63834          30.32069       29576.81767
    0.0007632927          29540.32273          30.29311       29532.53206
    0.0007738386          29495.84744          30.26559       29488.08704
    0.0007845171          29451.20974          30.23815       29443.47991
    0.0007953299          29406.40692          30.21078       29398.70795
    0.0008062788          29361.43625          30.18349       29353.76843
    0.0008173653          29316.29498          30.15627       29308.65861
    0.0008285913          29270.98035          30.12912       29263.37575
    0.0008399585          29225.48962          30.10206       29217.91708
    0.0008514687          29179.82000          30.07507       29172.27985
    0.0008631237          29133.96872          30.04816       29126.46128
    0.0008749253          29087.93298          30.02133       29080.45858
    0.0008868753          29041.70999          29.99459       29034.26896
    0.0008989756          28995.29694          29.96793       28987.88961
    0.0009112281          28948.69099          29.94136       28941.31771
    0.0009236348          28901.88933          29.91487       28894.55043
    0.0009361975          28854.88910          29.88847       28847.58495
    0.0009489182          28807.68745          29.86217       28800.41840
    0.0009617990          28760.28152          29.83595       28753.04794
    0.0009748417          28712.66842          29.80984       28705.47067
    0.0009880485          28664.84527          29.78381       28657.68374
    0.0010014215          28616.80917          29.75789       28609.68423
    0.0010149626          28568.55721          29.73207       28561.46925
    0.0010286741          28520.08646          29.70635       28513.03588
    0.0010425580          28471.39400          29.68074       28464.38119
    0.0010566166          28422.47686          29.65523       28415.50224
    0.0010708520          28373.33210          29.62984       28366.39607
    0.0010852665          28323.95675          29.60455       28317.05973
    0.0010998623          28274.34781          29.57939       28267.49024
    0.0011146417          28224.50231          29.55434       28217.68460
    0.0011296070          28174.41722          29.52941       28167.63983
    0.0011447605          28124.08955          29.50461       28117.35291
    0.0011601046          28073.51624          29.47993       28066.82082
    0.0011756417          28022.69427          29.45539       28016.04052
    0.0011913743          27971.62058          29.43098       27965.00897
    0.0012073048          27920.29210          29.40670       27913.72311
    0.0012234356          27868.70576          29.38257       27862.17986
    0.0012397693          27816.85846          29.35857       27810.37616
    0.0012563085          27764.74711          29.33473       27758.30890
    0.0012730558          27712.36860          29.31104       27705.97498
    0.0012900136          27659.71979          29.28750       27653.37128
    0.0013071848          27606.79756          29.26412       27600.49468
    0.0013245720          27553.59876          29.24090       27547.34205
    0.0013421779          27500.12023          29.21785       27493.91022
    0.0013600052          27446.35880          29.19497       27440.19604
    0.0013780568          27392.31130          29.17227       27386.19634
    0.0013963354          27337.97452          29.14975       27331.90794
    0.0014148440          27283.34528          29.12741       27277.32764
    0.0014335853          27228.42035          29.10526       27222.45224
    0.0014525624          27173.19652          29.08331       27167.27853
    0.0014717782          27117.67055          29.06155       27111.80330
    0.0014912357          27061.83921          29.04001       27056.02329
    0.0015109380          27005.69924          29.01867       26999.93528
    0.0015308881          26949.24738          28.99755       26943.53602
    0.0015510891          26892.48037          28.97665       26886.82224
    0.0015715442          26835.39492          28.95597       26829.79067
    0.0015922566          26777.98775          28.93554       26772.43805
    0.0016132295          26720.25556          28.91534       26714.76108
    0.0016344663          26662.19505          28.89538       26656.75648
    0.0016559702          26603.80291          28.87568       26598.42095
    0.0016777445          26545.07582          28.85624       26539.75117
    0.0016997927          26486.01047          28.83706       26480.74384
    0.0017221183          26426.60351          28.81816       26421.39564
    0.0017447247          26366.85162          28.79954       26361.70324
    0.0017676155          26306.75145          28.78120       26301.66332
    0.0017907941          26246.29965          28.76316       26241.27253
    0.0018142644          26185.49287          28.74542       26180.52755
    0.0018380298          26124.32776          28.72799       26119.42502
    0.0018620942          26062.80096          28.71088       26057.96160
    0.0018864613          26000.90910          28.69410       25996.13394
    0.0019111349          25938.64882          28.67765       25933.93869
    0.0019361188          25876.01675          28.66155       25871.37249
    0.0019614170          25813.00952          28.64580       25808.43199
    0.0019870334          25749.62377          28.63041       25745.11383
    0.0020129720          25685.85612          28.61540       25681.41465
    0.0020392369          25621.70320          28.60076       25617.33111
    0.0020658321          25557.16164          28.58652       25552.85984
    0.0020927619          25492.22808          28.57268       25487.99750
    0.0021200305          25426.89915          28.55925       25422.74072
    0.0021476420          25361.17148          28.54624       25357.08617
    0.0021756008          25295.04173          28.53367       25291.03051
    0.0022039113          25228.50653          28.52154       25224.57038
    0.0022325779          25161.56254          28.50986       25157.70247
    0.0022616051          25094.20641          28.49865       25090.42345
    0.0022909974          25026.43481          28.48792       25022.72999
    0.0023207594          24958.24441          28.47769       24954.61878
    0.0023508958          24889.63189          28.46795       24886.08652
    0.0023814112          24820.59394          28.45874       24817.12993
    0.0024123105          24751.12726          28.45005       24747.74571
    0.0024435984          24681.22857          28.44191       24677.93060
    0.0024752799          24610.89458          28.43432       24607.68134
    0.0025073599          24540.12204          28.42730       24536.99469
    0.0025398435          24468.90770          28.42087       24465.86741
    0.0025727356          24397.24832          28.41504       24394.29630
    0.0026060414          24325.14069          28.40982       24322.27816
    0.0026397662          24252.58161          28.40523       24249.80980
    0.0026739152          24179.56790          28.40129       24176.88808
    0.0027084937          24106.09641          28.39800       24103.50984
    0.0027435072          24032.16399          28.39540       24029.67199
    0.0027789611          23957.76753          28.39349       23955.37141
    0.0028148609          23882.90393          28.39229       23880.60504
    0.0028512123          23807.57014          28.39182       23805.36983
    0.0028880210          23731.76310          28.39209       23729.66277
    0.0029252926          23655.47981          28.39313       23653.48086
    0.0029630331          23578.71728          28.39495       23576.82114
    0.0030012483          23501.47255          28.39757       23499.68069
    0.0030399441          23423.74271          28.40102       23422.05660
    0.0030791267          23345.52487          28.40531       23343.94600
    0.0031188022          23266.81617          28.41045       23265.34608
    0.0031589767          23187.61379          28.41648       23186.25403
    0.0031996566          23107.91496          28.42341       23106.66710
    0.0032408481          23027.71693          28.43127       23026.58258
    0.0032825578          22947.01701          28.44007       22945.99779
    0.0033247921          22865.81254          28.44984       22864.91010
    0.0033675576          22784.10090          28.46060       22783.31694
    0.0034108611          22701.87954          28.47237       22701.21575
    0.0034547093          22619.14594          28.48518       22618.60405
    0.0034991090          22535.89762          28.49906       22535.47941
    0.0035440672          22452.13218          28.51402       22451.83943
    0.0035895908          22367.84724          28.53010       22367.68177
    0.0036356872          22283.04051          28.54731       22283.00417
    0.0036823633          22197.70973          28.56568       22197.80440
    0.0037296265          22111.85271          28.58525       22112.08030
    0.0037774843          22025.46733          28.60603       22025.82978
    0.0038259440          21938.55152          28.62806       21939.05080
    0.0038750132          21851.10328          28.65137       21851.74138
    0.0039246997          21763.12068          28.67598       21763.89964
    0.0039750112          21674.60185          28.70191       21675.52374
    0.0040259555          21585.54501          28.72921       21586.61192
    0.0040775406          21495.94843          28.75791       21497.16251
    0.0041297745          21405.81049          28.78803       21407.17388
    0.0041826655          21315.12961          28.81960       21316.64453
    0.0042362218          21223.90433          28.85266       21225.57300
    0.0042904517          21132.13323          28.88724       21133.95793
    0.0043453638          21039.81502          28.92337       21041.79804
    0.0044009665          20946.94846          28.96109       20949.09216
    0.0044572687          20853.53244          29.00043       20855.83918
    0.0045142791          20759.56590          29.04143       20762.03810
    0.0045720065          20665.04791          29.08413       20667.68802
    0.0046304601          20569.97762          29.12855       20572.78813
    0.0046896489          20474.35428          29.17474       20477.33773
    0.0047495822          20378.17727          29.22273       20381.33622
    0.0048102695          20281.44604          29.27257       20284.78309
    0.0048717200          20184.16017          29.32429       20187.67798
    0.0049339435          20086.31935          29.37793       20090.02059
    0.0049969497          19987.92337          29.43353       19991.81079
    0.0050607484          19888.97215          29.49113       19893.04851
    0.0051253496          19789.46574          29.55078       19793.73385
    0.0051907634          19689.40429          29.61252       19693.86701
    0.0052570000          19588.78809          29.67638       19593.44832
    0.0053240697          19487.61756          29.74242       19492.47823
    0.0053919831          19385.89323          29.81068       19390.95734
    0.0054607507          19283.61579          29.88120       19288.88636
    0.0055303833          19180.78605          29.95403       19186.26617
    0.0056008917          19077.40498          30.02921       19083.09776
    0.0056722871          18973.47367          30.10679       18979.38228
    0.0057445805          18868.99338          30.18683       18875.12103
    0.0058177832          18763.96548          30.26936       18770.31544
    0.0058919068          18658.39155          30.35444       18664.96711
    0.0059669626          18552.27326          30.44212       18559.07780
    0.0060429626          18445.61250          30.53245       18452.64941
    0.0061199185          18338.41128          30.62547       18345.68402
    0.0061978424          18230.67178          30.72125       18238.18386
    0.0062767465          18122.39637          30.81983       18130.15133
    0.0063566431          18013.58756          30.92127       18021.58902
    0.0064375446          17904.24806          31.02562       17912.49966
    0.0065194638          17794.38074          31.13294       17802.88620
    0.0066024134          17683.98866          31.24328       17692.75173
    0.0066864063          17573.07506          31.35669       17582.09955
    0.0067714558          17461.64335          31.47325       17470.93313
    0.0068575750          17349.69716          31.59299       17359.25613
    0.0069447775          17237.24029          31.71598       17247.07243
    0.0070330768          17124.27674          31.84228       17134.38607
    0.0071224869          17010.81070          31.97195       17021.20130
    0.0072130215          16896.84659          32.10505       16907.52259
    0.0073046950          16782.38900          32.24164       16793.35458
    0.0073975216          16667.44274          32.38178       16678.70214
    0.0074915157          16552.01284          32.52553       16563.57036
    0.0075866922          16436.10452          32.67295       16447.96452
    0.0076830659          16319.72325          32.82411       16331.89012
    0.0077806518          16202.87468          32.97907       16215.35290
    0.0078794651          16085.56472          33.13790       16098.35880
    0.0079795214          15967.79946          33.30066       15980.91398
    0.0080808363          15849.58526          33.46741       15863.02485
    0.0081834255          15730.92869          33.63823       15744.69804
    0.0082873051          15611.83654          33.81317       15625.94040
    0.0083924914          15492.31585          33.99230       15506.75902
    0.0084990008          15372.37390          34.17570       15387.16125
    0.0086068498          15252.01820          34.36342       15267.15464
    0.0087160555          15131.25651          34.55554       15146.74701
    0.0088266348          15010.09682          34.75212       15025.94642
    0.0089386050          14888.54737          34.95323       14904.76116
    0.0090519836          14766.61668          35.15895       14783.19980
    0.0091667884          14644.31346          35.36933       14661.27112
    0.0092830372          14521.64672          35.58446       14538.98418
    0.0094007482          14398.62572          35.80439       14416.34828
    0.0095199399          14275.25994          36.02920       14293.37299
    0.0096406308          14151.55915          36.25896       14170.06812
    0.0097628399          14027.53338          36.49373       14046.44374
    0.0098865861          13903.19289          36.73359       13922.51019
    0.0100118888          13778.54823          36.97861       13798.27806
    0.0101387677          13653.61021          37.22886       13673.75822
    0.0102672425          13528.38987          37.48440       13548.96176
    0.0103973333          13402.89856          37.74531       13423.90009
    0.0105290605          13277.14785          38.01165       13298.58483
    0.0106624446          13151.14962          38.28349       13173.02790
    0.0107975065          13024.91598          38.56091       13047.24147
    0.0109342672          12898.45931          38.84397       12921.23798
    0.0110727482          12771.79226          39.13274       12795.03013
    0.0112129710          12644.92777          39.42728       12668.63088
    0.0113549576          12517.87899          39.72767       12542.05346
    0.0114987302          12390.65938          40.03397       12415.31136
    0.0116443113          12263.28265          40.34624       12288.41833
    0.0117917235          12135.76276          40.66455       12161.38840
    0.0119409899          12008.11394          40.98896       12034.23582
    0.0120921339          11880.35069          41.31954       11906.97514
    0.0122451790          11752.48775          41.65635       11779.62113
    0.0124001492          11624.54013          41.99944       11652.18885
    0.0125570687          11496.52309          42.34889       11524.69359
    0.0127159620          11368.45213          42.70474       11397.15089
    0.0128768539          11240.34301          43.06706       11269.57655
    0.0130397696          11112.21174          43.43589       11141.98661
    0.0132047346          10984.07458          43.81131       11014.39733
    0.0133717745          10855.94800          44.19335       10886.82525
    0.0135409155          10727.84874          44.58206       10759.28711
    0.0137121841          10599.79375          44.97751       10631.79989
    0.0138856069          10471.80022          45.37973       10504.38081
    0.0140612112          10343.88556          45.78877       10377.04728
    0.0142390243          10216.06741          46.20467       10249.81697
    0.0144190740          10088.36361          46.62748       10122.70773
    0.0146013884           9960.79222          47.05722        9995.73762
    0.0147859961           9833.37150          47.49395        9868.92493
    0.0149729258           9706.11990          47.93769        9742.28810
    0.0151622068           9579.05609          48.38847        9615.84579
    0.0153538687           9452.19889          48.84632        9489.61684
    0.0155479414           9325.56731          49.31126        9363.62025
    0.0157444553           9199.18056          49.78332        9237.87521
    0.0159434410           9073.05798          50.26252        9112.40106
    0.0161449296           8947.21908          50.74886        8987.21730
    0.0163489526           8821.68353          51.24237        8862.34355
    0.0165555419           8696.47111          51.74304        8737.79960
    0.0167647298           8571.60177          52.25089        8613.60536
    0.0169765490           8447.09556          52.76591        8489.78084
    0.0171910325           8322.97265          53.28810        8366.34618
    0.0174082139           8199.25331          53.81745        8243.32161
    0.0176281271           8075.95792          54.35395        8120.72746
    0.0178508064           7953.10693          54.89758        7998.58413
    0.0180762867           7830.72086          55.44831        7876.91210
    0.0183046033           7708.82031          56.00613        7755.73189
    0.0185357916           7587.42593          56.57100        7635.06408
    0.0187698880           7466.55838          57.14288        7514.92929
    0.0190069289           7346.23840          57.72174        7395.34815
    0.0192469515           7226.48671          58.30751        7276.34131
    0.0194899932           7107.32404          58.90015        7157.92941
    0.0197360919           6988.77112          59.49960        7040.13309
    0.0199852862           6870.84865          60.10580        6922.97295
    0.0202376150           6753.57731          60.71866        6806.46956
    0.0204931176           6636.97772          61.33812        6690.64342
    0.0207518341           6521.07044          61.96408        6575.51499
    0.0210138049           6405.87597          62.59646        6461.10462
    0.0212790708           6291.41469          63.23516        6347.43257
    0.0215476734           6177.70690          63.88007        6234.51900
    0.0218196546           6064.77277          64.53108        6122.38394
    0.0220950569           5952.63236          65.18807        6011.04727
    0.0223739233           5841.30554          65.85091        5900.52872
    0.0226562974           5730.81205          66.51947        5790.84785
    0.0229422234           5621.17143          67.19360        5682.02404
    0.0232317458           5512.40305          67.87315        5574.07645
    0.0235249100           5404.52603          68.55796        5467.02403
    0.0238217618           5297.55931          69.24787        5360.88550
    0.0241223475           5191.52155          69.94270        5255.67932
    0.0244267141           5086.43117          70.64226        5151.42369
    0.0247349091           4982.30631          71.34636        5048.13652
    0.0250469808           4879.16481          72.05479        4945.83543
    0.0253629778           4777.02423          72.76735        4844.53772
    0.0256829496           4675.90176          73.48381        4744.26034
    0.0260069462           4575.81430          74.20394        4645.01992
    0.0263350181           4476.77836          74.92751        4546.83271
    0.0266672167           4378.81009          75.65426        4449.71457
    0.0270035938           4281.92526          76.38394        4353.68098
    0.0273442020           4186.13920          77.11627        4258.74700
    0.0276890945           4091.46686          77.85098        4164.92725
    0.0280383253           3997.92274          78.58777        4072.23591
    0.0283919488           3905.52087          79.32636        3980.68671
    0.0287500204           3814.27483          80.06642        3890.29288
    0.0291125959           3724.19772          80.80765        3801.06718
    0.0294797321           3635.30214          81.54971        3713.02184
    0.0298514863           3547.60015          82.29227        3626.16859
    0.0302279166           3461.10332          83.03497        3540.51862
    0.0306090818           3375.82266          83.77746        3456.08255
    0.0309950415           3291.76862          84.51936        3372.87045
    0.0313858559           3208.95110          85.26029        3290.89181
    0.0317815862           3127.37940          85.99987        3210.15553
    0.0321822941           3047.06223          86.73769        3130.66991
    0.0325880424           2968.00770          87.47335        3052.44262
    0.0329988943           2890.22329          88.20642        2975.48073
    0.0334149141           2813.71587          88.93648        2899.79063
    0.0338361668           2738.49164          89.66308        2825.37811
    0.0342627182           2664.55617          90.38577        2752.24826
    0.0346946350           2591.91438          91.10409        2680.40552
    0.0351319846           2520.57050          91.81758        2609.85367
    0.0355748353           2450.52810          92.52576        2540.59578
    0.0360232565           2381.79005          93.22814        2472.63423
    0.0364773181           2314.35854          93.92423        2405.97072
    0.0369370911           2248.23507          94.61351        2340.60624
    0.0374026473           2183.42042          95.29549        2276.54106
    0.0378740595           2119.91467          95.96963        2213.77474
    0.0383514014           2057.71721          96.63542        2152.30614
    0.0388347474           1996.82668          97.29231        2092.13338
    0.0393241732           1937.24103          97.93977        2033.25388
    0.0398197552           1878.95749          98.57724        1975.66431
    0.0403215709           1821.97258          99.20418        1919.36065
    0.0408296986           1766.28208          99.82001        1864.33814
    0.0413442178           1711.88107         100.42417        1810.59131
    0.0418652089           1658.76393         101.01610        1758.11397
    0.0423927532           1606.92431         101.59522        1706.89922
    0.0429269332           1556.35516         102.16094        1656.93946
    0.0434678324           1507.04875         102.71269        1608.22637
    0.0440155352           1458.99662         103.24988        1560.75095
    0.0445701273           1412.18966         103.77192        1514.50351
    0.0451316953           1366.61806         104.27822        1469.47370
    0.0457003270           1322.27135         104.76820        1425.65046
    0.0462761111           1279.13839         105.24126        1383.02211
    0.0468591378           1237.20741         105.69681        1341.57631
    0.0474494980           1196.46599         106.13426        1301.30009
    0.0480472840           1156.90110         106.55304        1262.17985
    0.0486525893           1118.49908         106.95255        1224.20141
    0.0492655083           1081.24569         107.33221        1187.34996
    0.0498861369           1045.12611         107.69144        1151.61016
    0.0505145721           1010.12496         108.02968        1116.96609
    0.0511509120            976.22631         108.34636        1083.40130
    0.0517952561            943.41370         108.64091        1050.89882
    0.0524477050            911.67017         108.91280        1019.44117
    0.0531083608            880.97828         109.16147         989.01042
    0.0537773265            851.32010         109.38639         959.58817
    0.0544547068            822.67729         109.58703         931.15558
    0.0551406075            795.03105         109.76290         903.69341
    0.0558351358            768.36221         109.91347         877.18202
    0.0565384002            742.65121         110.03828         851.60143
    0.0572505105            717.87813         110.13685         826.93131
    0.0579715781            694.02274         110.20871         803.15103
    0.0587017156            671.06451         110.25343         780.23964
    0.0594410371            648.98261         110.27059         758.17598
    0.0601896581            627.75598         110.25977         736.93864
    0.0609476956            607.36334         110.22059         716.50599
    0.0617152681            587.78320         110.15268         696.85624
    0.0624924954            568.99390         110.05570         677.96745
    0.0632794990            550.97365         109.92932         659.81757
    0.0640764020            533.70054         109.77324         642.38444
    0.0648833287            517.15257         109.58718         625.64585
    0.0657004053            501.30770         109.37089         609.57955
    0.0665277595            486.14382         109.12413         594.16330
    0.0673655205            471.63885         108.84671         579.37485
    0.0682138192            457.77073         108.53845         565.19203
    0.0690727883            444.51745         108.19921         551.59275
    0.0699425618            431.85706         107.82886         538.55501
    0.0708232757            419.76775         107.42732         526.05695
    0.0717150677            408.22781         106.99452         514.07689
    0.0726180770            397.21571         106.53044         502.59332
    0.0735324448            386.71011         106.03508         491.58495
    0.0744583139            376.68986         105.50848         481.03074
    0.0753958290            367.13406         104.95070         470.90990
    0.0763451366            358.02206         104.36184         461.20196
    0.0773063850            349.33351         103.74203         451.88674
    0.0782797245            341.04836         103.09145         442.94441
    0.0792653070            333.14687         102.41030         434.35550
    0.0802632866            325.60968         101.69881         426.10093
    0.0812738193            318.41779         100.95725         418.16202
    0.0822970629            311.55258         100.18593         410.52051
    0.0833331773            304.99585          99.38520         403.15859
    0.0843823245            298.72983          98.55543         396.05891
    0.0854446683            292.73719          97.69704         389.20461
    0.0865203747            287.00106          96.81048         382.57929
    0.0876096119            281.50504          95.89624         376.16710
    0.0887125500            276.23325          94.95483         369.95270
    0.0898293613            271.17026          93.98682         363.92126
    0.0909602204            266.30119          92.99279         358.05852
    0.0921053039            261.61168          91.97339         352.35078
    0.0932647908            257.08788          90.92927         346.78490
    0.0944388623            252.71651          89.86114         341.34829
    0.0956277017            248.48482          88.76972         336.02898
    0.0968314950            244.38060          87.65579         330.81554
    0.0980504301            240.39223          86.52014         325.69715
    0.0992846974            236.50861          85.36360         320.66358
    0.1005344900            232.71924          84.18703         315.70517
    0.1018000030            229.01414          82.99134         310.81286
    0.1030814343            225.38392          81.77743         305.97819
    0.1043789839            221.81974          80.54626         301.19327
    0.1056928547            218.31332          79.29881         296.45077
    0.1070232520            214.85692          78.03607         291.74396
    0.1083703836            211.44335          76.75907         287.06668
    0.1097344600            208.06597          75.46886         282.41330
    0.1111156944            204.71865          74.16650         277.77877
    0.1125143026            201.39581          72.85308         273.15856
    0.1139305031            198.09236          71.52971         268.54867
    0.1153645172            194.80371          70.19750         263.94562
    0.1168165690            191.52580          68.85759         259.34644
    0.1182868854            188.25499          67.51112         254.74862
    0.1197756961            184.98817          66.15925         250.15015
    0.1212832337            181.72262          64.80314         245.54947
    0.1228097338            178.45609          63.44396         240.94546
    0.1243554349            175.18676          62.08287         236.33741
    0.1259205785            171.91319          60.72106         231.72502
    0.1275054092            168.63434          59.35969         227.10839
    0.1291101746            165.34954          57.99993         222.48797
    0.1307351255            162.05848          56.64295         217.86457
    0.1323805158            158.76117          55.28990         213.23930
    0.1340466025            155.45795          53.94192         208.61359
    0.1357336460            152.14945          52.60016         203.98918
    0.1374419099            148.83659          51.26572         199.36802
    0.1391716611            145.52053          49.93972         194.75235
    0.1409231699            142.20269          48.62324         190.14461
    0.1426967100            138.88469          47.31734         185.54744
    0.1444925585            135.56838          46.02307         180.96366
    0.1463109959            132.25577          44.74143         176.39624
    0.1481523065            128.94904          43.47341         171.84829
    0.1500167779            125.65051          42.21998         167.32304
    0.1519047015            122.36262          40.98207         162.82380
    0.1538163723            119.08793          39.76057         158.35398
    0.1557520889            115.82908          38.55633         153.91701
    0.1577121538            112.58879          37.37019         149.51638
    0.1596968733            109.36980          36.20294         145.15558
    0.1617065575            106.17492          35.05531         140.83810
    0.1637415204            103.00697          33.92803         136.56742
    0.1658020800             99.86875          32.82174         132.34696
    0.1678885582             96.76309          31.73708         128.18012
    0.1700012811             93.69275          30.67463         124.07019
    0.1721405788             90.66047          29.63491         120.02040
    0.1743067856             87.66894          28.61841         116.03388
    0.1765002398             84.72075          27.62558         112.11363
    0.1787212844             81.81845          26.65680         108.26255
    0.1809702662             78.96447          25.71243         104.48338
    0.1832475367             76.16115          24.79276         100.77872
    0.1855534518             73.41071          23.89804          97.15103
    0.1878883717             70.71527          23.02848          93.60259
    0.1902526613             68.07679          22.18422          90.13549
    0.1926466900             65.49713          21.36537          86.75166
    0.1950708319             62.97796          20.57200          83.45286
    0.1975254657             60.52086          19.80412          80.24061
    0.2000109750             58.12721          19.06169          77.11629
    0.2025277482             55.79825          18.34463          74.08103
    0.2050761785             53.53507          17.65282          71.13580
    0.2076566641             51.33858          16.98610          68.28134
    0.2102696082             49.20955          16.34425          65.51821
    0.2129154190             47.14856          15.72703          62.84676
    0.2155945101             45.15605          15.13414          60.26713
    0.2183073000             43.23227          14.56527          57.77927
    0.2210542127             41.37735          14.02004          55.38294
    0.2238356772             39.59121          13.49806          53.07771
    0.2266521282             37.87365          12.99889          50.86296
    0.2295040058             36.22432          12.52208          48.73788
    0.2323917557             34.64269          12.06713          46.70150
    0.2353158289             33.12811          11.63352          44.75267
    0.2382766825             31.67979          11.22071          42.89009
    0.2412747790             30.29681          10.82813          41.11230
    0.2443105869             28.97811          10.45519          39.41770
    0.2473845806             27.72252          10.10128          37.80455
    0.2504972404             26.52876           9.76579          36.27098
    0.2536490526             25.39544           9.44806          34.81501
    0.2568405097             24.32107           9.14745          33.43454
    0.2600721105             23.30408           8.86330          32.12737
    0.2633443597             22.34280           8.59494          30.89124
    0.2666577688             21.43551           8.34169          29.72377
    0.2700128554             20.58039           8.10288          28.62255
    0.2734101439             19.77561           7.87783          27.58507
    0.2768501649             19.01924           7.66584          26.60881
    0.2803334561             18.30935           7.46626          25.69119
    0.2838605617             17.64395           7.27840          24.82961
    0.2874320329             17.02104           7.10160          24.02144
    0.2910484276             16.43860           6.93519          23.26406
    0.2947103109             15.89459           6.77853          22.55481
    0.2984182551             15.38699           6.63097          21.89109
    0.3021728395             14.91375           6.49190          21.27029
    0.3059746507             14.47287           6.36069          20.68981
    0.3098242828             14.06235           6.23675          20.14711
    0.3137223374             13.68022           6.11950          19.63968
    0.3176694234             13.32454           6.00837          19.16505
    0.3216661577             12.99340           5.90282          18.72082
    0.3257131647             12.68496           5.80233          18.30463
    0.3298110767             12.39739           5.70639          17.91422
    0.3339605342             12.12895           5.61451          17.54737
    0.3381621854             11.87793           5.52624          17.20196
    0.3424166869             11.64269           5.44114          16.87593
    0.3467247034             11.42167           5.35879          16.56732
    0.3510869081             11.21336           5.27881          16.27426
    0.3555039826             11.01633           5.20083          15.99498
    0.3599766170             10.82922           5.12451          15.72779
    0.3645055102             10.65075           5.04952          15.47111
    0.3690913700             10.47970           4.97559          15.22344
    0.3737349127             10.31496           4.90244          14.98340
    0.3784368640             10.15546           4.82982          14.74969
    0.3831979586             10.00023           4.75753          14.52112
    0.3880189403              9.84837           4.68535          14.29659
    0.3929005626              9.69906           4.61312          14.07510
    0.3978435881              9.55155           4.54068          13.85575
    0.4028487892              9.40517           4.46790          13.63773
    0.4079169480              9.25931           4.39468          13.42030
    0.4130488563              9.11345           4.32091          13.20284
    0.4182453162              8.96711           4.24652          12.98478
    0.4235071394              8.81991           4.17146          12.76567
    0.4288351483              8.67150           4.09570          12.54509
    0.4342301752              8.52161           4.01921          12.32275
    0.4396930633              8.37002           3.94197          12.09839
    0.4452246660              8.21657           3.86401          11.87182
    0.4508258477              8.06114           3.78534          11.64292
    0.4564974835              7.90367           3.70598          11.41165
    0.4622404598              7.74414           3.62599          11.17798
    0.4680556739              7.58256           3.54542          10.94197
    0.4739440343              7.41900           3.46432          10.70370
    0.4799064612              7.25355           3.38277          10.46330
    0.4859438862              7.08633           3.30085          10.22095
    0.4920572526              6.91749           3.21863           9.97685
    0.4982475157              6.74721           3.13620           9.73122
    0.5045156428              6.57569           3.05365           9.48432
    0.5108626131              6.40313           2.97108           9.23644
    0.5172894186              6.22977           2.88859           8.98787
    0.5237970633              6.05586           2.80627           8.73892
    0.5303865641              5.88163           2.72423           8.48991
    0.5370589506              5.70736           2.64256           8.24118
    0.5438152654              5.53330           2.56135           7.99305
    0.5506565642              5.35972           2.48072           7.74586
    0.5575839159              5.18688           2.40075           7.49995
    0.5645984030              5.01505           2.32154           7.25565
    0.5717011214              4.84448           2.24318           7.01328
    0.5788931811              4.67542           2.16576           6.77317
    0.5861757057              4.50812           2.08936           6.53562
    0.5935498333              4.34282           2.01405           6.30092
    0.6010167159              4.17974           1.93992           6.06937
    0.6085775203              4.01909           1.86704           5.84124
    0.6162334280              3.86108           1.79547           5.61677
    0.6239856351              3.70589           1.72527           5.39621
    0.6318353530              3.55371           1.65651           5.17979
    0.6397838082              3.40469           1.58922           4.96769
    0.6478322426              3.25898           1.52347           4.76012
    0.6559819139              3.11672           1.45928           4.55724
    0.6642340954              2.97802           1.39670           4.35920
    0.6725900766              2.84299           1.33575           4.16613
    0.6810511631              2.71171           1.27646           3.97815
    0.6896186770              2.58426           1.21885           3.79536
    0.6982939569              2.46070           1.16294           3.61782
    0.7070783584              2.34108           1.10874           3.44560
    0.7159732541              2.22543           1.05625           3.27875
    0.7249800338              2.11377           1.00547           3.11730
    0.7341001049              2.00610           0.95641           2.96125
    0.7433348923              1.90242           0.90906           2.81060
    0.7526858390              1.80272           0.86340           2.66535
    0.7621544062              1.70696           0.81943           2.52545
    0.7717420732              1.61512           0.77712           2.39086
    0.7814503383              1.52714           0.73646           2.26153
    0.7912807184              1.44297           0.69743           2.13740
    0.8012347493              1.36255           0.65999           2.01839
    0.8113139866              1.28581           0.62412           1.90441
    0.8215200051              1.21267           0.58980           1.79537
    0.8318543995              1.14304           0.55697           1.69118
    0.8423187846              1.07684           0.52563           1.59172
    0.8529147954              1.01398           0.49571           1.49687
    0.8636440876              0.95435           0.46720           1.40653
    0.8745083377              0.89787           0.44005           1.32056
    0.8855092433              0.84442           0.41422           1.23885
    0.8966485232              0.79390           0.38967           1.16125
    0.9079279180              0.74621           0.36636           1.08765
    0.9193491902              0.70123           0.34425           1.01789
    0.9309141242              0.65887           0.32330           0.95186
    0.9426245272              0.61900           0.30347           0.88940
    0.9544822290              0.58153           0.28471           0.83039
    0.9664890823              0.54634           0.26698           0.77470
    0.9786469632              0.51333           0.25024           0.72217
    0.9909577714              0.48239           0.23445           0.67269
    1.0034234305              0.45343           0.21957           0.62612
    1.0160458883              0.42633           0.20557           0.58233
    1.0288271171              0.40101           0.19239           0.54119
    1.0417691139              0.37735           0.18001           0.50258
    1.0548739011              0.35528           0.16838           0.46638
    1.0681435261              0.33470           0.15746           0.43246
    1.0815800625              0.31552           0.14724           0.40071
    1.0951856097              0.29765           0.13765           0.37102
    1.1089622937              0.28102           0.12868           0.34327
    1.1229122670              0.26554           0.12030           0.31738
    1.1370377093              0.25115           0.11246           0.29322
    1.1513408279              0.23776           0.10514           0.27071
    1.1658238575              0.22531           0.09831           0.24975
    1.1804890612              0.21374           0.09194           0.23025
    1.1953387305              0.20298           0.08600           0.21212
    1.2103751856              0.19297           0.08048           0.19528
    1.2256007760              0.18366           0.07533           0.17966
    1.2410178808              0.17500           0.07054           0.16517
    1.2566289089              0.16693           0.06609           0.15174
    1.2724362995              0.15941           0.06196           0.13931
    1.2884425227              0.15240           0.05812           0.12781
    1.3046500793              0.14585           0.05455           0.11718
    1.3210615019              0.13973           0.05124           0.10736
    1.3376793548              0.13400           0.04817           0.09830
    1.3545062346              0.12862           0.04532           0.08994
    1.3715447704              0.12358           0.04267           0.08224
    1.3887976247              0.11883           0.04022           0.07515
    1.4062674931              0.11436           0.03794           0.06862
    1.4239571054              0.11013           0.03583           0.06261
    1.4418692257              0.10613           0.03387           0.05710
    1.4600066527              0.10234           0.03205           0.05203
    1.4783722204              0.09873           0.03036           0.04738
    1.4969687986              0.09530           0.02878           0.04312
    1.5157992929              0.09202           0.02732           0.03921
    1.5348666457              0.08888           0.02596           0.03563
    1.5541738362              0.08587           0.02470           0.03235
    1.5737238813              0.08298           0.02351           0.02936
    1.5935198357              0.08019           0.02241           0.02662
    1.6135647925              0.07750           0.02138           0.02412
    1.6338618839              0.07490           0.02042           0.02184
    1.6544142812              0.07239           0.01951           0.01976
    1.6752251959              0.06995           0.01866           0.01786
    1.6962978797              0.06758           0.01787           0.01613
    1.7176356252              0.06527           0.01712           0.01456
    1.7392417665              0.06303           0.01641           0.01313
    1.7611196796              0.06085           0.01574           0.01184
    1.7832727829              0.05872           0.01510           0.01066
    1.8057045380              0.05664           0.01450           0.00959
    1.8284184499              0.05462           0.01393           0.00862
    1.8514180675              0.05264           0.01339           0.00774
    1.8747069848              0.05071           0.01287           0.00694
    1.8982888406              0.04883           0.01237           0.00623
    1.9221673196              0.04699           0.01190           0.00558
    1.9463461529              0.04519           0.01144           0.00499
    1.9708291184              0.04344           0.01101           0.00446
    1.9956200418              0.04172           0.01059           0.00398
    2.0207227966              0.04006           0.01019           0.00355
    2.0461413052              0.03843           0.00980           0.00317
    2.0718795393              0.03684           0.00942           0.00282
    2.0979415205              0.03530           0.00906           0.00251
    2.1243313210              0.03380           0.00871           0.00223
    2.1510530644              0.03234           0.00837           0.00198
    2.1781109260              0.03092           0.00804           0.00175
    2.2055091335              0.02954           0.00772           0.00155
    2.2332519681              0.02820           0.00741           0.00137
    2.2613437646              0.02690           0.00712           0.00121
    2.2897889124              0.02565           0.00683           0.00107
    2.3185918560              0.02443           0.00654           0.00094
    2.3477570962              0.02325           0.00627           0.00083
    2.3772891898              0.02212           0.00601           0.00073
    2.4071927515              0.02102           0.00575           0.00064
    2.4374724537              0.01996           0.00550           0.00056
    2.4681330277              0.01894           0.00526           0.00049
    2.4991792642              0.01796           0.00503           0.00043
    2.5306160142              0.01702           0.00480           0.00038
    2.5624481900              0.01611           0.00458           0.00033
    2.5946807652              0.01524           0.00437           0.00029
    2.6273187762              0.01440           0.00417           0.00025
    2.6603673230              0.01360           0.00397           0.00022
    2.6938315692              0.01284           0.00378           0.00019
    2.7277167439              0.01211           0.00359           0.00016
    2.7620281416              0.01141           0.00341           0.00014
    2.7967711235              0.01074           0.00324           0.00012
    2.8319511184              0.01010           0.00307           0.00010
    2.8675736231              0.00950           0.00292           0.00009
    2.9036442038              0.00892           0.00276           0.00008
    2.9401684965              0.00837           0.00261           0.00007
    2.9771522083              0.00785           0.00247           0.00006
    3.0146011179              0.00736           0.00234           0.00005
    3.0525210768              0.00689           0.00221           0.00004
    3.0909180100              0.00644           0.00208           0.00004
    3.1297979172              0.00602           0.00196           0.00003
    3.1691668735              0.00563           0.00185           0.00003
    3.2090310302              0.00525           0.00174           0.00002
    3.2493966164              0.00490           0.00164           0.00002
    3.2902699390              0.00457           0.00154           0.00002
    3.3316573848              0.00425           0.00144           0.00001
    3.3735654206              0.00396           0.00135           0.00001
    3.4160005946              0.00368           0.00127           0.00001
    3.4589695374              0.00342           0.00119           0.00001
    3.5024789629              0.00317           0.00111           0.00001
    3.5465356696              0.00294           0.00104           0.00001
    3.5911465415              0.00273           0.00097           0.00000
    3.6363185490              0.00253           0.00090           0.00000
    3.6820587505              0.00234           0.00084           0.00000
    3.7283742929              0.00216           0.00079           0.00000
    3.7752724131              0.00200           0.00073           0.00000
    3.8227604390              0.00184           0.00068           0.00000
    3.8708457907              0.00170           0.00063           0.00000
    3.9195359817              0.00157           0.00059           0.00000
    3.9688386200              0.00145           0.00054           0.00000
    4.0187614090              0.00133           0.00050           0.00000
    4.0693121495              0.00122           0.00046           0.00000
    4.1204987400              0.00112           0.00043           0.00000
    4.1723291785              0.00103           0.00040           0.00000
    4.2248115637              0.00095           0.00037           0.00000
    4.2779540960              0.00087           0.00034           0.00000
    4.3317650791              0.00080           0.00031           0.00000
    4.3862529211              0.00073           0.00029           0.00000
    4.4414261357              0.00067           0.00026           0.00000
    4.4972933440              0.00061           0.00024           0.00000
    4.5538632752              0.00056           0.00022           0.00000
    4.6111447685              0.00051           0.00020           0.00000
    4.6691467743              0.00046           0.00019           0.00000
    4.7278783556              0.00042           0.00017           0.00000
    4.7873486892              0.00038           0.00015           0.00000
    4.8475670675              0.00035           0.00014           0.00000
    4.9085428998              0.00032           0.00013           0.00000
    4.9702857136              0.00029           0.00012           0.00000
    5.0328051564              0.00026           0.00011           0.00000
    5.0961109970              0.00024           0.00010           0.00000
    5.1602131270              0.00021           0.00009           0.00000
    5.2251215626              0.00019           0.00008           0.00000
    5.2908464457              0.00018           0.00007           0.00000
    5.3573980462              0.00016           0.00007           0.00000
    5.4247867627              0.00014           0.00006           0.00000
    5.4930231249              0.00013           0.00005           0.00000
    5.5621177949              0.00012           0.00005           0.00000
    5.6320815689              0.00010           0.00004           0.00000
    5.7029253788              0.00009           0.00004           0.00000
    5.7746602941              0.00008           0.00003           0.00000
    5.8472975236              0.00007           0.00003           0.00000
    5.9208484170              0.00007           0.00003           0.00000
    5.9953244667              0.00006           0.00002           0.00000
    6.0707373098              0.00005           0.00002           0.00000
    6.1470987297              0.00005           0.00002           0.00000
    6.2244206580              0.00004           0.00002           0.00000
    6.3027151764              0.00004           0.00002           0.00000
    6.3819945186              0.00003           0.00001           0.00000
    6.4622710722              0.00003           0.00001           0.00000
    6.5435573806              0.00003           0.00001           0.00000
    6.6258661448              0.00002           0.00001           0.00000
    6.7092102258              0.00002           0.00001           0.00000
    6.7936026463              0.00002           0.00001           0.00000
    6.8790565928              0.00002           0.00001           0.00000
    6.9655854176              0.00001           0.00001           0.00000
    7.0532026411              0.00001           0.00001           0.00000
    7.1419219535              0.00001           0.00000           0.00000
    7.2317572175              0.00001           0.00000           0.00000
    7.3227224701              0.00001           0.00000           0.00000
    7.4148319246              0.00001           0.00000           0.00000
    7.5080999735              0.00001           0.00000           0.00000
    7.6025411900              0.00001           0.00000           0.00000
    7.6981703307              0.00000           0.00000           0.00000
    7.7950023380              0.00000           0.00000           0.00000
    7.8930523420              0.00000           0.00000           0.00000
    7.9923356632              0.00000           0.00000           0.00000
    8.0928678148              0.00000           0.00000           0.00000
    8.1946645053              0.00000           0.00000           0.00000
    8.2977416405              0.00000           0.00000           0.00000
    8.4021153264              0.00000           0.00000           0.00000
    8.5078018717              0.00000           0.00000           0.00000
    8.6148177901              0.00000           0.00000           0.00000
    8.7231798030              0.00000           0.00000           0.00000
    8.8329048422              0.00000           0.00000           0.00000
    8.9440100526              0.00000           0.00000           0.00000
    9.0565127944              0.00000           0.00000           0.00000
    9.1704306465              0.00000           0.00000           0.00000
    9.2857814088              0.00000           0.00000           0.00000
    9.4025831051              0.00000           0.00000           0.00000
    9.5208539859              0.00000           0.00000           0.00000
    9.6406125312              0.00000           0.00000           0.00000
    9.7618774535              0.00000           0.00000           0.00000
    9.8846677008              0.00000           0.00000           0.00000
   10.0090024593              0.00000           0.00000           0.00000
   10.1349011565              0.00000           0.00000           0.00000
   10.2623834644              0.00000           0.00000           0.00000
   10.3914693023              0.00000           0.00000           0.00000
   10.5221788402              0.00000           0.00000           0.00000
   10.6545325017              0.00000           0.00000           0.00000
   10.7885509672              0.00000           0.00000           0.00000
   10.9242551776              0.00000           0.00000           0.00000
   11.0616663368              0.00000           0.00000           0.00000
   11.2008059156              0.00000           0.00000           0.00000
   11.3416956548              0.00000           0.00000           0.00000
   11.4843575688              0.00000           0.00000           0.00000
   11.6288139488              0.00000           0.00000           0.00000
   11.7750873663              0.00000           0.00000           0.00000
   11.9232006769              0.00000           0.00000           0.00000
   12.0731770237              0.00000           0.00000           0.00000
   12.2250398406              0.00000           0.00000           0.00000
   12.3788128567              0.00000           0.00000           0.00000
   12.5345200991              0.00000           0.00000           0.00000
   12.6921858976              0.00000           0.00000           0.00000
   12.8518348877              0.00000           0.00000           0.00000
   13.0134920148              0.00000           0.00000           0.00000
   13.1771825383              0.00000           0.00000           0.00000
   13.3429320351              0.00000           0.00000           0.00000
   13.5107664039              0.00000           0.00000           0.00000
   13.6807118693              0.00000           0.00000           0.00000
   13.8527949854              0.00000           0.00000           0.00000
   14.0270426406              0.00000           0.00000           0.00000
   14.2034820615              0.00000           0.00000           0.00000
   14.3821408172              0.00000           0.00000           0.00000
   14.5630468233              0.00000           0.00000           0.00000
   14.7462283469              0.00000           0.00000           0.00000
   14.9317140103              0.00000           0.00000           0.00000
   15.1195327962              0.00000           0.00000           0.00000
   15.3097140517              0.00000           0.00000           0.00000
   15.5022874928              0.00000           0.00000           0.00000
   15.6972832096              0.00000           0.00000           0.00000
   15.8947316706              0.00000           0.00000           0.00000
   16.0946637274              0.00000           0.00000           0.00000
   16.2971106200              0.00000           0.00000           0.00000
   16.5021039810              0.00000           0.00000           0.00000
   16.7096758411              0.00000           0.00000           0.00000
   16.9198586337              0.00000           0.00000           0.00000
   17.1326852004              0.00000           0.00000           0.00000
   17.3481887958              0.00000           0.00000           0.00000
   17.5664030927              0.00000           0.00000           0.00000
   17.7873621876              0.00000           0.00000           0.00000
   18.0111006057              0.00000           0.00000           0.00000
   18.2376533067              0.00000           0.00000           0.00000
   18.4670556898              0.00000           0.00000           0.00000
   18.6993435997              0.00000           0.00000           0.00000
   18.9345533318              0.00000           0.00000           0.00000
   19.1727216382              0.00000           0.00000           0.00000
   19.4138857330              0.00000           0.00000           0.00000
   19.6580832987              0.00000           0.00000           0.00000
   19.9053524917              0.00000           0.00000           0.00000
   20.1557319482              0.00000           0.00000           0.00000
   20.4092607906              0.00000           0.00000           0.00000
   20.6659786333              0.00000           0.00000           0.00000
   20.9259255889              0.00000           0.00000           0.00000
   21.1891422747              0.00000           0.00000           0.00000
   21.4556698188              0.00000           0.00000           0.00000
   21.7255498667              0.00000           0.00000           0.00000
   21.9988245877              0.00000           0.00000           0.00000
   22.2755366815              0.00000           0.00000           0.00000
   22.5557293850              0.00000           0.00000           0.00000
   22.8394464789              0.00000           0.00000           0.00000
   23.1267322944              0.00000           0.00000           0.00000
   23.4176317207              0.00000           0.00000           0.00000
   23.7121902113              0.00000           0.00000           0.00000
   24.0104537916              0.00000           0.00000           0.00000
   24.3124690659              0.00000           0.00000           0.00000
   24.6182832247              0.00000           0.00000           0.00000
   24.9279440521              0.00000           0.00000           0.00000
   25.2414999332              0.00000           0.00000           0.00000
   25.5589998617              0.00000           0.00000           0.00000
   25.8804934477              0.00000           0.00000           0.00000
   26.2060309252              0.00000           0.00000           0.00000
   26.5356631601              0.00000           0.00000           0.00000
   26.8694416580              0.00000           0.00000           0.00000
   27.2074185727              0.00000           0.00000           0.00000
   27.5496467136              0.00000           0.00000           0.00000
   27.8961795545              0.00000           0.00000           0.00000
   28.2470712420              0.00000           0.00000           0.00000
   28.6023766036              0.00000           0.00000           0.00000
   28.9621511565              0.00000           0.00000           0.00000
   29.3264511161              0.00000           0.00000           0.00000
   29.6953334052              0.00000           0.00000           0.00000
   30.0688556622              0.00000           0.00000           0.00000
   30.4470762509              0.00000           0.00000           0.00000
   30.8300542688              0.00000           0.00000           0.00000
   31.2178495573              0.00000           0.00000           0.00000
   31.6105227099              0.00000           0.00000           0.00000
   32.0081350828              0.00000           0.00000           0.00000
   32.4107488037              0.00000           0.00000           0.00000
   32.8184267817              0.00000           0.00000           0.00000
   33.2312327175              0.00000           0.00000           0.00000
   33.6492311126              0.00000           0.00000           0.00000
   34.0724872804              0.00000           0.00000           0.00000
   34.5010673553              0.00000           0.00000           0.00000
   34.9350383040              0.00000           0.00000           0.00000
   35.3744679352              0.00000           0.00000           0.00000
   35.8194249107              0.00000           0.00000           0.00000
   36.2699787559              0.00000           0.00000           0.00000
   36.7261998709              0.00000           0.00000           0.00000
   37.1881595411              0.00000           0.00000           0.00000
   37.6559299486              0.00000           0.00000           0.00000
   38.1295841835              0.00000           0.00000           0.00000
   38.6091962552              0.00000           0.00000           0.00000
   39.0948411041              0.00000           0.00000           0.00000
   39.5865946133              0.00000           0.00000           0.00000
   40.0845336201              0.00000           0.00000           0.00000
   40.5887359286              0.00000           0.00000           0.00000
   41.0992803213              0.00000           0.00000           0.00000
   41.6162465720              0.00000           0.00000           0.00000
   42.1397154577              0.00000           0.00000           0.00000
   42.6697687713              0.00000           0.00000           0.00000
   43.2064893348              0.00000           0.00000           0.00000
   43.7499610120              0.00000           0.00000           0.00000
   44.3002687213              0.00000           0.00000           0.00000
   44.8574984495              0.00000           0.00000           0.00000
   45.4217372648              0.00000           0.00000           0.00000
   45.9930733307              0.00000           0.00000           0.00000
   46.5715959196              0.00000           0.00000           0.00000
   47.1573954268              0.00000           0.00000           0.00000
   47.7505633848              0.00000           0.00000           0.00000
   48.3511924772              0.00000           0.00000           0.00000
   48.9593765535              0.00000           0.00000           0.00000
   49.5752106438              0.00000           0.00000           0.00000
   50.1987909733              0.00000           0.00000           0.00000
   50.8302149777              0.00000           0.00000           0.00000
   51.4695813184              0.00000           0.00000           0.00000
   52.1169898977              0.00000           0.00000           0.00000
   52.7725418744              0.00000           0.00000           0.00000
   53.4363396798              0.00000           0.00000           0.00000
   54.1084870338              0.00000           0.00000           0.00000
   54.7890889607              0.00000           0.00000           0.00000
   55.4782518060              0.00000           0.00000           0.00000
   56.1760832527              0.00000           0.00000           0.00000
   56.8826923385              0.00000           0.00000           0.00000
   57.5981894723              0.00000           0.00000           0.00000
   58.3226864523              0.00000           0.00000           0.00000
   59.0562964823              0.00000           0.00000           0.00000
   59.7991341906              0.00000           0.00000           0.00000
   60.5513156470              0.00000           0.00000           0.00000
   61.3129583814              0.00000           0.00000           0.00000
   62.0841814021              0.00000           0.00000           0.00000
   62.8651052141              0.00000           0.00000           0.00000
   63.6558518384              0.00000           0.00000           0.00000
   64.4565448309              0.00000           0.00000           0.00000
   65.2673093013              0.00000           0.00000           0.00000
   66.0882719334              0.00000           0.00000           0.00000
   66.9195610041              0.00000           0.00000           0.00000
   67.7613064041              0.00000           0.00000           0.00000
   68.6136396579              0.00000           0.00000           0.00000
   69.4766939441              0.00000           0.00000           0.00000
   70.3506041169              0.00000           0.00000           0.00000
   71.2355067265              0.00000           0.00000           0.00000
   72.1315400406              0.00000           0.00000           0.00000
   73.0388440664              0.00000           0.00000           0.00000
   73.9575605719              0.00000           0.00000           0.00000
   74.8878331084              0.00000           0.00000           0.00000
   75.8298070330              0.00000           0.00000           0.00000
   76.7836295309              0.00000           0.00000           0.00000
   77.7494496389              0.00000           0.00000           0.00000
   78.7274182683              0.00000           0.00000           0.00000
   79.7176882287              0.00000           0.00000           0.00000
   80.7204142518              0.00000           0.00000           0.00000
   81.7357530156              0.00000           0.00000           0.00000
   82.7638631689              0.00000           0.00000           0.00000
   83.8049053559              0.00000           0.00000           0.00000
   84.8590422416              0.00000           0.00000           0.00000
   85.9264385370              0.00000           0.00000           0.00000
   87.0072610251              0.00000           0.00000           0.00000
   88.1016785864              0.00000           0.00000           0.00000
   89.2098622259              0.00000           0.00000           0.00000
   90.3319850997              0.00000           0.00000           0.00000
   91.4682225416              0.00000           0.00000           0.00000
   92.6187520912              0.00000           0.00000           0.00000
   93.7837535210              0.00000           0.00000           0.00000
   94.9634088647              0.00000           0.00000           0.00000
   96.1579024461              0.00000           0.00000           0.00000
   97.3674209071              0.00000           0.00000           0.00000
   98.5921532374              0.00000           0.00000           0.00000
   99.8322908040              0.00000           0.00000           0.00000
  101.0880273809              0.00000           0.00000           0.00000
  102.3595591794              0.00000           0.00000           0.00000
  103.6470848791              0.00000           0.00000           0.00000
  104.9508056584              0.00000           0.00000           0.00000
  106.2709252263              0.00000           0.00000           0.00000
  107.6076498543              0.00000           0.00000           0.00000
  108.9611884082              0.00000           0.00000           0.00000
  110.3317523812              0.00000           0.00000           0.00000
  111.7195559268              0.00000           0.00000           0.00000
  113.1248158919              0.00000           0.00000           0.00000
  114.5477518515              0.00000           0.00000           0.00000
  115.9885861421              0.00000           0.00000           0.00000
  117.4475438969              0.00000           0.00000           0.00000
  118.9248530812              0.00000           0.00000           0.00000
