  0.0000     -5.21005
  0.0100     -5.21005
  0.0202     -5.21005
  0.0302     -5.21005
  0.0403     -5.21005
  0.0505     -5.21004
  0.0602     -5.21003
  0.0708     -5.21001
  0.0803     -5.20998
  0.0910     -5.20994
  0.1005     -5.20989
  0.1111     -5.20981
  0.1213     -5.20970
  0.1307     -5.20958
  0.1409     -5.20942
  0.1500     -5.20924
  0.1617     -5.20896
  0.1700     -5.20872
  0.1810     -5.20835
  0.1903     -5.20798
  0.2000     -5.20752
  0.2103     -5.20697
  0.2211     -5.20629
  0.2324     -5.20547
  0.2413     -5.20474
  0.2505     -5.20389
  0.2601     -5.20291
  0.2700     -5.20178
  0.2803     -5.20046
  0.2910     -5.19894
  0.3022     -5.19718
  0.3137     -5.19515
  0.3217     -5.19362
  0.3340     -5.19103
  0.3424     -5.18908
  0.3511     -5.18693
  0.3645     -5.18331
  0.3737     -5.18059
  0.3832     -5.17759
  0.3929     -5.17430
  0.4028     -5.17068
  0.4130     -5.16670
  0.4235     -5.16233
  0.4342     -5.15753
  0.4452     -5.15226
  0.4508     -5.14943
  0.4622     -5.14337
  0.4739     -5.13673
  0.4859     -5.12944
  0.4921     -5.12553
  0.5045     -5.11717
  0.5109     -5.11269
  0.5238     -5.10311
  0.5304     -5.09798
  0.5438     -5.08701
  0.5507     -5.08114
  0.5646     -5.06860
  0.5717     -5.06189
  0.5862     -5.04756
  0.5935     -5.03992
  0.6010     -5.03192
  0.6162     -5.01486
  0.6240     -5.00576
  0.6318     -4.99626
  0.6478     -4.97600
  0.6560     -4.96521
  0.6642     -4.95395
  0.6726     -4.94221
  0.6811     -4.92997
  0.6983     -4.90392
  0.7071     -4.89007
  0.7160     -4.87564
  0.7250     -4.86061
  0.7341     -4.84497
  0.7433     -4.82869
  0.7527     -4.81175
  0.7622     -4.79414
  0.7717     -4.77581
  0.7815     -4.75677
  0.7913     -4.73697
  0.8012     -4.71641
  0.8113     -4.69506
  0.8215     -4.67288
  0.8319     -4.64987
  0.8423     -4.62600
  0.8529     -4.60125
  0.8636     -4.57558
  0.8745     -4.54899
  0.8855     -4.52145
  0.8966     -4.49293
  0.9079     -4.46341
  0.9193     -4.43288
  0.9309     -4.40131
  0.9426     -4.36869
  0.9545     -4.33499
  0.9665     -4.30020
  0.9786     -4.26429
  0.9910     -4.22727
  1.0034     -4.18910
  1.0160     -4.14979
  1.0288     -4.10931
  1.0418     -4.06766
  1.0549     -4.02484
  1.0681     -3.98084
  1.0816     -3.93566
  1.0952     -3.88929
  1.1090     -3.84175
  1.1229     -3.79304
  1.1370     -3.74317
  1.1513     -3.69215
  1.1658     -3.64001
  1.1805     -3.58676
  1.1953     -3.53242
  1.2104     -3.47703
  1.2256     -3.42062
  1.2410     -3.36324
  1.2566     -3.30492
  1.2724     -3.24571
  1.2884     -3.18566
  1.3047     -3.12485
  1.3211     -3.06332
  1.3377     -3.00116
  1.3545     -2.93843
  1.3715     -2.87523
  1.3888     -2.81163
  1.4063     -2.74773
  1.4240     -2.68364
  1.4419     -2.61946
  1.4600     -2.55529
  1.4784     -2.49126
  1.4970     -2.42749
  1.5158     -2.36410
  1.5349     -2.30123
  1.5542     -2.23900
  1.5737     -2.17757
  1.5935     -2.11706
  1.6136     -2.05763
  1.6339     -1.99942
  1.6544     -1.94256
  1.6752     -1.88722
  1.6963     -1.83351
  1.7176     -1.78160
  1.7392     -1.73159
  1.7611     -1.68362
  1.7833     -1.63780
  1.8057     -1.59423
  1.8284     -1.55299
  1.8514     -1.51417
  1.8747     -1.47779
  1.8983     -1.44390
  1.9222     -1.41250
  1.9463     -1.38354
  1.9708     -1.35697
  1.9956     -1.33269
  2.0207     -1.31056
  2.0461     -1.29040
  2.0719     -1.27201
  2.0979     -1.25510
  2.1243     -1.23937
  2.1511     -1.22449
  2.1781     -1.21006
  2.2055     -1.19566
  2.2333     -1.18088
  2.2613     -1.16527
  2.2898     -1.14841
  2.3186     -1.12992
  2.3478     -1.10947
  2.3773     -1.08689
  2.4072     -1.06211
  2.4375     -1.03535
  2.4681     -1.00710
  2.4992     -0.97826
  2.5306     -0.94993
  2.5624     -0.92235
  2.5947     -0.89551
  2.6273     -0.86938
  2.6604     -0.84395
  2.6938     -0.81921
  2.7277     -0.79513
  2.7620     -0.77169
  2.7968     -0.74889
  2.8320     -0.72671
  2.8676     -0.70513
  2.9036     -0.68413
  2.9402     -0.66370
  2.9772     -0.64384
  3.0146     -0.62452
  3.0525     -0.60573
  3.0909     -0.58746
  3.1298     -0.56971
  3.1692     -0.55245
  3.2090     -0.53569
  3.2494     -0.51940
  3.2903     -0.50359
  3.3317     -0.48824
  3.3736     -0.47335
  3.4160     -0.45891
  3.4590     -0.44490
  3.5025     -0.43133
  3.5465     -0.41819
  3.5911     -0.40547
  3.6363     -0.39316
  3.6821     -0.38126
  3.7284     -0.36976
  3.7753     -0.35865
  3.8228     -0.34793
  3.8708     -0.33759
  3.9195     -0.32762
  3.9688     -0.31801
  4.0188     -0.30875
  4.0693     -0.29984
  4.1205     -0.29126
  4.1723     -0.28301
  4.2248     -0.27507
  4.2780     -0.26744
  4.3318     -0.26010
  4.3863     -0.25304
  4.4414     -0.24625
  4.4973     -0.23972
  4.5539     -0.23343
  4.6111     -0.22737
  4.6691     -0.22152
  4.7279     -0.21589
  4.7873     -0.21044
  4.8476     -0.20518
  4.9085     -0.20008
  4.9703     -0.19514
  5.0328     -0.19033
  5.0961     -0.18566
  5.1602     -0.18110
  5.2251     -0.17666
  5.2908     -0.17230
  5.3574     -0.16804
  5.4248     -0.16385
  5.4930     -0.15973
  5.5621     -0.15567
  5.6321     -0.15166
  5.7029     -0.14771
  5.7747     -0.14380
  5.8473     -0.13992
  5.9208     -0.13609
  5.9953     -0.13228
  6.0707     -0.12851
  6.1471     -0.12477
  6.2244     -0.12106
  6.3027     -0.11738
  6.3820     -0.11374
  6.4623     -0.11013
  6.5436     -0.10655
  6.6259     -0.10301
  6.7092     -0.09951
  6.7936     -0.09606
  6.8791     -0.09265
  6.9656     -0.08930
  7.0532     -0.08599
  7.1419     -0.08274
  7.2318     -0.07955
  7.3227     -0.07642
  7.4148     -0.07336
  7.5081     -0.07036
  7.6025     -0.06743
  7.6982     -0.06457
  7.7950     -0.06179
  7.8931     -0.05907
  7.9923     -0.05644
  8.0929     -0.05387
  8.1947     -0.05139
  8.2977     -0.04898
  8.4021     -0.04665
  8.5078     -0.04440
  8.6148     -0.04222
  8.7232     -0.04013
  8.8329     -0.03810
  8.9440     -0.03615
  9.0565     -0.03428
  9.1704     -0.03248
  9.2858     -0.03075
  9.4026     -0.02910
  9.5209     -0.02751
  9.6406     -0.02599
  9.7619     -0.02453
  9.8847     -0.02314
 10.0090     -0.02182
 10.1349     -0.02055
 10.2624     -0.01934
 10.3915     -0.01819
 10.5222     -0.01710
 10.6545     -0.01606
 10.7886     -0.01507
 10.9243     -0.01413
 11.0617     -0.01325
 11.2008     -0.01240
 11.3417     -0.01160
 11.4844     -0.01085
 11.6288     -0.01014
 11.7751     -0.00946
 11.9232     -0.00883
 12.0732     -0.00822
 12.2250     -0.00766
 12.3788     -0.00713
 12.5345     -0.00663
 12.6922     -0.00616
 12.8518     -0.00571
 13.0135     -0.00530
 13.1772     -0.00491
 13.3429     -0.00455
 13.5108     -0.00420
 13.6807     -0.00389
 13.8528     -0.00359
 14.0270     -0.00331
 14.2035     -0.00305
 14.3821     -0.00281
 14.5630     -0.00259
 14.7462     -0.00238
 14.9317     -0.00218
 15.1195     -0.00200
 15.3097     -0.00183
 15.5023     -0.00168
 15.6973     -0.00154
 15.8947     -0.00140
 16.0947     -0.00128
 16.2971     -0.00117
 16.5021     -0.00106
 16.7097     -0.00097
 16.9199     -0.00088
 17.1327     -0.00080
 17.3482     -0.00073
 17.5664     -0.00066
 17.7874     -0.00059
 18.0111     -0.00054
 18.2377     -0.00049
 18.4671     -0.00044
 18.6993     -0.00039
 18.9346     -0.00036
 19.1727     -0.00036
 19.4139     -0.00036
 19.6581     -0.00036
 19.9054     -0.00036
 20.1557     -0.00036
 20.4093     -0.00036
 20.6660     -0.00036
 20.9259     -0.00036
 21.1891     -0.00036
 21.4557     -0.00036
 21.7255     -0.00036
 21.9988     -0.00036
 22.2755     -0.00036
 22.5557     -0.00036
 22.8394     -0.00036
 23.1267     -0.00036
 23.4176     -0.00036
 23.7122     -0.00036
 24.0105     -0.00036
 24.3125     -0.00036
 24.6183     -0.00036
 24.9279     -0.00036
 25.2415     -0.00036
 25.5590     -0.00036
 25.8805     -0.00036
 26.2060     -0.00036
 26.5357     -0.00036
