  0.0000     -4.57302
  0.0100     -4.57302
  0.0202     -4.57302
  0.0302     -4.57302
  0.0403     -4.57302
  0.0505     -4.57302
  0.0602     -4.57302
  0.0708     -4.57301
  0.0803     -4.57300
  0.0910     -4.57298
  0.1005     -4.57296
  0.1111     -4.57294
  0.1213     -4.57290
  0.1307     -4.57286
  0.1409     -4.57280
  0.1500     -4.57273
  0.1617     -4.57263
  0.1700     -4.57255
  0.1810     -4.57241
  0.1903     -4.57228
  0.2000     -4.57211
  0.2103     -4.57191
  0.2211     -4.57167
  0.2324     -4.57137
  0.2413     -4.57111
  0.2505     -4.57080
  0.2601     -4.57045
  0.2700     -4.57003
  0.2803     -4.56956
  0.2910     -4.56900
  0.3022     -4.56836
  0.3137     -4.56762
  0.3217     -4.56706
  0.3340     -4.56611
  0.3424     -4.56539
  0.3511     -4.56460
  0.3645     -4.56327
  0.3737     -4.56226
  0.3832     -4.56115
  0.3929     -4.55993
  0.4028     -4.55859
  0.4130     -4.55711
  0.4235     -4.55547
  0.4342     -4.55368
  0.4452     -4.55170
  0.4508     -4.55064
  0.4622     -4.54836
  0.4739     -4.54585
  0.4859     -4.54309
  0.4921     -4.54161
  0.5045     -4.53843
  0.5109     -4.53672
  0.5238     -4.53306
  0.5304     -4.53109
  0.5438     -4.52687
  0.5507     -4.52461
  0.5646     -4.51976
  0.5717     -4.51716
  0.5862     -4.51158
  0.5935     -4.50859
  0.6010     -4.50546
  0.6162     -4.49875
  0.6240     -4.49516
  0.6318     -4.49139
  0.6478     -4.48334
  0.6560     -4.47903
  0.6642     -4.47452
  0.6726     -4.46980
  0.6811     -4.46487
  0.6983     -4.45432
  0.7071     -4.44867
  0.7160     -4.44278
  0.7250     -4.43661
  0.7341     -4.43017
  0.7433     -4.42344
  0.7527     -4.41641
  0.7622     -4.40906
  0.7717     -4.40139
  0.7815     -4.39338
  0.7913     -4.38502
  0.8012     -4.37629
  0.8113     -4.36719
  0.8215     -4.35768
  0.8319     -4.34777
  0.8423     -4.33743
  0.8529     -4.32665
  0.8636     -4.31541
  0.8745     -4.30370
  0.8855     -4.29149
  0.8966     -4.27878
  0.9079     -4.26554
  0.9193     -4.25175
  0.9309     -4.23740
  0.9426     -4.22246
  0.9545     -4.20692
  0.9665     -4.19076
  0.9786     -4.17396
  0.9910     -4.15650
  1.0034     -4.13835
  1.0160     -4.11949
  1.0288     -4.09992
  1.0418     -4.07959
  1.0549     -4.05851
  1.0681     -4.03663
  1.0816     -4.01395
  1.0952     -3.99043
  1.1090     -3.96607
  1.1229     -3.94084
  1.1370     -3.91472
  1.1513     -3.88769
  1.1658     -3.85973
  1.1805     -3.83082
  1.1953     -3.80094
  1.2104     -3.77009
  1.2256     -3.73823
  1.2410     -3.70536
  1.2566     -3.67146
  1.2724     -3.63652
  1.2884     -3.60053
  1.3047     -3.56348
  1.3211     -3.52535
  1.3377     -3.48614
  1.3545     -3.44585
  1.3715     -3.40448
  1.3888     -3.36202
  1.4063     -3.31848
  1.4240     -3.27386
  1.4419     -3.22816
  1.4600     -3.18141
  1.4784     -3.13361
  1.4970     -3.08479
  1.5158     -3.03495
  1.5349     -2.98413
  1.5542     -2.93235
  1.5737     -2.87965
  1.5935     -2.82606
  1.6136     -2.77162
  1.6339     -2.71638
  1.6544     -2.66039
  1.6752     -2.60370
  1.6963     -2.54637
  1.7176     -2.48847
  1.7392     -2.43006
  1.7611     -2.37121
  1.7833     -2.31202
  1.8057     -2.25255
  1.8284     -2.19290
  1.8514     -2.13317
  1.8747     -2.07344
  1.8983     -2.01383
  1.9222     -1.95444
  1.9463     -1.89538
  1.9708     -1.83675
  1.9956     -1.77869
  2.0207     -1.72131
  2.0461     -1.66473
  2.0719     -1.60906
  2.0979     -1.55444
  2.1243     -1.50098
  2.1511     -1.44879
  2.1781     -1.39800
  2.2055     -1.34871
  2.2333     -1.30103
  2.2613     -1.25504
  2.2898     -1.21084
  2.3186     -1.16849
  2.3478     -1.12806
  2.3773     -1.08957
  2.4072     -1.05306
  2.4375     -1.01852
  2.4681     -0.98593
  2.4992     -0.95524
  2.5306     -0.92637
  2.5624     -0.89922
  2.5947     -0.87366
  2.6273     -0.84953
  2.6604     -0.82665
  2.6938     -0.80480
  2.7277     -0.78378
  2.7620     -0.76334
  2.7968     -0.74327
  2.8320     -0.72338
  2.8676     -0.70351
  2.9036     -0.68358
  2.9402     -0.66362
  2.9772     -0.64384
  3.0146     -0.62452
  3.0525     -0.60573
  3.0909     -0.58746
  3.1298     -0.56971
  3.1692     -0.55245
  3.2090     -0.53569
  3.2494     -0.51940
  3.2903     -0.50359
  3.3317     -0.48824
  3.3736     -0.47335
  3.4160     -0.45891
  3.4590     -0.44490
  3.5025     -0.43133
  3.5465     -0.41819
  3.5911     -0.40547
  3.6363     -0.39316
  3.6821     -0.38126
  3.7284     -0.36976
  3.7753     -0.35865
  3.8228     -0.34793
  3.8708     -0.33759
  3.9195     -0.32762
  3.9688     -0.31801
  4.0188     -0.30875
  4.0693     -0.29984
  4.1205     -0.29126
  4.1723     -0.28301
  4.2248     -0.27507
  4.2780     -0.26744
  4.3318     -0.26010
  4.3863     -0.25304
  4.4414     -0.24625
  4.4973     -0.23972
  4.5539     -0.23343
  4.6111     -0.22737
  4.6691     -0.22152
  4.7279     -0.21589
  4.7873     -0.21044
  4.8476     -0.20518
  4.9085     -0.20008
  4.9703     -0.19514
  5.0328     -0.19033
  5.0961     -0.18566
  5.1602     -0.18110
  5.2251     -0.17666
  5.2908     -0.17230
  5.3574     -0.16804
  5.4248     -0.16385
  5.4930     -0.15973
  5.5621     -0.15567
  5.6321     -0.15166
  5.7029     -0.14771
  5.7747     -0.14380
  5.8473     -0.13992
  5.9208     -0.13609
  5.9953     -0.13228
  6.0707     -0.12851
  6.1471     -0.12477
  6.2244     -0.12106
  6.3027     -0.11738
  6.3820     -0.11374
  6.4623     -0.11013
  6.5436     -0.10655
  6.6259     -0.10301
  6.7092     -0.09951
  6.7936     -0.09606
  6.8791     -0.09265
  6.9656     -0.08930
  7.0532     -0.08599
  7.1419     -0.08274
  7.2318     -0.07955
  7.3227     -0.07642
  7.4148     -0.07336
  7.5081     -0.07036
  7.6025     -0.06743
  7.6982     -0.06457
  7.7950     -0.06179
  7.8931     -0.05907
  7.9923     -0.05644
  8.0929     -0.05387
  8.1947     -0.05139
  8.2977     -0.04898
  8.4021     -0.04665
  8.5078     -0.04440
  8.6148     -0.04222
  8.7232     -0.04013
  8.8329     -0.03810
  8.9440     -0.03615
  9.0565     -0.03428
  9.1704     -0.03248
  9.2858     -0.03075
  9.4026     -0.02910
  9.5209     -0.02751
  9.6406     -0.02599
  9.7619     -0.02453
  9.8847     -0.02314
 10.0090     -0.02182
 10.1349     -0.02055
 10.2624     -0.01934
 10.3915     -0.01819
 10.5222     -0.01710
 10.6545     -0.01606
 10.7886     -0.01507
 10.9243     -0.01413
 11.0617     -0.01325
 11.2008     -0.01240
 11.3417     -0.01160
 11.4844     -0.01085
 11.6288     -0.01014
 11.7751     -0.00946
 11.9232     -0.00883
 12.0732     -0.00822
 12.2250     -0.00766
 12.3788     -0.00713
 12.5345     -0.00663
 12.6922     -0.00616
 12.8518     -0.00571
 13.0135     -0.00530
 13.1772     -0.00491
 13.3429     -0.00455
 13.5108     -0.00420
 13.6807     -0.00389
 13.8528     -0.00359
 14.0270     -0.00331
 14.2035     -0.00305
 14.3821     -0.00281
 14.5630     -0.00259
 14.7462     -0.00238
 14.9317     -0.00218
 15.1195     -0.00200
 15.3097     -0.00183
 15.5023     -0.00168
 15.6973     -0.00154
 15.8947     -0.00140
 16.0947     -0.00128
 16.2971     -0.00117
 16.5021     -0.00106
 16.7097     -0.00097
 16.9199     -0.00088
 17.1327     -0.00080
 17.3482     -0.00073
 17.5664     -0.00066
 17.7874     -0.00059
 18.0111     -0.00054
 18.2377     -0.00049
 18.4671     -0.00044
 18.6993     -0.00039
 18.9346     -0.00036
 19.1727     -0.00036
 19.4139     -0.00036
 19.6581     -0.00036
 19.9054     -0.00036
 20.1557     -0.00036
 20.4093     -0.00036
 20.6660     -0.00036
 20.9259     -0.00036
 21.1891     -0.00036
 21.4557     -0.00036
 21.7255     -0.00036
 21.9988     -0.00036
 22.2755     -0.00036
 22.5557     -0.00036
 22.8394     -0.00036
 23.1267     -0.00036
 23.4176     -0.00036
 23.7122     -0.00036
 24.0105     -0.00036
 24.3125     -0.00036
 24.6183     -0.00036
 24.9279     -0.00036
 25.2415     -0.00036
 25.5590     -0.00036
 25.8805     -0.00036
 26.2060     -0.00036
 26.5357     -0.00036
