  0.0000     -1.23803
  0.0100     -1.23803
  0.0202     -1.23803
  0.0302     -1.23803
  0.0403     -1.23803
  0.0505     -1.23804
  0.0602     -1.23805
  0.0708     -1.23806
  0.0803     -1.23809
  0.0910     -1.23813
  0.1005     -1.23818
  0.1111     -1.23825
  0.1213     -1.23835
  0.1307     -1.23846
  0.1409     -1.23861
  0.1500     -1.23878
  0.1617     -1.23904
  0.1700     -1.23926
  0.1810     -1.23960
  0.1903     -1.23995
  0.2000     -1.24037
  0.2103     -1.24088
  0.2211     -1.24151
  0.2324     -1.24227
  0.2413     -1.24294
  0.2505     -1.24372
  0.2601     -1.24463
  0.2700     -1.24567
  0.2803     -1.24688
  0.2910     -1.24828
  0.3022     -1.24989
  0.3137     -1.25176
  0.3217     -1.25316
  0.3340     -1.25552
  0.3424     -1.25730
  0.3511     -1.25925
  0.3645     -1.26255
  0.3737     -1.26503
  0.3832     -1.26774
  0.3929     -1.27072
  0.4028     -1.27400
  0.4130     -1.27759
  0.4235     -1.28153
  0.4342     -1.28584
  0.4452     -1.29057
  0.4508     -1.29311
  0.4622     -1.29853
  0.4739     -1.30446
  0.4859     -1.31095
  0.4921     -1.31442
  0.5045     -1.32183
  0.5109     -1.32579
  0.5238     -1.33425
  0.5304     -1.33877
  0.5438     -1.34840
  0.5507     -1.35354
  0.5646     -1.36450
  0.5717     -1.37034
  0.5862     -1.38278
  0.5935     -1.38940
  0.6010     -1.39630
  0.6162     -1.41098
  0.6240     -1.41878
  0.6318     -1.42691
  0.6478     -1.44416
  0.6560     -1.45331
  0.6642     -1.46283
  0.6726     -1.47272
  0.6811     -1.48300
  0.6983     -1.50477
  0.7071     -1.51628
  0.7160     -1.52822
  0.7250     -1.54061
  0.7341     -1.55345
  0.7433     -1.56676
  0.7527     -1.58054
  0.7622     -1.59481
  0.7717     -1.60957
  0.7815     -1.62484
  0.7913     -1.64062
  0.8012     -1.65693
  0.8113     -1.67376
  0.8215     -1.69112
  0.8319     -1.70902
  0.8423     -1.72747
  0.8529     -1.74646
  0.8636     -1.76600
  0.8745     -1.78609
  0.8855     -1.80672
  0.8966     -1.82789
  0.9079     -1.84960
  0.9193     -1.87184
  0.9309     -1.89460
  0.9426     -1.91786
  0.9545     -1.94160
  0.9665     -1.96582
  0.9786     -1.99049
  0.9910     -2.01558
  1.0034     -2.04107
  1.0160     -2.06691
  1.0288     -2.09308
  1.0418     -2.11953
  1.0549     -2.14622
  1.0681     -2.17309
  1.0816     -2.20009
  1.0952     -2.22715
  1.1090     -2.25422
  1.1229     -2.28121
  1.1370     -2.30805
  1.1513     -2.33465
  1.1658     -2.36092
  1.1805     -2.38677
  1.1953     -2.41209
  1.2104     -2.43676
  1.2256     -2.46069
  1.2410     -2.48373
  1.2566     -2.50577
  1.2724     -2.52667
  1.2884     -2.54629
  1.3047     -2.56449
  1.3211     -2.58113
  1.3377     -2.59604
  1.3545     -2.60908
  1.3715     -2.62009
  1.3888     -2.62892
  1.4063     -2.63542
  1.4240     -2.63942
  1.4419     -2.64079
  1.4600     -2.63938
  1.4784     -2.63505
  1.4970     -2.62768
  1.5158     -2.61716
  1.5349     -2.60339
  1.5542     -2.58628
  1.5737     -2.56577
  1.5935     -2.54182
  1.6136     -2.51442
  1.6339     -2.48357
  1.6544     -2.44933
  1.6752     -2.41175
  1.6963     -2.37096
  1.7176     -2.32709
  1.7392     -2.28035
  1.7611     -2.23094
  1.7833     -2.17915
  1.8057     -2.12527
  1.8284     -2.06967
  1.8514     -2.01272
  1.8747     -1.95485
  1.8983     -1.89651
  1.9222     -1.83818
  1.9463     -1.78033
  1.9708     -1.72347
  1.9956     -1.66805
  2.0207     -1.61452
  2.0461     -1.56325
  2.0719     -1.51452
  2.0979     -1.46848
  2.1243     -1.42513
  2.1511     -1.38420
  2.1781     -1.34514
  2.2055     -1.30725
  2.2333     -1.27032
  2.2613     -1.23434
  2.2898     -1.19929
  2.3186     -1.16514
  2.3478     -1.13189
  2.3773     -1.09950
  2.4072     -1.06797
  2.4375     -1.03726
  2.4681     -1.00737
  2.4992     -0.97826
  2.5306     -0.94993
  2.5624     -0.92235
  2.5947     -0.89551
  2.6273     -0.86938
  2.6604     -0.84395
  2.6938     -0.81921
  2.7277     -0.79513
  2.7620     -0.77169
  2.7968     -0.74889
  2.8320     -0.72671
  2.8676     -0.70513
  2.9036     -0.68413
  2.9402     -0.66370
  2.9772     -0.64384
  3.0146     -0.62452
  3.0525     -0.60573
  3.0909     -0.58746
  3.1298     -0.56971
  3.1692     -0.55245
  3.2090     -0.53569
  3.2494     -0.51940
  3.2903     -0.50359
  3.3317     -0.48824
  3.3736     -0.47335
  3.4160     -0.45891
  3.4590     -0.44490
  3.5025     -0.43133
  3.5465     -0.41819
  3.5911     -0.40547
  3.6363     -0.39316
  3.6821     -0.38126
  3.7284     -0.36976
  3.7753     -0.35865
  3.8228     -0.34793
  3.8708     -0.33759
  3.9195     -0.32762
  3.9688     -0.31801
  4.0188     -0.30875
  4.0693     -0.29984
  4.1205     -0.29126
  4.1723     -0.28301
  4.2248     -0.27507
  4.2780     -0.26744
  4.3318     -0.26010
  4.3863     -0.25304
  4.4414     -0.24625
  4.4973     -0.23972
  4.5539     -0.23343
  4.6111     -0.22737
  4.6691     -0.22152
  4.7279     -0.21589
  4.7873     -0.21044
  4.8476     -0.20518
  4.9085     -0.20008
  4.9703     -0.19514
  5.0328     -0.19033
  5.0961     -0.18566
  5.1602     -0.18110
  5.2251     -0.17666
  5.2908     -0.17230
  5.3574     -0.16804
  5.4248     -0.16385
  5.4930     -0.15973
  5.5621     -0.15567
  5.6321     -0.15166
  5.7029     -0.14771
  5.7747     -0.14380
  5.8473     -0.13992
  5.9208     -0.13609
  5.9953     -0.13228
  6.0707     -0.12851
  6.1471     -0.12477
  6.2244     -0.12106
  6.3027     -0.11738
  6.3820     -0.11374
  6.4623     -0.11013
  6.5436     -0.10655
  6.6259     -0.10301
  6.7092     -0.09951
  6.7936     -0.09606
  6.8791     -0.09265
  6.9656     -0.08930
  7.0532     -0.08599
  7.1419     -0.08274
  7.2318     -0.07955
  7.3227     -0.07642
  7.4148     -0.07336
  7.5081     -0.07036
  7.6025     -0.06743
  7.6982     -0.06457
  7.7950     -0.06179
  7.8931     -0.05907
  7.9923     -0.05644
  8.0929     -0.05387
  8.1947     -0.05139
  8.2977     -0.04898
  8.4021     -0.04665
  8.5078     -0.04440
  8.6148     -0.04222
  8.7232     -0.04013
  8.8329     -0.03810
  8.9440     -0.03615
  9.0565     -0.03428
  9.1704     -0.03248
  9.2858     -0.03075
  9.4026     -0.02910
  9.5209     -0.02751
  9.6406     -0.02599
  9.7619     -0.02453
  9.8847     -0.02314
 10.0090     -0.02182
 10.1349     -0.02055
 10.2624     -0.01934
 10.3915     -0.01819
 10.5222     -0.01710
 10.6545     -0.01606
 10.7886     -0.01507
 10.9243     -0.01413
 11.0617     -0.01325
 11.2008     -0.01240
 11.3417     -0.01160
 11.4844     -0.01085
 11.6288     -0.01014
 11.7751     -0.00946
 11.9232     -0.00883
 12.0732     -0.00822
 12.2250     -0.00766
 12.3788     -0.00713
 12.5345     -0.00663
 12.6922     -0.00616
 12.8518     -0.00571
 13.0135     -0.00530
 13.1772     -0.00491
 13.3429     -0.00455
 13.5108     -0.00420
 13.6807     -0.00389
 13.8528     -0.00359
 14.0270     -0.00331
 14.2035     -0.00305
 14.3821     -0.00281
 14.5630     -0.00259
 14.7462     -0.00238
 14.9317     -0.00218
 15.1195     -0.00200
 15.3097     -0.00183
 15.5023     -0.00168
 15.6973     -0.00154
 15.8947     -0.00140
 16.0947     -0.00128
 16.2971     -0.00117
 16.5021     -0.00106
 16.7097     -0.00097
 16.9199     -0.00088
 17.1327     -0.00080
 17.3482     -0.00073
 17.5664     -0.00066
 17.7874     -0.00059
 18.0111     -0.00054
 18.2377     -0.00049
 18.4671     -0.00044
 18.6993     -0.00039
 18.9346     -0.00036
 19.1727     -0.00036
 19.4139     -0.00036
 19.6581     -0.00036
 19.9054     -0.00036
 20.1557     -0.00036
 20.4093     -0.00036
 20.6660     -0.00036
 20.9259     -0.00036
 21.1891     -0.00036
 21.4557     -0.00036
 21.7255     -0.00036
 21.9988     -0.00036
 22.2755     -0.00036
 22.5557     -0.00036
 22.8394     -0.00036
 23.1267     -0.00036
 23.4176     -0.00036
 23.7122     -0.00036
 24.0105     -0.00036
 24.3125     -0.00036
 24.6183     -0.00036
 24.9279     -0.00036
 25.2415     -0.00036
 25.5590     -0.00036
 25.8805     -0.00036
 26.2060     -0.00036
 26.5357     -0.00036
