  0.0000      4.34488
  0.0100      4.34488
  0.0202      4.34488
  0.0302      4.34488
  0.0403      4.34486
  0.0505      4.34482
  0.0602      4.34476
  0.0708      4.34464
  0.0803      4.34448
  0.0910      4.34422
  0.1005      4.34389
  0.1111      4.34340
  0.1213      4.34278
  0.1307      4.34205
  0.1409      4.34106
  0.1500      4.33998
  0.1617      4.33827
  0.1700      4.33682
  0.1810      4.33454
  0.1903      4.33226
  0.2000      4.32949
  0.2103      4.32610
  0.2211      4.32198
  0.2324      4.31696
  0.2413      4.31249
  0.2505      4.30730
  0.2601      4.30129
  0.2700      4.29433
  0.2803      4.28627
  0.2910      4.27694
  0.3022      4.26613
  0.3137      4.25362
  0.3217      4.24422
  0.3340      4.22828
  0.3424      4.21630
  0.3511      4.20310
  0.3645      4.18077
  0.3737      4.16400
  0.3832      4.14555
  0.3929      4.12525
  0.4028      4.10293
  0.4130      4.07840
  0.4235      4.05145
  0.4342      4.02185
  0.4452      3.98936
  0.4508      3.97194
  0.4622      3.93459
  0.4739      3.89364
  0.4859      3.84876
  0.4921      3.82474
  0.5045      3.77332
  0.5109      3.74581
  0.5238      3.68698
  0.5304      3.65554
  0.5438      3.58834
  0.5507      3.55246
  0.5646      3.47586
  0.5717      3.43502
  0.5862      3.34789
  0.5935      3.30149
  0.6010      3.25310
  0.6162      3.15008
  0.6240      3.09531
  0.6318      3.03828
  0.6478      2.91711
  0.6560      2.85283
  0.6642      2.78600
  0.6726      2.71655
  0.6811      2.64440
  0.6983      2.49173
  0.7071      2.41109
  0.7160      2.32749
  0.7250      2.24088
  0.7341      2.15120
  0.7433      2.05840
  0.7527      1.96245
  0.7622      1.86329
  0.7717      1.76091
  0.7815      1.65527
  0.7913      1.54637
  0.8012      1.43419
  0.8113      1.31875
  0.8215      1.20007
  0.8319      1.07816
  0.8423      0.95308
  0.8529      0.82489
  0.8636      0.69366
  0.8745      0.55949
  0.8855      0.42248
  0.8966      0.28277
  0.9079      0.14052
  0.9193     -0.00410
  0.9309     -0.15090
  0.9426     -0.29964
  0.9545     -0.45007
  0.9665     -0.60193
  0.9786     -0.75489
  0.9910     -0.90862
  1.0034     -1.06277
  1.0160     -1.21694
  1.0288     -1.37071
  1.0418     -1.52362
  1.0549     -1.67521
  1.0681     -1.82495
  1.0816     -1.97232
  1.0952     -2.11676
  1.1090     -2.25770
  1.1229     -2.39454
  1.1370     -2.52666
  1.1513     -2.65344
  1.1658     -2.77426
  1.1805     -2.88848
  1.1953     -2.99548
  1.2104     -3.09465
  1.2256     -3.18540
  1.2410     -3.26717
  1.2566     -3.33942
  1.2724     -3.40168
  1.2884     -3.45353
  1.3047     -3.49460
  1.3211     -3.52462
  1.3377     -3.54340
  1.3545     -3.55082
  1.3715     -3.54691
  1.3888     -3.53180
  1.4063     -3.50572
  1.4240     -3.46907
  1.4419     -3.42236
  1.4600     -3.36625
  1.4784     -3.30153
  1.4970     -3.22916
  1.5158     -3.15019
  1.5349     -3.06583
  1.5542     -2.97736
  1.5737     -2.88617
  1.5935     -2.79371
  1.6136     -2.70143
  1.6339     -2.61076
  1.6544     -2.52305
  1.6752     -2.43948
  1.6963     -2.36098
  1.7176     -2.28813
  1.7392     -2.22100
  1.7611     -2.15904
  1.7833     -2.10082
  1.8057     -2.04443
  1.8284     -1.98939
  1.8514     -1.93565
  1.8747     -1.88319
  1.8983     -1.83200
  1.9222     -1.78204
  1.9463     -1.73328
  1.9708     -1.68572
  1.9956     -1.63931
  2.0207     -1.59404
  2.0461     -1.54989
  2.0719     -1.50684
  2.0979     -1.46486
  2.1243     -1.42393
  2.1511     -1.38403
  2.1781     -1.34514
  2.2055     -1.30725
  2.2333     -1.27032
  2.2613     -1.23434
  2.2898     -1.19929
  2.3186     -1.16514
  2.3478     -1.13189
  2.3773     -1.09950
  2.4072     -1.06797
  2.4375     -1.03726
  2.4681     -1.00737
  2.4992     -0.97826
  2.5306     -0.94993
  2.5624     -0.92235
  2.5947     -0.89551
  2.6273     -0.86938
  2.6604     -0.84395
  2.6938     -0.81921
  2.7277     -0.79513
  2.7620     -0.77169
  2.7968     -0.74889
  2.8320     -0.72671
  2.8676     -0.70513
  2.9036     -0.68413
  2.9402     -0.66370
  2.9772     -0.64384
  3.0146     -0.62452
  3.0525     -0.60573
  3.0909     -0.58746
  3.1298     -0.56971
  3.1692     -0.55245
  3.2090     -0.53569
  3.2494     -0.51940
  3.2903     -0.50359
  3.3317     -0.48824
  3.3736     -0.47335
  3.4160     -0.45891
  3.4590     -0.44490
  3.5025     -0.43133
  3.5465     -0.41819
  3.5911     -0.40547
  3.6363     -0.39316
  3.6821     -0.38126
  3.7284     -0.36976
  3.7753     -0.35865
  3.8228     -0.34793
  3.8708     -0.33759
  3.9195     -0.32762
  3.9688     -0.31801
  4.0188     -0.30875
  4.0693     -0.29984
  4.1205     -0.29126
  4.1723     -0.28301
  4.2248     -0.27507
  4.2780     -0.26744
  4.3318     -0.26010
  4.3863     -0.25304
  4.4414     -0.24625
  4.4973     -0.23972
  4.5539     -0.23343
  4.6111     -0.22737
  4.6691     -0.22152
  4.7279     -0.21589
  4.7873     -0.21044
  4.8476     -0.20518
  4.9085     -0.20008
  4.9703     -0.19514
  5.0328     -0.19033
  5.0961     -0.18566
  5.1602     -0.18110
  5.2251     -0.17666
  5.2908     -0.17230
  5.3574     -0.16804
  5.4248     -0.16385
  5.4930     -0.15973
  5.5621     -0.15567
  5.6321     -0.15166
  5.7029     -0.14771
  5.7747     -0.14380
  5.8473     -0.13992
  5.9208     -0.13609
  5.9953     -0.13228
  6.0707     -0.12851
  6.1471     -0.12477
  6.2244     -0.12106
  6.3027     -0.11738
  6.3820     -0.11374
  6.4623     -0.11013
  6.5436     -0.10655
  6.6259     -0.10301
  6.7092     -0.09951
  6.7936     -0.09606
  6.8791     -0.09265
  6.9656     -0.08930
  7.0532     -0.08599
  7.1419     -0.08274
  7.2318     -0.07955
  7.3227     -0.07642
  7.4148     -0.07336
  7.5081     -0.07036
  7.6025     -0.06743
  7.6982     -0.06457
  7.7950     -0.06179
  7.8931     -0.05907
  7.9923     -0.05644
  8.0929     -0.05387
  8.1947     -0.05139
  8.2977     -0.04898
  8.4021     -0.04665
  8.5078     -0.04440
  8.6148     -0.04222
  8.7232     -0.04013
  8.8329     -0.03810
  8.9440     -0.03615
  9.0565     -0.03428
  9.1704     -0.03248
  9.2858     -0.03075
  9.4026     -0.02910
  9.5209     -0.02751
  9.6406     -0.02599
  9.7619     -0.02453
  9.8847     -0.02314
 10.0090     -0.02182
 10.1349     -0.02055
 10.2624     -0.01934
 10.3915     -0.01819
 10.5222     -0.01710
 10.6545     -0.01606
 10.7886     -0.01507
 10.9243     -0.01413
 11.0617     -0.01325
 11.2008     -0.01240
 11.3417     -0.01160
 11.4844     -0.01085
 11.6288     -0.01014
 11.7751     -0.00946
 11.9232     -0.00883
 12.0732     -0.00822
 12.2250     -0.00766
 12.3788     -0.00713
 12.5345     -0.00663
 12.6922     -0.00616
 12.8518     -0.00571
 13.0135     -0.00530
 13.1772     -0.00491
 13.3429     -0.00455
 13.5108     -0.00420
 13.6807     -0.00389
 13.8528     -0.00359
 14.0270     -0.00331
 14.2035     -0.00305
 14.3821     -0.00281
 14.5630     -0.00259
 14.7462     -0.00238
 14.9317     -0.00218
 15.1195     -0.00200
 15.3097     -0.00183
 15.5023     -0.00168
 15.6973     -0.00154
 15.8947     -0.00140
 16.0947     -0.00128
 16.2971     -0.00117
 16.5021     -0.00106
 16.7097     -0.00097
 16.9199     -0.00088
 17.1327     -0.00080
 17.3482     -0.00073
 17.5664     -0.00066
 17.7874     -0.00059
 18.0111     -0.00054
 18.2377     -0.00049
 18.4671     -0.00044
 18.6993     -0.00039
 18.9346     -0.00036
 19.1727     -0.00036
 19.4139     -0.00036
 19.6581     -0.00036
 19.9054     -0.00036
 20.1557     -0.00036
 20.4093     -0.00036
 20.6660     -0.00036
 20.9259     -0.00036
 21.1891     -0.00036
 21.4557     -0.00036
 21.7255     -0.00036
 21.9988     -0.00036
 22.2755     -0.00036
 22.5557     -0.00036
 22.8394     -0.00036
 23.1267     -0.00036
 23.4176     -0.00036
 23.7122     -0.00036
 24.0105     -0.00036
 24.3125     -0.00036
 24.6183     -0.00036
 24.9279     -0.00036
 25.2415     -0.00036
 25.5590     -0.00036
 25.8805     -0.00036
 26.2060     -0.00036
 26.5357     -0.00036
