    -3.266881       1.172181      -1.266881
    -3.186881       1.133837      -1.266881
    -3.106881       1.094270      -1.266881
    -3.026881       1.053387      -1.266881
    -2.946881       1.011084      -1.266881
    -2.866881       0.967246      -1.266881
    -2.786881       0.921744      -1.266881
    -2.706881       0.874433      -1.266881
    -2.626881       0.825151      -1.266881
    -2.546881       0.773714      -1.266881
    -2.466881       0.719913      -1.266881
    -2.386881       0.663510      -1.266881
    -2.306881       0.604236      -1.266881
    -2.226881       0.541776      -1.266881
    -2.146881       0.475772      -1.266881
    -2.066881       0.405803      -1.266881
    -1.986881       0.331380      -1.266881
    -1.906881       0.251928      -1.266881
    -1.826881       0.166763      -1.266881
    -1.746881       0.075073      -1.266881
    -1.666881      -0.024124      -1.266881
    -1.586881      -0.132018      -1.266881
    -1.506881      -0.250069      -1.266881
    -1.426881      -0.380088      -1.266881
    -1.346881      -0.524351      -1.266881
    -1.266881      -0.685758      -1.266881
    -1.186881      -0.868056      -1.266881
    -1.106881      -1.076186      -1.266881
    -1.026881      -1.316789      -1.266881
    -0.946881      -1.599013      -1.266881
    -0.866881      -1.935812      -1.266881
    -0.786881      -2.346172      -1.266881
    -0.706881      -2.859058      -1.266881
    -0.626881      -3.520987      -1.266881
    -0.546881      -4.411715      -1.266881
    -0.466881      -5.680302      -1.266881
    -0.386881      -7.641462      -1.266881
    -0.306881     -11.093883      -1.266881
    -0.226881     -18.832313      -1.266881
    -0.146881     -52.264637      -1.266881
    -0.066881      81.594766      -1.266881
     0.013119      24.113127      -1.266881
     0.093119      14.524901      -1.266881
     0.173119      10.563698      -1.266881
     0.253119       8.392226      -1.266881
     0.333119       7.015969      -1.266881
     0.413119       6.061998      -1.266881
     0.493119       5.359012      -1.266881
     0.573119       4.817276      -1.266881
     0.653119       4.385233      -1.266881
     0.733119       4.031165      -1.266881
