    -2.000000       1.424826       0.000000
    -1.920000       1.396850       0.000000
    -1.840000       1.368364       0.000000
    -1.760000       1.339345       0.000000
    -1.680000       1.309764       0.000000
    -1.600000       1.279594       0.000000
    -1.520000       1.248802       0.000000
    -1.440000       1.217357       0.000000
    -1.360000       1.185220       0.000000
    -1.280000       1.152354       0.000000
    -1.200000       1.118715       0.000000
    -1.120000       1.084257       0.000000
    -1.040000       1.048928       0.000000
    -0.960000       1.012675       0.000000
    -0.880000       0.975436       0.000000
    -0.800000       0.937145       0.000000
    -0.720000       0.897728       0.000000
    -0.640000       0.857105       0.000000
    -0.560000       0.815187       0.000000
    -0.480000       0.771876       0.000000
    -0.400000       0.727060       0.000000
    -0.320000       0.680618       0.000000
    -0.240000       0.632412       0.000000
    -0.160000       0.582287       0.000000
    -0.080000       0.530071       0.000000
     0.000000       0.475565       0.000000
     0.080000       0.418547       0.000000
     0.160000       0.358761       0.000000
     0.240000       0.295914       0.000000
     0.320000       0.229668       0.000000
     0.400000       0.159632       0.000000
     0.480000       0.085350       0.000000
     0.560000       0.006285       0.000000
     0.640000      -0.078194       0.000000
     0.720000      -0.168841       0.000000
     0.800000      -0.266560       0.000000
     0.880000      -0.372443       0.000000
     0.960000      -0.487829       0.000000
     1.040000      -0.614370       0.000000
     1.120000      -0.754133       0.000000
     1.200000      -0.909738       0.000000
     1.280000      -1.084556       0.000000
     1.360000      -1.283002       0.000000
     1.440000      -1.510972       0.000000
     1.520000      -1.776518       0.000000
     1.600000      -2.090943       0.000000
     1.680000      -2.470612       0.000000
     1.760000      -2.940170       0.000000
     1.840000      -3.538504       0.000000
     1.920000      -4.330801       0.000000
     2.000000      -5.435307       0.000000
