    -2.000000       1.932034       0.000000
    -1.920000       1.912485       0.000000
    -1.840000       1.892771       0.000000
    -1.760000       1.872887       0.000000
    -1.680000       1.852830       0.000000
    -1.600000       1.832597       0.000000
    -1.520000       1.812182       0.000000
    -1.440000       1.791582       0.000000
    -1.360000       1.770792       0.000000
    -1.280000       1.749808       0.000000
    -1.200000       1.728624       0.000000
    -1.120000       1.707237       0.000000
    -1.040000       1.685640       0.000000
    -0.960000       1.663829       0.000000
    -0.880000       1.641797       0.000000
    -0.800000       1.619540       0.000000
    -0.720000       1.597050       0.000000
    -0.640000       1.574323       0.000000
    -0.560000       1.551351       0.000000
    -0.480000       1.528127       0.000000
    -0.400000       1.504646       0.000000
    -0.320000       1.480898       0.000000
    -0.240000       1.456878       0.000000
    -0.160000       1.432576       0.000000
    -0.080000       1.407985       0.000000
     0.000000       1.383095       0.000000
     0.080000       1.357898       0.000000
     0.160000       1.332385       0.000000
     0.240000       1.306545       0.000000
     0.320000       1.280367       0.000000
     0.400000       1.253842       0.000000
     0.480000       1.226958       0.000000
     0.560000       1.199703       0.000000
     0.640000       1.172064       0.000000
     0.720000       1.144028       0.000000
     0.800000       1.115582       0.000000
     0.880000       1.086710       0.000000
     0.960000       1.057398       0.000000
     1.040000       1.027630       0.000000
     1.120000       0.997388       0.000000
     1.200000       0.966656       0.000000
     1.280000       0.935413       0.000000
     1.360000       0.903640       0.000000
     1.440000       0.871316       0.000000
     1.520000       0.838419       0.000000
     1.600000       0.804926       0.000000
     1.680000       0.770810       0.000000
     1.760000       0.736047       0.000000
     1.840000       0.700607       0.000000
     1.920000       0.664461       0.000000
     2.000000       0.627577       0.000000
