    -2.513155       1.150952      -0.513155
    -2.433155       1.114829      -0.513155
    -2.353155       1.077707      -0.513155
    -2.273155       1.039519      -0.513155
    -2.193155       1.000191      -0.513155
    -2.113155       0.959643      -0.513155
    -2.033155       0.917784      -0.513155
    -1.953155       0.874516      -0.513155
    -1.873155       0.829728      -0.513155
    -1.793155       0.783299      -0.513155
    -1.713155       0.735092      -0.513155
    -1.633155       0.684953      -0.513155
    -1.553155       0.632710      -0.513155
    -1.473155       0.578171      -0.513155
    -1.393155       0.521114      -0.513155
    -1.313155       0.461291      -0.513155
    -1.233155       0.398415      -0.513155
    -1.153155       0.332160      -0.513155
    -1.073155       0.262147      -0.513155
    -0.993155       0.187940      -0.513155
    -0.913155       0.109026      -0.513155
    -0.833155       0.024807      -0.513155
    -0.753155      -0.065426      -0.513155
    -0.673155      -0.162516      -0.513155
    -0.593155      -0.267476      -0.513155
    -0.513155      -0.381530      -0.513155
    -0.433155      -0.506177      -0.513155
    -0.353155      -0.643270      -0.513155
    -0.273155      -0.795122      -0.513155
    -0.193155      -0.964671      -0.513155
    -0.113155      -1.155695      -0.513155
    -0.033155      -1.373136      -0.513155
     0.046845      -1.623599      -0.513155
     0.126845      -1.916100      -0.513155
     0.206845      -2.263286      -0.513155
     0.286845      -2.683471      -0.513155
     0.366845      -3.204194      -0.513155
     0.446845      -3.868893      -0.513155
     0.526845      -4.750303      -0.513155
     0.606845      -5.980157      -0.513155
     0.686845      -7.824233      -0.513155
     0.766845     -10.911029      -0.513155
     0.846845     -17.171124      -0.513155
     0.926845     -36.831465      -0.513155
     1.006845     511.027165      -0.513155
     1.086845      34.039691      -0.513155
     1.166845      18.064041      -0.513155
     1.246845      12.482289      -0.513155
     1.326845       9.631423      -0.513155
     1.406845       7.895155      -0.513155
     1.486845       6.722396      -0.513155
