  0.0000     0.00002216    0.0000
  0.0100     0.09247341    0.0000
  0.0201     0.15531514    0.0000
  0.0301     0.19391428    0.0000
  0.0402     0.21375097    0.0000
  0.0504     0.21815656    0.0000
  0.0600     0.21081829    0.0000
  0.0707     0.19267737    0.0000
  0.0801     0.16978352    0.0000
  0.0908     0.13813645    0.0000
  0.1003     0.10612874    0.0000
  0.1109     0.06809130    0.0000
  0.1211     0.03001482    0.0000
  0.1305    -0.00592202    0.0000
  0.1407    -0.04454356    0.0000
  0.1517    -0.08536716    0.0000
  0.1615    -0.12062090    0.0000
  0.1719    -0.15652813    0.0000
  0.1807    -0.18537978    0.0000
  0.1924    -0.22111211    0.0000
  0.2022    -0.24902825    0.0000
  0.2126    -0.27595835    0.0000
  0.2207    -0.29527702    0.0000
  0.2321    -0.31953869    0.0000
  0.2409    -0.33638342    0.0000
  0.2501    -0.35186899    0.0000
  0.2630    -0.37008619    0.0000
  0.2730    -0.38168947    0.0000
  0.2835    -0.39132667    0.0000
  0.2907    -0.39657192    0.0000
  0.3018    -0.40254361    0.0000
  0.3133    -0.40609413    0.0000
  0.3212    -0.40703910    0.0000
  0.3335    -0.40621607    0.0000
  0.3420    -0.40411596    0.0000
  0.3506    -0.40073250    0.0000
  0.3640    -0.39318116    0.0000
  0.3733    -0.38645569    0.0000
  0.3827    -0.37835013    0.0000
  0.3924    -0.36884614    0.0000
  0.4023    -0.35792995    0.0000
  0.4125    -0.34559266    0.0000
  0.4230    -0.33183043    0.0000
  0.4337    -0.31664469    0.0000
  0.4447    -0.30004239    0.0000
  0.4503    -0.29121373    0.0000
  0.4617    -0.27251198    0.0000
  0.4734    -0.25243607    0.0000
  0.4853    -0.23101332    0.0000
  0.4914    -0.21980710    0.0000
  0.5039    -0.19642872    0.0000
  0.5102    -0.18426723    0.0000
  0.5232    -0.15902918    0.0000
  0.5364    -0.13261494    0.0000
  0.5431    -0.11898463    0.0000
  0.5569    -0.09091671    0.0000
  0.5639    -0.07649584    0.0000
  0.5710    -0.06182881    0.0000
  0.5855    -0.03179371    0.0000
  0.5928    -0.01644524    0.0000
  0.6003    -0.00088979    0.0000
  0.6155     0.03079918    0.0000
  0.6232     0.04691049    0.0000
  0.6311     0.06318434    0.0000
  0.6471     0.09617202    0.0000
  0.6552     0.11286130    0.0000
  0.6634     0.12966409    0.0000
  0.6718     0.14656748    0.0000
  0.6802     0.16355835    0.0000
  0.6975     0.19774895    0.0000
  0.7062     0.21492139    0.0000
  0.7151     0.23212678    0.0000
  0.7241     0.24935105    0.0000
  0.7332     0.26658001    0.0000
  0.7425     0.28379933    0.0000
  0.7518     0.30099460    0.0000
  0.7613     0.31815134    0.0000
  0.7708     0.33525498    0.0000
  0.7805     0.35229097    0.0000
  0.7903     0.36924475    0.0000
  0.8003     0.38610177    0.0000
  0.8104     0.40284759    0.0000
  0.8206     0.41946786    0.0000
  0.8309     0.43594838    0.0000
  0.8413     0.45227514    0.0000
  0.8519     0.46843437    0.0000
  0.8626     0.48441255    0.0000
  0.8735     0.50019644    0.0000
  0.8845     0.51577312    0.0000
  0.8956     0.53112995    0.0000
  0.9069     0.54625461    0.0000
  0.9183     0.56113496    0.0000
  0.9298     0.57575907    0.0000
  0.9415     0.59011510    0.0000
  0.9534     0.60419121    0.0000
  0.9654     0.61797549    0.0000
  0.9775     0.63145589    0.0000
  0.9898     0.64462018    0.0000
  1.0023     0.65745592    0.0000
  1.0149     0.66995056    0.0000
  1.0276     0.68209147    0.0000
  1.0406     0.69386602    0.0000
  1.0537     0.70526177    0.0000
  1.0669     0.71626652    0.0000
  1.0803     0.72686846    0.0000
  1.0939     0.73705626    0.0000
  1.1077     0.74681912    0.0000
  1.1216     0.75614684    0.0000
  1.1357     0.76502984    0.0000
  1.1500     0.77345917    0.0000
  1.1645     0.78142656    0.0000
  1.1791     0.78892438    0.0000
  1.1940     0.79594564    0.0000
  1.2090     0.80248402    0.0000
  1.2242     0.80853385    0.0000
  1.2396     0.81409010    0.0000
  1.2552     0.81914842    0.0000
  1.2710     0.82370508    0.0000
  1.2870     0.82775704    0.0000
  1.3032     0.83130191    0.0000
  1.3196     0.83433797    0.0000
  1.3362     0.83686418    0.0000
  1.3530     0.83888016    0.0000
  1.3700     0.84038624    0.0000
  1.3872     0.84138342    0.0000
  1.4047     0.84187337    0.0000
  1.4223     0.84185849    0.0000
  1.4402     0.84134181    0.0000
  1.4583     0.84032707    0.0000
  1.4767     0.83881869    0.0000
  1.4953     0.83682174    0.0000
  1.5141     0.83434196    0.0000
  1.5331     0.83138573    0.0000
  1.5524     0.82796005    0.0000
  1.5719     0.82407255    0.0000
  1.5917     0.81973147    0.0000
  1.6117     0.81494561    0.0000
  1.6320     0.80972435    0.0000
  1.6525     0.80407759    0.0000
  1.6733     0.79801576    0.0000
  1.6944     0.79154977    0.0000
  1.7157     0.78469103    0.0000
  1.7373     0.77745135    0.0000
  1.7591     0.76984297    0.0000
  1.7813     0.76187854    0.0000
  1.8037     0.75357104    0.0000
  1.8264     0.74493379    0.0000
  1.8493     0.73598041    0.0000
  1.8726     0.72672481    0.0000
  1.8962     0.71718112    0.0000
  1.9200     0.70736371    0.0000
  1.9442     0.69728711    0.0000
  1.9686     0.68696601    0.0000
  1.9934     0.67641526    0.0000
  2.0185     0.66564976    0.0000
  2.0439     0.65468452    0.0000
  2.0696     0.64353457    0.0000
  2.0956     0.63221496    0.0000
  2.1220     0.62074073    0.0000
  2.1486     0.60912687    0.0000
  2.1757     0.59738833    0.0000
  2.2030     0.58553994    0.0000
  2.2308     0.57359644    0.0000
  2.2588     0.56157241    0.0000
  2.2872     0.54948228    0.0000
  2.3160     0.53734029    0.0000
  2.3451     0.52516048    0.0000
  2.3746     0.51295667    0.0000
  2.4045     0.50074240    0.0000
  2.4348     0.48853098    0.0000
  2.4654     0.47633542    0.0000
  2.4964     0.46416842    0.0000
  2.5278     0.45204237    0.0000
  2.5596     0.43996932    0.0000
  2.5918     0.42796098    0.0000
  2.6244     0.41602867    0.0000
  2.6574     0.40418336    0.0000
  2.6908     0.39243561    0.0000
  2.7247     0.38079558    0.0000
  2.7590     0.36927302    0.0000
  2.7937     0.35787724    0.0000
  2.8288     0.34661716    0.0000
  2.8644     0.33550120    0.0000
  2.9004     0.32453737    0.0000
  2.9369     0.31373322    0.0000
  2.9739     0.30309585    0.0000
  3.0113     0.29263186    0.0000
  3.0491     0.28234742    0.0000
  3.0875     0.27224823    0.0000
  3.1263     0.26233951    0.0000
  3.1657     0.25262602    0.0000
  3.2055     0.24311205    0.0000
  3.2458     0.23380144    0.0000
  3.2866     0.22469756    0.0000
  3.3280     0.21580334    0.0000
  3.3698     0.20712125    0.0000
  3.4122     0.19865336    0.0000
  3.4552     0.19040127    0.0000
  3.4986     0.18236618    0.0000
  3.5426     0.17454891    0.0000
  3.5872     0.16694985    0.0000
  3.6323     0.15956903    0.0000
  3.6780     0.15240611    0.0000
  3.7243     0.14546040    0.0000
  3.7711     0.13873087    0.0000
  3.8185     0.13221618    0.0000
  3.8666     0.12591467    0.0000
  3.9152     0.11982441    0.0000
  3.9645     0.11394318    0.0000
  4.0143     0.10826852    0.0000
  4.0648     0.10279772    0.0000
  4.1160     0.09752786    0.0000
  4.1677     0.09245580    0.0000
  4.2202     0.08757822    0.0000
  4.2733     0.08289163    0.0000
  4.3270     0.07839237    0.0000
  4.3814     0.07407666    0.0000
  4.4365     0.06994057    0.0000
  4.4924     0.06598006    0.0000
  4.5489     0.06219100    0.0000
  4.6061     0.05856918    0.0000
  4.6640     0.05511028    0.0000
  4.7227     0.05180997    0.0000
  4.7821     0.04866384    0.0000
  4.8422     0.04566743    0.0000
  4.9032     0.04281630    0.0000
  4.9648     0.04010594    0.0000
  5.0273     0.03753187    0.0000
  5.0905     0.03508958    0.0000
  5.1546     0.03277461    0.0000
  5.2194     0.03058248    0.0000
  5.2850     0.02850877    0.0000
  5.3515     0.02654906    0.0000
  5.4188     0.02469900    0.0000
  5.4870     0.02295427    0.0000
  5.5560     0.02131062    0.0000
  5.6259     0.01976384    0.0000
  5.6967     0.01830982    0.0000
  5.7683     0.01694448    0.0000
  5.8409     0.01566384    0.0000
  5.9144     0.01446401    0.0000
  5.9888     0.01334116    0.0000
  6.0641     0.01229157    0.0000
  6.1404     0.01131161    0.0000
  6.2176     0.01039773    0.0000
  6.2958     0.00954651    0.0000
  6.3750     0.00875460    0.0000
  6.4552     0.00801877    0.0000
  6.5364     0.00733590    0.0000
  6.6186     0.00670297    0.0000
  6.7019     0.00611707    0.0000
  6.7862     0.00557539    0.0000
  6.8715     0.00507526    0.0000
  6.9580     0.00461407    0.0000
  7.0455     0.00418937    0.0000
  7.1341     0.00379879    0.0000
  7.2239     0.00344007    0.0000
  7.3147     0.00311106    0.0000
  7.4067     0.00280972    0.0000
  7.4999     0.00253409    0.0000
  7.5942     0.00228235    0.0000
  7.6898     0.00205275    0.0000
  7.7865     0.00184364    0.0000
  7.8844     0.00165347    0.0000
  7.9836     0.00148078    0.0000
  8.0840     0.00132419    0.0000
  8.1857     0.00118241    0.0000
  8.2887     0.00105424    0.0000
  8.3930     0.00093854    0.0000
  8.4985     0.00083427    0.0000
  8.6054     0.00074044    0.0000
  8.7137     0.00065614    0.0000
  8.8233     0.00058052    0.0000
  8.9343     0.00051279    0.0000
  9.0466     0.00045224    0.0000
  9.1604     0.00039819    0.0000
  9.2757     0.00035002    0.0000
  9.3923     0.00030716    0.0000
  9.5105     0.00026910    0.0000
  9.6301     0.00023535    0.0000
  9.7512     0.00020548    0.0000
  9.8739     0.00017908    0.0000
  9.9981     0.00015581    0.0000
 10.1239     0.00013531    0.0000
 10.2512     0.00011730    0.0000
 10.3802     0.00010150    0.0000
 10.5107     0.00008767    0.0000
 10.6429     0.00007558    0.0000
 10.7768     0.00006503    0.0000
 10.9124     0.00005585    0.0000
 11.0496     0.00004787    0.0000
 11.1886     0.00004095    0.0000
 11.3294     0.00003496    0.0000
 11.4719     0.00002979    0.0000
 11.6162     0.00002533    0.0000
 11.7623     0.00002149    0.0000
 11.9102     0.00001820    0.0000
 12.0601     0.00001538    0.0000
 12.2117     0.00001297    0.0000
 12.3654     0.00001091    0.0000
 12.5209     0.00000916    0.0000
 12.6784     0.00000767    0.0000
 12.8379     0.00000641    0.0000
 12.9994     0.00000535    0.0000
 13.1629     0.00000445    0.0000
 13.3284     0.00000369    0.0000
 13.4961     0.00000306    0.0000
 13.6658     0.00000253    0.0000
 13.8377     0.00000208    0.0000
 14.0118     0.00000171    0.0000
 14.1881     0.00000140    0.0000
 14.3665     0.00000115    0.0000
 14.5472     0.00000094    0.0000
 14.7302     0.00000076    0.0000
 14.9155     0.00000062    0.0000
 15.1031     0.00000050    0.0000
 15.2931     0.00000041    0.0000
 15.4855     0.00000033    0.0000
 15.6802     0.00000026    0.0000
 15.8775     0.00000021    0.0000
 16.0772     0.00000017    0.0000
 16.2794     0.00000013    0.0000
 16.4842     0.00000011    0.0000
 16.6915     0.00000008    0.0000
 16.9015     0.00000007    0.0000
 17.1141     0.00000005    0.0000
 17.3294     0.00000004    0.0000
 17.5473     0.00000003    0.0000
 17.7681     0.00000002    0.0000
 17.9916     0.00000002    0.0000
 18.2179     0.00000002    0.0000
 18.4470     0.00000001    0.0000
 18.6791     0.00000001    0.0000
 18.9140     0.00000001    0.0000
 19.1519     0.00000001    0.0000
 19.3928     0.00000000    0.0000
 19.6368     0.00000000    0.0000
 19.8838     0.00000000    0.0000
 20.1339     0.00000000    0.0000
 20.3871     0.00000000    0.0000
 20.6436     0.00000000    0.0000
 20.9032     0.00000000    0.0000
 21.1662     0.00000000    0.0000
 21.4324     0.00000000    0.0000
 21.7020     0.00000000    0.0000
 21.9750     0.00000000    0.0000
 22.2514     0.00000000    0.0000
 22.5313     0.00000000    0.0000
 22.8147     0.00000000    0.0000
 23.1017     0.00000000    0.0000
 23.3922     0.00000000    0.0000
 23.6865     0.00000000    0.0000
 23.9844     0.00000000    0.0000
 24.2861     0.00000000    0.0000
 24.5916     0.00000000    0.0000
 24.9009     0.00000000    0.0000
 25.2141     0.00000000    0.0000
 25.5313     0.00000000    0.0000
 25.8524     0.00000000    0.0000
 26.1776     0.00000000    0.0000
 26.5069     0.00000000    0.0000
 26.8403     0.00000000    0.0000
 27.1779     0.00000000    0.0000
 27.5198     0.00000000    0.0000
 27.8660     0.00000000    0.0000
 28.2165     0.00000000    0.0000
 28.5714     0.00000000    0.0000
 28.9308     0.00000000    0.0000
 29.2947     0.00000000    0.0000
 29.6632     0.00000000    0.0000
 30.0363     0.00000000    0.0000
 30.4141     0.00000000    0.0000
 30.7967     0.00000000    0.0000
 31.1840     0.00000000    0.0000
 31.5763     0.00000000    0.0000
 31.9735     0.00000000    0.0000
 32.3756     0.00000000    0.0000
 32.7829     0.00000000    0.0000
 33.1952     0.00000000    0.0000
 33.6128     0.00000000    0.0000
 34.0356     0.00000000    0.0000
 34.4637     0.00000000    0.0000
 34.8972     0.00000000    0.0000
 35.3362     0.00000000    0.0000
 35.7806     0.00000000    0.0000
 36.2307     0.00000000    0.0000
 36.6864     0.00000000    0.0000
 37.1479     0.00000000    0.0000
 37.6152     0.00000000    0.0000
 38.0883     0.00000000    0.0000
 38.5674     0.00000000    0.0000
 39.0525     0.00000000    0.0000
 39.5437     0.00000000    0.0000
 40.0411     0.00000000    0.0000
 40.5448     0.00000000    0.0000
 41.0548     0.00000000    0.0000
