  0.0000     0.00000000    1.8962
  0.0100     0.00000000    1.8962
  0.0201     0.00000000    1.8962
  0.0301     0.00000000    1.8962
  0.0402     0.00000000    1.8962
  0.0504     0.00000000    1.8962
  0.0600     0.00000000    1.8962
  0.0707     0.00000000    1.8962
  0.0801     0.00000000    1.8962
  0.0908     0.00000000    1.8962
  0.1003     0.00000000    1.8962
  0.1109     0.00000000    1.8962
  0.1211     0.00000000    1.8962
  0.1305     0.00000000    1.8962
  0.1407     0.00000000    1.8962
  0.1517     0.00000000    1.8962
  0.1615     0.00000000    1.8962
  0.1719     0.00000000    1.8962
  0.1807     0.00000000    1.8962
  0.1924     0.00000000    1.8962
  0.2022     0.00000000    1.8962
  0.2126     0.00000000    1.8962
  0.2207     0.00000000    1.8962
  0.2321     0.00000000    1.8962
  0.2409     0.00000000    1.8962
  0.2501     0.00000000    1.8962
  0.2630     0.00000000    1.8962
  0.2730     0.00000000    1.8962
  0.2835     0.00000000    1.8962
  0.2907     0.00000000    1.8962
  0.3018     0.00000000    1.8962
  0.3133     0.00000000    1.8962
  0.3212     0.00000000    1.8962
  0.3335     0.00000000    1.8962
  0.3420     0.00000000    1.8962
  0.3506     0.00000000    1.8962
  0.3640     0.00000000    1.8962
  0.3733     0.00000000    1.8962
  0.3827     0.00000000    1.8962
  0.3924     0.00000000    1.8962
  0.4023     0.00000000    1.8962
  0.4125     0.00000000    1.8962
  0.4230     0.00000000    1.8962
  0.4337     0.00000000    1.8962
  0.4447     0.00000000    1.8962
  0.4503     0.00000000    1.8962
  0.4617     0.00000000    1.8962
  0.4734     0.00000000    1.8962
  0.4853     0.00000000    1.8962
  0.4914     0.00000000    1.8962
  0.5039     0.00000000    1.8962
  0.5102     0.00000000    1.8962
  0.5232     0.00000000    1.8962
  0.5364     0.00000000    1.8962
  0.5431     0.00000000    1.8962
  0.5569     0.00000000    1.8962
  0.5639     0.00000000    1.8962
  0.5710     0.00000000    1.8962
  0.5855     0.00000000    1.8962
  0.5928     0.00000000    1.8962
  0.6003     0.00000000    1.8962
  0.6155     0.00000000    1.8962
  0.6232     0.00000000    1.8962
  0.6311     0.00000000    1.8962
  0.6471     0.00000000    1.8962
  0.6552     0.00000000    1.8962
  0.6634     0.00000000    1.8962
  0.6718     0.00000000    1.8962
  0.6802     0.00000000    1.8962
  0.6975     0.00000000    1.8962
  0.7062     0.00000000    1.8962
  0.7151     0.00000000    1.8962
  0.7241     0.00000000    1.8962
  0.7332     0.00000000    1.8962
  0.7425     0.00000001    1.8962
  0.7518     0.00000001    1.8962
  0.7613     0.00000001    1.8962
  0.7708     0.00000001    1.8962
  0.7805     0.00000001    1.8962
  0.7903     0.00000001    1.8962
  0.8003     0.00000001    1.8962
  0.8104     0.00000001    1.8962
  0.8206     0.00000001    1.8962
  0.8309     0.00000001    1.8962
  0.8413     0.00000001    1.8962
  0.8519     0.00000001    1.8962
  0.8626     0.00000001    1.8962
  0.8735     0.00000001    1.8962
  0.8845     0.00000001    1.8962
  0.8956     0.00000001    1.8962
  0.9069     0.00000001    1.8962
  0.9183     0.00000001    1.8962
  0.9298     0.00000001    1.8962
  0.9415     0.00000001    1.8962
  0.9534     0.00000001    1.8962
  0.9654     0.00000001    1.8962
  0.9775     0.00000001    1.8962
  0.9898     0.00000001    1.8962
  1.0023     0.00000001    1.8962
  1.0149     0.00000001    1.8962
  1.0276     0.00000001    1.8962
  1.0406     0.00000001    1.8962
  1.0537     0.00000001    1.8962
  1.0669     0.00000002    1.8962
  1.0803     0.00000002    1.8962
  1.0939     0.00000002    1.8962
  1.1077     0.00000002    1.8962
  1.1216     0.00000002    1.8962
  1.1357     0.00000002    1.8962
  1.1500     0.00000002    1.8962
  1.1645     0.00000002    1.8962
  1.1791     0.00000002    1.8962
  1.1940     0.00000002    1.8962
  1.2090     0.00000002    1.8962
  1.2242     0.00000002    1.8962
  1.2396     0.00000002    1.8962
  1.2552     0.00000002    1.8962
  1.2710     0.00000003    1.8962
  1.2870     0.00000003    1.8962
  1.3032     0.00000003    1.8962
  1.3196     0.00000003    1.8962
  1.3362     0.00000003    1.8962
  1.3530     0.00000003    1.8962
  1.3700     0.00000003    1.8962
  1.3872     0.00000003    1.8962
  1.4047     0.00000003    1.8962
  1.4223     0.00000004    1.8962
  1.4402     0.00000004    1.8962
  1.4583     0.00000004    1.8962
  1.4767     0.00000004    1.8962
  1.4953     0.00000004    1.8962
  1.5141     0.00000004    1.8962
  1.5331     0.00000004    1.8962
  1.5524     0.00000005    1.8962
  1.5719     0.00000005    1.8962
  1.5917     0.00000005    1.8962
  1.6117     0.00000005    1.8962
  1.6320     0.00000005    1.8962
  1.6525     0.00000005    1.8962
  1.6733     0.00000006    1.8962
  1.6944     0.00000006    1.8962
  1.7157     0.00000006    1.8962
  1.7373     0.00000006    1.8962
  1.7591     0.00000007    1.8962
  1.7813     0.00000007    1.8962
  1.8037     0.00000007    1.8962
  1.8264     0.00000007    1.8962
  1.8493     0.00000008    1.8962
  1.8726     0.00000008    1.8962
  1.8962     0.00000008    1.8962
  1.9200     0.00000009    1.8962
  1.9442     0.00000009    1.8962
  1.9686     0.00000009    1.8962
  1.9934     0.00000010    1.8962
  2.0185     0.00000010    1.8962
  2.0439     0.00000010    1.8962
  2.0696     0.00000011    1.8962
  2.0956     0.00000011    1.8962
  2.1220     0.00000011    1.8962
  2.1486     0.00000012    1.8962
  2.1757     0.00000012    1.8962
  2.2030     0.00000013    1.8962
  2.2308     0.00000013    1.8962
  2.2588     0.00000014    1.8962
  2.2872     0.00000014    1.8962
  2.3160     0.00000015    1.8962
  2.3451     0.00000016    1.8962
  2.3746     0.00000016    1.8962
  2.4045     0.00000017    1.8962
  2.4348     0.00000017    1.8962
  2.4654     0.00000018    1.8962
  2.4964     0.00000019    1.8962
  2.5278     0.00000019    1.8962
  2.5596     0.00000020    1.8962
  2.5918     0.00000021    1.8962
  2.6244     0.00000022    1.8962
  2.6574     0.00000023    1.8962
  2.6908     0.00000024    1.8962
  2.7247     0.00000025    1.8962
  2.7590     0.00000026    1.8962
  2.7937     0.00000027    1.8962
  2.8288     0.00000028    1.8962
  2.8644     0.00000029    1.8962
  2.9004     0.00000030    1.8962
  2.9369     0.00000031    1.8962
  2.9739     0.00000032    1.8962
  3.0113     0.00000034    1.8962
  3.0491     0.00000035    1.8962
  3.0875     0.00000036    1.8962
  3.1263     0.00000038    1.8962
  3.1657     0.00000039    1.8962
  3.2055     0.00000041    1.8962
  3.2458     0.00000043    1.8962
  3.2866     0.00000044    1.8962
  3.3280     0.00000046    1.8962
  3.3698     0.00000048    1.8962
  3.4122     0.00000050    1.8962
  3.4552     0.00000052    1.8962
  3.4986     0.00000054    1.8962
  3.5426     0.00000056    1.8962
  3.5872     0.00000059    1.8962
  3.6323     0.00000061    1.8962
  3.6780     0.00000064    1.8962
  3.7243     0.00000066    1.8962
  3.7711     0.00000069    1.8962
  3.8185     0.00000072    1.8962
  3.8666     0.00000075    1.8962
  3.9152     0.00000078    1.8962
  3.9645     0.00000081    1.8962
  4.0143     0.00000085    1.8962
  4.0648     0.00000088    1.8962
  4.1160     0.00000092    1.8962
  4.1677     0.00000096    1.8962
  4.2202     0.00000100    1.8962
  4.2733     0.00000104    1.8962
  4.3270     0.00000108    1.8962
  4.3814     0.00000113    1.8962
  4.4365     0.00000118    1.8962
  4.4924     0.00000123    1.8962
  4.5489     0.00000128    1.8962
  4.6061     0.00000133    1.8962
  4.6640     0.00000139    1.8962
  4.7227     0.00000145    1.8962
  4.7821     0.00000151    1.8962
  4.8422     0.00000157    1.8962
  4.9032     0.00000164    1.8962
  4.9648     0.00000171    1.8962
  5.0273     0.00000178    1.8962
  5.0905     0.00000186    1.8962
  5.1546     0.00000193    1.8962
  5.2194     0.00000202    1.8962
  5.2850     0.00000210    1.8962
  5.3515     0.00000219    1.8962
  5.4188     0.00000228    1.8962
  5.4870     0.00000238    1.8962
  5.5560     0.00000248    1.8962
  5.6259     0.00000259    1.8962
  5.6967     0.00000270    1.8962
  5.7683     0.00000281    1.8962
  5.8409     0.00000293    1.8962
  5.9144     0.00000306    1.8962
  5.9888     0.00000319    1.8962
  6.0641     0.00000333    1.8962
  6.1404     0.00000347    1.8962
  6.2176     0.00000362    1.8962
  6.2958     0.00000377    1.8962
  6.3750     0.00000394    1.8962
  6.4552     0.00000411    1.8962
  6.5364     0.00000428    1.8962
  6.6186     0.00000447    1.8962
  6.7019     0.00000466    1.8962
  6.7862     0.00000486    1.8962
  6.8715     0.00000508    1.8962
  6.9580     0.00000530    1.8962
  7.0455     0.00000553    1.8962
  7.1341     0.00000577    1.8962
  7.2239     0.00000603    1.8962
  7.3147     0.00000629    1.8962
  7.4067     0.00000657    1.8962
  7.4999     0.00000686    1.8962
  7.5942     0.00000717    1.8962
  7.6898     0.00000749    1.8962
  7.7865     0.00000782    1.8962
  7.8844     0.00000817    1.8962
  7.9836     0.00000854    1.8962
  8.0840     0.00000893    1.8962
  8.1857     0.00000933    1.8962
  8.2887     0.00000975    1.8962
  8.3930     0.00001020    1.8962
  8.4985     0.00001066    1.8962
  8.6054     0.00001115    1.8962
  8.7137     0.00001166    1.8962
  8.8233     0.00001220    1.8962
  8.9343     0.00001276    1.8962
  9.0466     0.00001335    1.8962
  9.1604     0.00001397    1.8962
  9.2757     0.00001462    1.8962
  9.3923     0.00001531    1.8962
  9.5105     0.00001602    1.8962
  9.6301     0.00001678    1.8962
  9.7512     0.00001757    1.8962
  9.8739     0.00001840    1.8962
  9.9981     0.00001927    1.8962
 10.1239     0.00002019    1.8962
 10.2512     0.00002115    1.8962
 10.3802     0.00002216    1.8962
 10.5107     0.00002322    1.8962
 10.6429     0.00002433    1.8962
 10.7768     0.00002550    1.8962
 10.9124     0.00002673    1.8962
 11.0496     0.00002802    1.8962
 11.1886     0.00002938    1.8962
 11.3294     0.00003081    1.8962
 11.4719     0.00003231    1.8962
 11.6162     0.00003388    1.8962
 11.7623     0.00003554    1.8962
 11.9102     0.00003728    1.8962
 12.0601     0.00003911    1.8962
 12.2117     0.00004103    1.8962
 12.3654     0.00004305    1.8962
 12.5209     0.00004517    1.8962
 12.6784     0.00004740    1.8962
 12.8379     0.00004975    1.8962
 12.9994     0.00005222    1.8962
 13.1629     0.00005481    1.8962
 13.3284     0.00005753    1.8962
 13.4961     0.00006040    1.8962
 13.6658     0.00006341    1.8962
 13.8377     0.00006658    1.8962
 14.0118     0.00006991    1.8962
 14.1881     0.00007341    1.8962
 14.3665     0.00007709    1.8962
 14.5472     0.00008095    1.8962
 14.7302     0.00008502    1.8962
 14.9155     0.00008930    1.8962
 15.1031     0.00009379    1.8962
 15.2931     0.00009852    1.8962
 15.4855     0.00010349    1.8962
 15.6802     0.00010871    1.8962
 15.8775     0.00011421    1.8962
 16.0772     0.00011998    1.8962
 16.2794     0.00012605    1.8962
 16.4842     0.00013244    1.8962
 16.6915     0.00013915    1.8962
 16.9015     0.00014621    1.8962
 17.1141     0.00015363    1.8962
 17.3294     0.00016143    1.8962
 17.5473     0.00016963    1.8962
 17.7681     0.00017825    1.8962
 17.9916     0.00018731    1.8962
 18.2179     0.00019684    1.8962
 18.4470     0.00020685    1.8962
 18.6791     0.00021738    1.8962
 18.9140     0.00022844    1.8962
 19.1519     0.00024008    1.8962
 19.3928     0.00025230    1.8962
 19.6368     0.00026515    1.8962
 19.8838     0.00027866    1.8962
 20.1339     0.00029285    1.8962
 20.3871     0.00030777    1.8962
 20.6436     0.00032345    1.8962
 20.9032     0.00033993    1.8962
 21.1662     0.00035726    1.8962
 21.4324     0.00037546    1.8962
 21.7020     0.00039459    1.8962
 21.9750     0.00041470    1.8962
 22.2514     0.00043583    1.8962
 22.5313     0.00045804    1.8962
 22.8147     0.00048138    1.8962
 23.1017     0.00050591    1.8962
 23.3922     0.00053168    1.8962
 23.6865     0.00055877    1.8962
 23.9844     0.00058723    1.8962
 24.2861     0.00061714    1.8962
 24.5916     0.00064858    1.8962
 24.9009     0.00068161    1.8962
 25.2141     0.00071631    1.8962
 25.5313     0.00075278    1.8962
 25.8524     0.00079110    1.8962
 26.1776     0.00083137    1.8962
 26.5069     0.00087368    1.8962
 26.8403     0.00091814    1.8962
 27.1779     0.00096485    1.8962
 27.5198     0.00101393    1.8962
 27.8660     0.00106550    1.8962
 28.2165     0.00111968    1.8962
 28.5714     0.00117661    1.8962
 28.9308     0.00123642    1.8962
 29.2947     0.00129926    1.8962
 29.6632     0.00136527    1.8962
 30.0363     0.00143463    1.8962
 30.4141     0.00150749    1.8962
 30.7967     0.00158404    1.8962
 31.1840     0.00166445    1.8962
 31.5763     0.00174893    1.8962
 31.9735     0.00183767    1.8962
 32.3756     0.00193089    1.8962
 32.7829     0.00202882    1.8962
 33.1952     0.00213168    1.8962
 33.6128     0.00223973    1.8962
 34.0356     0.00235322    1.8962
 34.4637     0.00247243    1.8962
 34.8972     0.00259764    1.8962
 35.3362     0.00272915    1.8962
 35.7806     0.00286727    1.8962
 36.2307     0.00301234    1.8962
 36.6864     0.00316469    1.8962
 37.1479     0.00332470    1.8962
 37.6152     0.00349273    1.8962
 38.0883     0.00366920    1.8962
 38.5674     0.00385451    1.8962
 39.0525     0.00404910    1.8962
 39.5437     0.00425344    1.8962
 40.0411     0.00446800    1.8962
 40.5448     0.00469329    1.8962
 41.0548     0.00492984    1.8962
