  0.0000    -0.00000000    1.6944
  0.0100    -0.00326569    1.6944
  0.0201    -0.01207986    1.6944
  0.0301    -0.02495119    1.6944
  0.0402    -0.04105969    1.6944
  0.0504    -0.05957095    1.6944
  0.0600    -0.07852600    1.6944
  0.0707    -0.10025357    1.6944
  0.0801    -0.11986246    1.6944
  0.0908    -0.14200050    1.6944
  0.1003    -0.16142755    1.6944
  0.1109    -0.18218464    1.6944
  0.1211    -0.20120490    1.6944
  0.1305    -0.21792303    1.6944
  0.1407    -0.23478309    1.6944
  0.1517    -0.25150406    1.6944
  0.1615    -0.26509273    1.6944
  0.1719    -0.27813179    1.6944
  0.1807    -0.28800063    1.6944
  0.1924    -0.29940313    1.6944
  0.2022    -0.30759158    1.6944
  0.2126    -0.31477225    1.6944
  0.2207    -0.31939214    1.6944
  0.2321    -0.32438693    1.6944
  0.2409    -0.32715846    1.6944
  0.2501    -0.32900718    1.6944
  0.2630    -0.32990014    1.6944
  0.2730    -0.32928917    1.6944
  0.2835    -0.32749486    1.6944
  0.2907    -0.32560419    1.6944
  0.3018    -0.32167278    1.6944
  0.3133    -0.31636536    1.6944
  0.3212    -0.31203022    1.6944
  0.3335    -0.30428697    1.6944
  0.3420    -0.29827346    1.6944
  0.3506    -0.29156109    1.6944
  0.3640    -0.28015267    1.6944
  0.3733    -0.27163667    1.6944
  0.3827    -0.26238083    1.6944
  0.3924    -0.25237727    1.6944
  0.4023    -0.24162003    1.6944
  0.4125    -0.23010514    1.6944
  0.4230    -0.21783077    1.6944
  0.4337    -0.20479726    1.6944
  0.4447    -0.19100730    1.6944
  0.4503    -0.18383015    1.6944
  0.4617    -0.16891581    1.6944
  0.4734    -0.15326238    1.6944
  0.4853    -0.13688132    1.6944
  0.4914    -0.12842221    1.6944
  0.5039    -0.11097695    1.6944
  0.5102    -0.10199534    1.6944
  0.5232    -0.08352682    1.6944
  0.5364    -0.06440351    1.6944
  0.5431    -0.05460407    1.6944
  0.5569    -0.03454667    1.6944
  0.5639    -0.02429607    1.6944
  0.5710    -0.01390271    1.6944
  0.5855     0.00729562    1.6944
  0.5928     0.01809187    1.6944
  0.6003     0.02901340    1.6944
  0.6155     0.05121298    1.6944
  0.6232     0.06248097    1.6944
  0.6311     0.07385410    1.6944
  0.6471     0.09689394    1.6944
  0.6552     0.10854932    1.6944
  0.6634     0.12028722    1.6944
  0.6718     0.13210160    1.6944
  0.6802     0.14398630    1.6944
  0.6975     0.16794132    1.6944
  0.7062     0.17999865    1.6944
  0.7151     0.19210031    1.6944
  0.7241     0.20423951    1.6944
  0.7332     0.21640934    1.6944
  0.7425     0.22860279    1.6944
  0.7518     0.24081275    1.6944
  0.7613     0.25303204    1.6944
  0.7708     0.26525339    1.6944
  0.7805     0.27746947    1.6944
  0.7903     0.28967293    1.6944
  0.8003     0.30185637    1.6944
  0.8104     0.31401237    1.6944
  0.8206     0.32613357    1.6944
  0.8309     0.33821259    1.6944
  0.8413     0.35024214    1.6944
  0.8519     0.36221501    1.6944
  0.8626     0.37412409    1.6944
  0.8735     0.38596237    1.6944
  0.8845     0.39772297    1.6944
  0.8956     0.40939911    1.6944
  0.9069     0.42098409    1.6944
  0.9183     0.43247128    1.6944
  0.9298     0.44385403    1.6944
  0.9415     0.45512559    1.6944
  0.9534     0.46627910    1.6944
  0.9654     0.47730747    1.6944
  0.9775     0.48820333    1.6944
  0.9898     0.49895900    1.6944
  1.0023     0.50956648    1.6944
  1.0149     0.52001746    1.6944
  1.0276     0.53030341    1.6944
  1.0406     0.54041558    1.6944
  1.0537     0.55034518    1.6944
  1.0669     0.56008337    1.6944
  1.0803     0.56962143    1.6944
  1.0939     0.57895075    1.6944
  1.1077     0.58806294    1.6944
  1.1216     0.59694983    1.6944
  1.1357     0.60560351    1.6944
  1.1500     0.61401635    1.6944
  1.1645     0.62218098    1.6944
  1.1791     0.63009030    1.6944
  1.1940     0.63773750    1.6944
  1.2090     0.64511604    1.6944
  1.2242     0.65221965    1.6944
  1.2396     0.65904235    1.6944
  1.2552     0.66557842    1.6944
  1.2710     0.67182243    1.6944
  1.2870     0.67776925    1.6944
  1.3032     0.68341403    1.6944
  1.3196     0.68875223    1.6944
  1.3362     0.69377963    1.6944
  1.3530     0.69849233    1.6944
  1.3700     0.70288674    1.6944
  1.3872     0.70695963    1.6944
  1.4047     0.71070812    1.6944
  1.4223     0.71412968    1.6944
  1.4402     0.71722213    1.6944
  1.4583     0.71998367    1.6944
  1.4767     0.72241288    1.6944
  1.4953     0.72450870    1.6944
  1.5141     0.72627046    1.6944
  1.5331     0.72769786    1.6944
  1.5524     0.72879101    1.6944
  1.5719     0.72955036    1.6944
  1.5917     0.72997677    1.6944
  1.6117     0.73007147    1.6944
  1.6320     0.72983605    1.6944
  1.6525     0.72927250    1.6944
  1.6733     0.72838312    1.6944
  1.6944     0.72717063    1.6944
  1.7157     0.72563804    1.6944
  1.7373     0.72378873    1.6944
  1.7591     0.72162643    1.6944
  1.7813     0.71915516    1.6944
  1.8037     0.71637927    1.6944
  1.8264     0.71330341    1.6944
  1.8493     0.70993254    1.6944
  1.8726     0.70627188    1.6944
  1.8962     0.70232695    1.6944
  1.9200     0.69810349    1.6944
  1.9442     0.69360754    1.6944
  1.9686     0.68884535    1.6944
  1.9934     0.68382339    1.6944
  2.0185     0.67854837    1.6944
  2.0439     0.67302719    1.6944
  2.0696     0.66726692    1.6944
  2.0956     0.66127486    1.6944
  2.1220     0.65505843    1.6944
  2.1486     0.64862522    1.6944
  2.1757     0.64198299    1.6944
  2.2030     0.63513959    1.6944
  2.2308     0.62810302    1.6944
  2.2588     0.62088139    1.6944
  2.2872     0.61348288    1.6944
  2.3160     0.60591579    1.6944
  2.3451     0.59818849    1.6944
  2.3746     0.59030939    1.6944
  2.4045     0.58228697    1.6944
  2.4348     0.57412976    1.6944
  2.4654     0.56584631    1.6944
  2.4964     0.55744520    1.6944
  2.5278     0.54893499    1.6944
  2.5596     0.54032428    1.6944
  2.5918     0.53162164    1.6944
  2.6244     0.52283560    1.6944
  2.6574     0.51397466    1.6944
  2.6908     0.50504731    1.6944
  2.7247     0.49606192    1.6944
  2.7590     0.48702685    1.6944
  2.7937     0.47795034    1.6944
  2.8288     0.46884054    1.6944
  2.8644     0.45970553    1.6944
  2.9004     0.45055324    1.6944
  2.9369     0.44139147    1.6944
  2.9739     0.43222792    1.6944
  3.0113     0.42307010    1.6944
  3.0491     0.41392539    1.6944
  3.0875     0.40480098    1.6944
  3.1263     0.39570389    1.6944
  3.1657     0.38664094    1.6944
  3.2055     0.37761877    1.6944
  3.2458     0.36864379    1.6944
  3.2866     0.35972221    1.6944
  3.3280     0.35086001    1.6944
  3.3698     0.34206296    1.6944
  3.4122     0.33333658    1.6944
  3.4552     0.32468615    1.6944
  3.4986     0.31611672    1.6944
  3.5426     0.30763311    1.6944
  3.5872     0.29923986    1.6944
  3.6323     0.29094130    1.6944
  3.6780     0.28274151    1.6944
  3.7243     0.27464432    1.6944
  3.7711     0.26665332    1.6944
  3.8185     0.25877188    1.6944
  3.8666     0.25100313    1.6944
  3.9152     0.24334997    1.6944
  3.9645     0.23581508    1.6944
  4.0143     0.22840093    1.6944
  4.0648     0.22110978    1.6944
  4.1160     0.21394367    1.6944
  4.1677     0.20690448    1.6944
  4.2202     0.19999387    1.6944
  4.2733     0.19321333    1.6944
  4.3270     0.18656417    1.6944
  4.3814     0.18004756    1.6944
  4.4365     0.17366447    1.6944
  4.4924     0.16741573    1.6944
  4.5489     0.16130205    1.6944
  4.6061     0.15532394    1.6944
  4.6640     0.14948184    1.6944
  4.7227     0.14377600    1.6944
  4.7821     0.13820658    1.6944
  4.8422     0.13277360    1.6944
  4.9032     0.12747697    1.6944
  4.9648     0.12231647    1.6944
  5.0273     0.11729178    1.6944
  5.0905     0.11240246    1.6944
  5.1546     0.10764795    1.6944
  5.2194     0.10302761    1.6944
  5.2850     0.09854066    1.6944
  5.3515     0.09418624    1.6944
  5.4188     0.08996338    1.6944
  5.4870     0.08587098    1.6944
  5.5560     0.08190788    1.6944
  5.6259     0.07807278    1.6944
  5.6967     0.07436431    1.6944
  5.7683     0.07078098    1.6944
  5.8409     0.06732122    1.6944
  5.9144     0.06398336    1.6944
  5.9888     0.06076563    1.6944
  6.0641     0.05766618    1.6944
  6.1404     0.05468307    1.6944
  6.2176     0.05181428    1.6944
  6.2958     0.04905772    1.6944
  6.3750     0.04641120    1.6944
  6.4552     0.04387250    1.6944
  6.5364     0.04143929    1.6944
  6.6186     0.03910921    1.6944
  6.7019     0.03687985    1.6944
  6.7862     0.03474872    1.6944
  6.8715     0.03271331    1.6944
  6.9580     0.03077108    1.6944
  7.0455     0.02891943    1.6944
  7.1341     0.02715576    1.6944
  7.2239     0.02547744    1.6944
  7.3147     0.02388182    1.6944
  7.4067     0.02236625    1.6944
  7.4999     0.02092809    1.6944
  7.5942     0.01956466    1.6944
  7.6898     0.01827335    1.6944
  7.7865     0.01705151    1.6944
  7.8844     0.01589654    1.6944
  7.9836     0.01480586    1.6944
  8.0840     0.01377690    1.6944
  8.1857     0.01280716    1.6944
  8.2887     0.01189413    1.6944
  8.3930     0.01103539    1.6944
  8.4985     0.01022852    1.6944
  8.6054     0.00947119    1.6944
  8.7137     0.00876109    1.6944
  8.8233     0.00809597    1.6944
  8.9343     0.00747365    1.6944
  9.0466     0.00689199    1.6944
  9.1604     0.00634893    1.6944
  9.2757     0.00584245    1.6944
  9.3923     0.00537061    1.6944
  9.5105     0.00493153    1.6944
  9.6301     0.00452339    1.6944
  9.7512     0.00414443    1.6944
  9.8739     0.00379298    1.6944
  9.9981     0.00346740    1.6944
 10.1239     0.00316615    1.6944
 10.2512     0.00288773    1.6944
 10.3802     0.00263071    1.6944
 10.5107     0.00239374    1.6944
 10.6429     0.00217551    1.6944
 10.7768     0.00197480    1.6944
 10.9124     0.00179041    1.6944
 11.0496     0.00162123    1.6944
 11.1886     0.00146620    1.6944
 11.3294     0.00132432    1.6944
 11.4719     0.00119465    1.6944
 11.6162     0.00107627    1.6944
 11.7623     0.00096836    1.6944
 11.9102     0.00087012    1.6944
 12.0601     0.00078079    1.6944
 12.2117     0.00069969    1.6944
 12.3654     0.00062615    1.6944
 12.5209     0.00055956    1.6944
 12.6784     0.00049936    1.6944
 12.8379     0.00044499    1.6944
 12.9994     0.00039598    1.6944
 13.1629     0.00035185    1.6944
 13.3284     0.00031218    1.6944
 13.4961     0.00027657    1.6944
 13.6658     0.00024465    1.6944
 13.8377     0.00021609    1.6944
 14.0118     0.00019057    1.6944
 14.1881     0.00016779    1.6944
 14.3665     0.00014751    1.6944
 14.5472     0.00012947    1.6944
 14.7302     0.00011345    1.6944
 14.9155     0.00009925    1.6944
 15.1031     0.00008668    1.6944
 15.2931     0.00007558    1.6944
 15.4855     0.00006579    1.6944
 15.6802     0.00005716    1.6944
 15.8775     0.00004958    1.6944
 16.0772     0.00004293    1.6944
 16.2794     0.00003711    1.6944
 16.4842     0.00003202    1.6944
 16.6915     0.00002757    1.6944
 16.9015     0.00002370    1.6944
 17.1141     0.00002033    1.6944
 17.3294     0.00001741    1.6944
 17.5473     0.00001488    1.6944
 17.7681     0.00001269    1.6944
 17.9916     0.00001081    1.6944
 18.2179     0.00000918    1.6944
 18.4470     0.00000779    1.6944
 18.6791     0.00000659    1.6944
 18.9140     0.00000556    1.6944
 19.1519     0.00000469    1.6944
 19.3928     0.00000394    1.6944
 19.6368     0.00000331    1.6944
 19.8838     0.00000277    1.6944
 20.1339     0.00000231    1.6944
 20.3871     0.00000193    1.6944
 20.6436     0.00000160    1.6944
 20.9032     0.00000133    1.6944
 21.1662     0.00000110    1.6944
 21.4324     0.00000091    1.6944
 21.7020     0.00000075    1.6944
 21.9750     0.00000062    1.6944
 22.2514     0.00000050    1.6944
 22.5313     0.00000041    1.6944
 22.8147     0.00000034    1.6944
 23.1017     0.00000027    1.6944
 23.3922     0.00000022    1.6944
 23.6865     0.00000018    1.6944
 23.9844     0.00000015    1.6944
 24.2861     0.00000012    1.6944
 24.5916     0.00000009    1.6944
 24.9009     0.00000008    1.6944
 25.2141     0.00000006    1.6944
 25.5313     0.00000005    1.6944
 25.8524     0.00000004    1.6944
 26.1776     0.00000003    1.6944
 26.5069     0.00000002    1.6944
 26.8403     0.00000002    1.6944
 27.1779     0.00000001    1.6944
 27.5198     0.00000001    1.6944
 27.8660     0.00000001    1.6944
 28.2165     0.00000001    1.6944
 28.5714     0.00000001    1.6944
 28.9308     0.00000000    1.6944
 29.2947     0.00000000    1.6944
 29.6632     0.00000000    1.6944
 30.0363     0.00000000    1.6944
 30.4141     0.00000000    1.6944
 30.7967     0.00000000    1.6944
 31.1840     0.00000000    1.6944
 31.5763     0.00000000    1.6944
 31.9735     0.00000000    1.6944
 32.3756     0.00000000    1.6944
 32.7829     0.00000000    1.6944
 33.1952     0.00000000    1.6944
 33.6128     0.00000000    1.6944
 34.0356     0.00000000    1.6944
 34.4637     0.00000000    1.6944
 34.8972     0.00000000    1.6944
 35.3362     0.00000000    1.6944
 35.7806     0.00000000    1.6944
 36.2307     0.00000000    1.6944
 36.6864     0.00000000    1.6944
 37.1479     0.00000000    1.6944
 37.6152     0.00000000    1.6944
 38.0883     0.00000000    1.6944
 38.5674     0.00000000    1.6944
 39.0525     0.00000000    1.6944
 39.5437     0.00000000    1.6944
 40.0411     0.00000000    1.6944
 40.5448     0.00000000    1.6944
 41.0548     0.00000000    1.6944
