    0.0000019487              0.00000           0.00000           0.00000
    0.0000039219              0.00000           0.00000           0.00000
    0.0000059199              0.00000           0.00000           0.00000
    0.0000079430              0.00000           0.00000           0.00000
    0.0000099916              0.00000           0.00000           0.00000
    0.0000120660              0.00001           0.00000           0.00001
    0.0000141664              0.00001           0.00000           0.00001
    0.0000162933              0.00001           0.00000           0.00001
    0.0000184469              0.00001           0.00000           0.00001
    0.0000206276              0.00002           0.00000           0.00002
    0.0000228358              0.00002           0.00000           0.00002
    0.0000250717              0.00002           0.00000           0.00002
    0.0000273357              0.00003           0.00000           0.00003
    0.0000296282              0.00003           0.00000           0.00003
    0.0000319496              0.00004           0.00000           0.00004
    0.0000343002              0.00004           0.00000           0.00004
    0.0000366803              0.00005           0.00000           0.00005
    0.0000390903              0.00006           0.00000           0.00006
    0.0000415307              0.00006           0.00000           0.00006
    0.0000440018              0.00007           0.00000           0.00007
    0.0000465039              0.00008           0.00000           0.00008
    0.0000490376              0.00009           0.00000           0.00009
    0.0000516031              0.00010           0.00000           0.00010
    0.0000542008              0.00011           0.00000           0.00011
    0.0000568313              0.00012           0.00000           0.00012
    0.0000594948              0.00013           0.00000           0.00013
    0.0000621918              0.00014           0.00000           0.00014
    0.0000649228              0.00016           0.00000           0.00015
    0.0000676881              0.00017           0.00000           0.00017
    0.0000704882              0.00018           0.00000           0.00018
    0.0000733235              0.00020           0.00000           0.00020
    0.0000761945              0.00021           0.00000           0.00021
    0.0000791016              0.00023           0.00000           0.00023
    0.0000820452              0.00025           0.00000           0.00025
    0.0000850259              0.00027           0.00000           0.00026
    0.0000880441              0.00028           0.00000           0.00028
    0.0000911002              0.00030           0.00000           0.00030
    0.0000941948              0.00033           0.00000           0.00032
    0.0000973283              0.00035           0.00000           0.00034
    0.0001005012              0.00037           0.00000           0.00037
    0.0001037140              0.00039           0.00000           0.00039
    0.0001069673              0.00042           0.00000           0.00042
    0.0001102614              0.00044           0.00000           0.00044
    0.0001135970              0.00047           0.00000           0.00047
    0.0001169746              0.00050           0.00000           0.00050
    0.0001203946              0.00053           0.00000           0.00053
    0.0001238577              0.00056           0.00000           0.00056
    0.0001273643              0.00059           0.00000           0.00059
    0.0001309150              0.00062           0.00000           0.00062
    0.0001345104              0.00066           0.00000           0.00065
    0.0001381510              0.00070           0.00000           0.00069
    0.0001418374              0.00073           0.00000           0.00073
    0.0001455702              0.00077           0.00000           0.00077
    0.0001493499              0.00081           0.00000           0.00081
    0.0001531772              0.00085           0.00000           0.00085
    0.0001570526              0.00090           0.00000           0.00089
    0.0001609768              0.00094           0.00000           0.00093
    0.0001649503              0.00099           0.00000           0.00098
    0.0001689738              0.00104           0.00000           0.00103
    0.0001730479              0.00109           0.00000           0.00108
    0.0001771732              0.00114           0.00000           0.00113
    0.0001813505              0.00119           0.00000           0.00118
    0.0001855803              0.00125           0.00000           0.00124
    0.0001898633              0.00130           0.00000           0.00130
    0.0001942001              0.00136           0.00000           0.00136
    0.0001985915              0.00143           0.00000           0.00142
    0.0002030382              0.00149           0.00000           0.00148
    0.0002075408              0.00156           0.00000           0.00155
    0.0002121000              0.00162           0.00000           0.00161
    0.0002167166              0.00170           0.00000           0.00168
    0.0002213912              0.00177           0.00000           0.00176
    0.0002261246              0.00184           0.00000           0.00183
    0.0002309176              0.00192           0.00000           0.00191
    0.0002357709              0.00200           0.00000           0.00199
    0.0002406852              0.00209           0.00000           0.00207
    0.0002456613              0.00217           0.00000           0.00216
    0.0002507000              0.00226           0.00000           0.00225
    0.0002558021              0.00235           0.00000           0.00234
    0.0002609684              0.00245           0.00000           0.00243
    0.0002661997              0.00255           0.00000           0.00253
    0.0002714967              0.00265           0.00000           0.00263
    0.0002768604              0.00275           0.00000           0.00273
    0.0002822916              0.00286           0.00000           0.00284
    0.0002877910              0.00297           0.00000           0.00295
    0.0002933597              0.00309           0.00000           0.00307
    0.0002989984              0.00321           0.00000           0.00318
    0.0003047080              0.00333           0.00000           0.00330
    0.0003104894              0.00345           0.00000           0.00343
    0.0003163436              0.00358           0.00000           0.00356
    0.0003222714              0.00372           0.00000           0.00369
    0.0003282737              0.00385           0.00000           0.00383
    0.0003343516              0.00400           0.00000           0.00397
    0.0003405059              0.00414           0.00000           0.00412
    0.0003467376              0.00429           0.00000           0.00427
    0.0003530477              0.00445           0.00000           0.00442
    0.0003594372              0.00461           0.00000           0.00458
    0.0003659070              0.00478           0.00000           0.00474
    0.0003724582              0.00495           0.00000           0.00491
    0.0003790919              0.00512           0.00000           0.00509
    0.0003858089              0.00530           0.00000           0.00527
    0.0003926105              0.00549           0.00000           0.00545
    0.0003994976              0.00568           0.00000           0.00564
    0.0004064713              0.00588           0.00000           0.00584
    0.0004135328              0.00608           0.00000           0.00604
    0.0004206831              0.00629           0.00000           0.00625
    0.0004279233              0.00651           0.00000           0.00646
    0.0004352546              0.00673           0.00000           0.00668
    0.0004426781              0.00696           0.00000           0.00691
    0.0004501950              0.00719           0.00000           0.00714
    0.0004578064              0.00743           0.00000           0.00738
    0.0004655136              0.00768           0.00000           0.00763
    0.0004733177              0.00794           0.00000           0.00788
    0.0004812200              0.00820           0.00000           0.00814
    0.0004892217              0.00847           0.00000           0.00841
    0.0004973240              0.00875           0.00000           0.00869
    0.0005055283              0.00904           0.00000           0.00898
    0.0005138357              0.00933           0.00000           0.00927
    0.0005222476              0.00963           0.00000           0.00957
    0.0005307654              0.00995           0.00000           0.00988
    0.0005393903              0.01027           0.00000           0.01020
    0.0005481236              0.01060           0.00000           0.01053
    0.0005569669              0.01094           0.00000           0.01086
    0.0005659213              0.01128           0.00000           0.01121
    0.0005749884              0.01164           0.00000           0.01156
    0.0005841696              0.01201           0.00000           0.01193
    0.0005934662              0.01239           0.00000           0.01231
    0.0006028798              0.01278           0.00000           0.01269
    0.0006124117              0.01318           0.00000           0.01309
    0.0006220636              0.01359           0.00000           0.01350
    0.0006318369              0.01402           0.00000           0.01392
    0.0006417331              0.01445           0.00000           0.01435
    0.0006517538              0.01490           0.00000           0.01480
    0.0006619005              0.01536           0.00000           0.01525
    0.0006721749              0.01583           0.00000           0.01572
    0.0006825785              0.01631           0.00000           0.01620
    0.0006931129              0.01681           0.00000           0.01670
    0.0007037799              0.01732           0.00000           0.01721
    0.0007145810              0.01785           0.00000           0.01773
    0.0007255180              0.01839           0.00000           0.01827
    0.0007365926              0.01894           0.00000           0.01882
    0.0007478065              0.01951           0.00000           0.01938
    0.0007591614              0.02010           0.00000           0.01996
    0.0007706592              0.02070           0.00000           0.02056
    0.0007823015              0.02132           0.00000           0.02118
    0.0007940904              0.02195           0.00000           0.02181
    0.0008060275              0.02261           0.00000           0.02245
    0.0008181147              0.02327           0.00000           0.02312
    0.0008303540              0.02396           0.00000           0.02380
    0.0008427473              0.02467           0.00000           0.02450
    0.0008552964              0.02539           0.00000           0.02522
    0.0008680034              0.02614           0.00000           0.02596
    0.0008808702              0.02690           0.00000           0.02672
    0.0008938989              0.02769           0.00000           0.02750
    0.0009070914              0.02849           0.00000           0.02830
    0.0009204499              0.02932           0.00000           0.02912
    0.0009339764              0.03017           0.00000           0.02996
    0.0009476731              0.03104           0.00000           0.03083
    0.0009615420              0.03193           0.00000           0.03172
    0.0009755854              0.03285           0.00000           0.03263
    0.0009898054              0.03379           0.00000           0.03357
    0.0010042043              0.03476           0.00000           0.03453
    0.0010187843              0.03575           0.00000           0.03551
    0.0010335477              0.03677           0.00000           0.03653
    0.0010484968              0.03782           0.00000           0.03756
    0.0010636340              0.03889           0.00001           0.03863
    0.0010789615              0.03999           0.00001           0.03972
    0.0010944819              0.04112           0.00001           0.04085
    0.0011101975              0.04228           0.00001           0.04200
    0.0011261107              0.04347           0.00001           0.04318
    0.0011422241              0.04469           0.00001           0.04439
    0.0011585402              0.04595           0.00001           0.04564
    0.0011750615              0.04723           0.00001           0.04692
    0.0011917906              0.04855           0.00001           0.04823
    0.0012087302              0.04991           0.00001           0.04957
    0.0012258828              0.05129           0.00001           0.05095
    0.0012432512              0.05272           0.00001           0.05236
    0.0012608381              0.05418           0.00001           0.05381
    0.0012786462              0.05568           0.00001           0.05530
    0.0012966782              0.05722           0.00001           0.05683
    0.0013149371              0.05879           0.00001           0.05840
    0.0013334257              0.06041           0.00001           0.06000
    0.0013521468              0.06207           0.00001           0.06165
    0.0013711034              0.06377           0.00001           0.06334
    0.0013902984              0.06552           0.00001           0.06507
    0.0014097349              0.06730           0.00001           0.06685
    0.0014294158              0.06914           0.00001           0.06868
    0.0014493444              0.07102           0.00001           0.07055
    0.0014695235              0.07295           0.00001           0.07246
    0.0014899565              0.07493           0.00001           0.07443
    0.0015106466              0.07696           0.00001           0.07645
    0.0015315968              0.07904           0.00001           0.07851
    0.0015528106              0.08118           0.00001           0.08063
    0.0015742913              0.08337           0.00001           0.08281
    0.0015960421              0.08561           0.00001           0.08503
    0.0016180665              0.08791           0.00001           0.08732
    0.0016403680              0.09027           0.00001           0.08966
    0.0016629499              0.09269           0.00001           0.09206
    0.0016858159              0.09517           0.00001           0.09453
    0.0017089696              0.09771           0.00001           0.09705
    0.0017324145              0.10031           0.00001           0.09964
    0.0017561542              0.10298           0.00001           0.10229
    0.0017801926              0.10572           0.00001           0.10501
    0.0018045333              0.10853           0.00001           0.10780
    0.0018291803              0.11140           0.00002           0.11065
    0.0018541372              0.11435           0.00002           0.11358
    0.0018794081              0.11737           0.00002           0.11658
    0.0019049968              0.12047           0.00002           0.11966
    0.0019309074              0.12364           0.00002           0.12281
    0.0019571439              0.12689           0.00002           0.12604
    0.0019837104              0.13023           0.00002           0.12935
    0.0020106111              0.13364           0.00002           0.13274
    0.0020378501              0.13714           0.00002           0.13622
    0.0020654318              0.14073           0.00002           0.13978
    0.0020933604              0.14440           0.00002           0.14343
    0.0021216403              0.14817           0.00002           0.14718
    0.0021502760              0.15203           0.00002           0.15101
    0.0021792718              0.15598           0.00002           0.15494
    0.0022086323              0.16003           0.00002           0.15896
    0.0022383622              0.16419           0.00002           0.16308
    0.0022684660              0.16844           0.00002           0.16731
    0.0022989484              0.17279           0.00002           0.17163
    0.0023298143              0.17726           0.00002           0.17607
    0.0023610685              0.18183           0.00003           0.18061
    0.0023927157              0.18651           0.00003           0.18526
    0.0024247611              0.19131           0.00003           0.19003
    0.0024572095              0.19623           0.00003           0.19491
    0.0024900661              0.20126           0.00003           0.19991
    0.0025233359              0.20642           0.00003           0.20503
    0.0025570243              0.21170           0.00003           0.21028
    0.0025911363              0.21710           0.00003           0.21565
    0.0026256775              0.22264           0.00003           0.22115
    0.0026606531              0.22832           0.00003           0.22679
    0.0026960687              0.23413           0.00003           0.23256
    0.0027319298              0.24008           0.00003           0.23847
    0.0027682419              0.24617           0.00004           0.24452
    0.0028050108              0.25241           0.00004           0.25072
    0.0028422421              0.25880           0.00004           0.25706
    0.0028799418              0.26534           0.00004           0.26356
    0.0029181157              0.27204           0.00004           0.27022
    0.0029567698              0.27890           0.00004           0.27703
    0.0029959100              0.28592           0.00004           0.28400
    0.0030355426              0.29311           0.00004           0.29114
    0.0030756737              0.30047           0.00004           0.29846
    0.0031163096              0.30801           0.00005           0.30594
    0.0031574566              0.31572           0.00005           0.31360
    0.0031991212              0.32362           0.00005           0.32145
    0.0032413099              0.33170           0.00005           0.32947
    0.0032840292              0.33997           0.00005           0.33769
    0.0033272859              0.34844           0.00005           0.34611
    0.0033710867              0.35711           0.00005           0.35472
    0.0034154384              0.36598           0.00006           0.36353
    0.0034603480              0.37506           0.00006           0.37255
    0.0035058225              0.38435           0.00006           0.38178
    0.0035518690              0.39386           0.00006           0.39123
    0.0035984947              0.40360           0.00006           0.40089
    0.0036457069              0.41356           0.00006           0.41079
    0.0036935129              0.42375           0.00007           0.42091
    0.0037419203              0.43418           0.00007           0.43127
    0.0037909365              0.44485           0.00007           0.44187
    0.0038405693              0.45576           0.00007           0.45271
    0.0038908264              0.46693           0.00007           0.46381
    0.0039417157              0.47836           0.00008           0.47516
    0.0039932450              0.49005           0.00008           0.48677
    0.0040454225              0.50201           0.00008           0.49865
    0.0040982564              0.51425           0.00008           0.51081
    0.0041517548              0.52676           0.00008           0.52324
    0.0042059261              0.53957           0.00009           0.53596
    0.0042607788              0.55266           0.00009           0.54896
    0.0043163215              0.56605           0.00009           0.56227
    0.0043725628              0.57975           0.00009           0.57588
    0.0044295116              0.59376           0.00010           0.58979
    0.0044871766              0.60809           0.00010           0.60402
    0.0045455670              0.62274           0.00010           0.61858
    0.0046046919              0.63772           0.00011           0.63346
    0.0046645605              0.65304           0.00011           0.64868
    0.0047251821              0.66871           0.00011           0.66424
    0.0047865663              0.68473           0.00012           0.68015
    0.0048487225              0.70110           0.00012           0.69642
    0.0049116606              0.71784           0.00012           0.71305
    0.0049753904              0.73496           0.00013           0.73005
    0.0050399218              0.75246           0.00013           0.74744
    0.0051052649              0.77035           0.00013           0.76520
    0.0051714299              0.78863           0.00014           0.78337
    0.0052384271              0.80732           0.00014           0.80193
    0.0053062671              0.82642           0.00015           0.82091
    0.0053749604              0.84594           0.00015           0.84030
    0.0054445178              0.86589           0.00015           0.86012
    0.0055149501              0.88628           0.00016           0.88037
    0.0055862683              0.90712           0.00016           0.90107
    0.0056584836              0.92841           0.00017           0.92222
    0.0057316072              0.95016           0.00017           0.94383
    0.0058056506              0.97239           0.00018           0.96591
    0.0058806254              0.99509           0.00018           0.98847
    0.0059565432              1.01829           0.00019           1.01151
    0.0060334160              1.04199           0.00020           1.03506
    0.0061112557              1.06620           0.00020           1.05911
    0.0061900745              1.09093           0.00021           1.08367
    0.0062698848              1.11619           0.00022           1.10877
    0.0063506989              1.14199           0.00022           1.13439
    0.0064325295              1.16833           0.00023           1.16057
    0.0065153895              1.19524           0.00024           1.18730
    0.0065992917              1.22272           0.00024           1.21459
    0.0066842492              1.25077           0.00025           1.24247
    0.0067702754              1.27942           0.00026           1.27092
    0.0068573836              1.30867           0.00027           1.29998
    0.0069455876              1.33853           0.00028           1.32964
    0.0070349010              1.36901           0.00028           1.35993
    0.0071253378              1.40013           0.00029           1.39084
    0.0072169122              1.43189           0.00030           1.42240
    0.0073096385              1.46431           0.00031           1.45460
    0.0074035311              1.49739           0.00032           1.48748
    0.0074986048              1.53116           0.00033           1.52102
    0.0075948743              1.56562           0.00034           1.55526
    0.0076923547              1.60078           0.00036           1.59019
    0.0077910613              1.63666           0.00037           1.62583
    0.0078910095              1.67326           0.00038           1.66220
    0.0079922148              1.71060           0.00039           1.69930
    0.0080946932              1.74869           0.00041           1.73715
    0.0081984606              1.78755           0.00042           1.77575
    0.0083035332              1.82719           0.00043           1.81513
    0.0084099275              1.86761           0.00045           1.85529
    0.0085176600              1.90883           0.00046           1.89625
    0.0086267477              1.95087           0.00048           1.93802
    0.0087372075              1.99374           0.00049           1.98061
    0.0088490567              2.03745           0.00051           2.02404
    0.0089623128              2.08200           0.00053           2.06831
    0.0090769935              2.12743           0.00055           2.11344
    0.0091931167              2.17373           0.00057           2.15945
    0.0093107005              2.22093           0.00059           2.20635
    0.0094297634              2.26903           0.00061           2.25414
    0.0095503239              2.31805           0.00063           2.30285
    0.0096724009              2.36801           0.00065           2.35249
    0.0097960134              2.41891           0.00067           2.40306
    0.0099211807              2.47076           0.00070           2.45459
    0.0100479225              2.52359           0.00072           2.50709
    0.0101762585              2.57741           0.00075           2.56056
    0.0103062088              2.63223           0.00077           2.61503
    0.0104377936              2.68806           0.00080           2.67051
    0.0105710335              2.74491           0.00083           2.72701
    0.0107059495              2.80280           0.00086           2.78454
    0.0108425624              2.86175           0.00089           2.84312
    0.0109808937              2.92177           0.00092           2.90276
    0.0111209650              2.98286           0.00096           2.96347
    0.0112627982              3.04505           0.00099           3.02527
    0.0114064155              3.10834           0.00103           3.08817
    0.0115518392              3.17275           0.00106           3.15218
    0.0116990921              3.23829           0.00110           3.21732
    0.0118481973              3.30498           0.00114           3.28360
    0.0119991779              3.37283           0.00119           3.35103
    0.0121520577              3.44185           0.00123           3.41962
    0.0123068604              3.51205           0.00128           3.48939
    0.0124636104              3.58344           0.00132           3.56035
    0.0126223320              3.65604           0.00137           3.63252
    0.0127830500              3.72987           0.00143           3.70589
    0.0129457897              3.80492           0.00148           3.78049
    0.0131105764              3.88121           0.00154           3.85632
    0.0132774358              3.95876           0.00160           3.93341
    0.0134463940              4.03757           0.00166           4.01175
    0.0136174775              4.11766           0.00172           4.09136
    0.0137907130              4.19904           0.00179           4.17225
    0.0139661275              4.28171           0.00185           4.25443
    0.0141437484              4.36568           0.00193           4.33792
    0.0143236036              4.45097           0.00200           4.42271
    0.0145057210              4.53758           0.00208           4.50881
    0.0146901292              4.62553           0.00216           4.59625
    0.0148768569              4.71482           0.00224           4.68502
    0.0150659334              4.80546           0.00233           4.77514
    0.0152573882              4.89745           0.00242           4.86660
    0.0154512512              4.99080           0.00252           4.95943
    0.0156475527              5.08553           0.00262           5.05361
    0.0158463234              5.18162           0.00272           5.14917
    0.0160475943              5.27910           0.00283           5.24610
    0.0162513968              5.37796           0.00294           5.34442
    0.0164577629              5.47822           0.00306           5.44411
    0.0166667248              5.57986           0.00318           5.54520
    0.0168783151              5.68290           0.00331           5.64767
    0.0170925668              5.78733           0.00344           5.75154
    0.0173095135              5.89316           0.00358           5.85681
    0.0175291891              6.00039           0.00373           5.96347
    0.0177516278              6.10902           0.00388           6.07152
    0.0179768645              6.21904           0.00404           6.18097
    0.0182049343              6.33046           0.00420           6.29181
    0.0184358728              6.44327           0.00437           6.40404
    0.0186697162              6.55747           0.00455           6.51766
    0.0189065010              6.67306           0.00473           6.63266
    0.0191462642              6.79002           0.00493           6.74904
    0.0193890433              6.90835           0.00513           6.86679
    0.0196348761              7.02805           0.00534           6.98590
    0.0198838011              7.14910           0.00556           7.10637
    0.0201358572              7.27150           0.00579           7.22819
    0.0203910838              7.39523           0.00603           7.35134
    0.0206495207              7.52028           0.00627           7.47582
    0.0209112084              7.64665           0.00653           7.60161
    0.0211761877              7.77430           0.00680           7.72869
    0.0214445000              7.90324           0.00708           7.85706
    0.0217161873              8.03344           0.00738           7.98670
    0.0219912920              8.16488           0.00768           8.11759
    0.0222698571              8.29755           0.00800           8.24970
    0.0225519261              8.43141           0.00834           8.38302
    0.0228375431              8.56646           0.00868           8.51754
    0.0231267527              8.70267           0.00904           8.65321
    0.0234196001              8.84000           0.00942           8.79003
    0.0237161311              8.97844           0.00982           8.92796
    0.0240163920              9.11795           0.01022           9.06697
    0.0243204297              9.25851           0.01065           9.20704
    0.0246282917              9.40008           0.01110           9.34814
    0.0249400261              9.54263           0.01156           9.49023
    0.0252556817              9.68612           0.01205           9.63328
    0.0255753078              9.83052           0.01255           9.77726
    0.0258989542              9.97580           0.01308           9.92212
    0.0262266716             10.12190           0.01363          10.06782
    0.0265585112             10.26878           0.01420          10.21434
    0.0268945249             10.41641           0.01479          10.36162
    0.0272347650             10.56474           0.01541          10.50962
    0.0275792849             10.71372           0.01606          10.65829
    0.0279281382             10.86329           0.01673          10.80759
    0.0282813797             11.01342           0.01744          10.95746
    0.0286390643             11.16404           0.01817          11.10786
    0.0290012481             11.31511           0.01893          11.25873
    0.0293679875             11.46656           0.01973          11.41002
    0.0297393400             11.61833           0.02055          11.56166
    0.0301153635             11.77037           0.02142          11.71361
    0.0304961169             11.92261           0.02232          11.86579
    0.0308816595             12.07499           0.02325          12.01815
    0.0312720516             12.22744           0.02423          12.17062
    0.0316673543             12.37989           0.02524          12.32313
    0.0320676292             12.53227           0.02630          12.47563
    0.0324729390             12.68451           0.02740          12.62802
    0.0328833470             12.83653           0.02855          12.78026
    0.0332989173             12.98826           0.02974          12.93225
    0.0337197148             13.13962           0.03099          13.08392
    0.0341458052             13.29053           0.03228          13.23520
    0.0345772553             13.44091           0.03363          13.38601
    0.0350141323             13.59067           0.03503          13.53627
    0.0354565045             13.73974           0.03649          13.68589
    0.0359044411             13.88801           0.03801          13.83479
    0.0363580121             14.03540           0.03960          13.98287
    0.0368172883             14.18183           0.04124          14.13007
    0.0372823414             14.32719           0.04296          14.27628
    0.0377532442             14.47140           0.04474          14.42141
    0.0382300703             14.61436           0.04659          14.56538
    0.0387128940             14.75597           0.04852          14.70808
    0.0392017910             14.89614           0.05053          14.84943
    0.0396968375             15.03476           0.05262          14.98933
    0.0401981109             15.17173           0.05479          15.12768
    0.0407056896             15.30696           0.05704          15.26438
    0.0412196528             15.44033           0.05939          15.39933
    0.0417400809             15.57175           0.06183          15.53243
    0.0422670551             15.70111           0.06437          15.66359
    0.0428006579             15.82830           0.06700          15.79269
    0.0433409726             15.95322           0.06974          15.91965
    0.0438880836             16.07576           0.07259          16.04434
    0.0444420764             16.19581           0.07555          16.16668
    0.0450030376             16.31326           0.07862          16.28656
    0.0455710548             16.42802           0.08181          16.40387
    0.0461462168             16.53996           0.08513          16.51851
    0.0467286134             16.64898           0.08857          16.63038
    0.0473183357             16.75497           0.09215          16.73937
    0.0479154758             16.85783           0.09586          16.84539
    0.0485201269             16.95744           0.09972          16.94832
    0.0491323837             17.05370           0.10372          17.04807
    0.0497523417             17.14651           0.10787          17.14454
    0.0503800978             17.23576           0.11218          17.23763
    0.0510157501             17.32135           0.11665          17.32724
    0.0516593979             17.40317           0.12129          17.41327
    0.0523111418             17.48113           0.12611          17.49564
    0.0529710836             17.55512           0.13110          17.57423
    0.0536393265             17.62505           0.13628          17.64898
    0.0543159749             17.69083           0.14164          17.71978
    0.0550011344             17.75235           0.14721          17.78654
    0.0556949122             17.80954           0.15297          17.84920
    0.0563974166             17.86230           0.15895          17.90766
    0.0571087575             17.91055           0.16515          17.96184
    0.0578290459             17.95421           0.17156          18.01168
    0.0585583944             17.99319           0.17821          18.05709
    0.0592969170             18.02744           0.18509          18.09802
    0.0600447291             18.05686           0.19222          18.13440
    0.0608019475             18.08141           0.19960          18.16616
    0.0615686905             18.10101           0.20724          18.19326
    0.0623450780             18.11561           0.21515          18.21564
    0.0631312312             18.12515           0.22333          18.23325
    0.0639272730             18.12959           0.23180          18.24606
    0.0647333278             18.12889           0.24056          18.25403
    0.0655495215             18.12299           0.24961          18.25712
    0.0663759817             18.11188           0.25898          18.25531
    0.0672128374             18.09553           0.26866          18.24858
    0.0680602195             18.07391           0.27867          18.23692
    0.0689182604             18.04701           0.28901          18.22032
    0.0697870940             18.01482           0.29970          18.19878
    0.0706668563             17.97734           0.31073          18.17230
    0.0715576846             17.93457           0.32213          18.14089
    0.0724597182             17.88653           0.33390          18.10458
    0.0733730979             17.83323           0.34606          18.06339
    0.0742979665             17.77470           0.35860          18.01735
    0.0752344686             17.71098           0.37154          17.96650
    0.0761827504             17.64210           0.38489          17.91090
    0.0771429601             17.56811           0.39866          17.85059
    0.0781152478             17.48907           0.41287          17.78563
    0.0790997653             17.40504           0.42751          17.71611
    0.0800966665             17.31609           0.44260          17.64209
    0.0811061072             17.22231           0.45815          17.56367
    0.0821282452             17.12377           0.47417          17.48094
    0.0831632400             17.02059           0.49067          17.39399
    0.0842112535             16.91285           0.50766          17.30295
    0.0852724493             16.80068           0.52515          17.20793
    0.0863469934             16.68419           0.54315          17.10905
    0.0874350535             16.56352           0.56167          17.00645
    0.0885367998             16.43879           0.58072          16.90027
    0.0896524043             16.31016           0.60032          16.79066
    0.0907820414             16.17777           0.62046          16.67779
    0.0919258876             16.04179           0.64116          16.56181
    0.0930841216             15.90239           0.66243          16.44290
    0.0942569244             15.75974           0.68429          16.32124
    0.0954444792             15.61402           0.70672          16.19702
    0.0966469717             15.46543           0.72976          16.07043
    0.0978645896             15.31417           0.75340          15.94167
    0.0990975233             15.16044           0.77766          15.81096
    0.1003459653             15.00444           0.80254          15.67850
    0.1016101109             14.84641           0.82806          15.54452
    0.1028901574             14.68657           0.85421          15.40924
    0.1041863049             14.52514           0.88101          15.27290
    0.1054987560             14.36235           0.90846          15.13573
    0.1068277157             14.19846           0.93657          14.99798
    0.1081733916             14.03371           0.96535          14.85988
    0.1095359940             13.86834           0.99480          14.72169
    0.1109157359             13.70261           1.02493          14.58367
    0.1123128328             13.53678           1.05574          14.44607
    0.1137275030             13.37110           1.08723          14.30914
    0.1151599676             13.20585           1.11942          14.17315
    0.1166104503             13.04128           1.15230          14.03836
    0.1180791779             12.87766           1.18587          13.90503
    0.1195663798             12.71526           1.22014          13.77343
    0.1210722884             12.55435           1.25511          13.64382
    0.1225971390             12.39519           1.29077          13.51647
    0.1241411698             12.23805           1.32714          13.39162
    0.1257046222             12.08320           1.36420          13.26955
    0.1272877404             11.93090           1.40195          13.15052
    0.1288907717             11.78142           1.44039          13.03476
    0.1305139667             11.63500           1.47952          12.92255
    0.1321575790             11.49191           1.51933          12.81411
    0.1338218654             11.35240           1.55982          12.70970
    0.1355070859             11.21671           1.60097          12.60954
    0.1372135039             11.08508           1.64279          12.51386
    0.1389413860             10.95775           1.68525          12.42290
    0.1406910022             10.83493           1.72836          12.33685
    0.1424626258             10.71686           1.77209          12.25593
    0.1442565337             10.60374           1.81644          12.18034
    0.1460730062             10.49578           1.86139          12.11026
    0.1479123271             10.39316           1.90693          12.04587
    0.1497747839             10.29607           1.95303          11.98733
    0.1516606674             10.20469           1.99969          11.93480
    0.1535702724             10.11916           2.04689          11.88843
    0.1555038973             10.03965           2.09460          11.84835
    0.1574618443              9.96629           2.14279          11.81467
    0.1594444191              9.89921           2.19146          11.78749
    0.1614519317              9.83851           2.24057          11.76691
    0.1634846957              9.78429           2.29010          11.75301
    0.1655430287              9.73664           2.34002          11.74585
    0.1676272523              9.69562           2.39030          11.74546
    0.1697376923              9.66129           2.44091          11.75188
    0.1718746783              9.63368           2.49182          11.76513
    0.1740385443              9.61282           2.54299          11.78520
    0.1762296283              9.59871           2.59439          11.81206
    0.1784482729              9.59135           2.64599          11.84570
    0.1806948245              9.59070           2.69774          11.88604
    0.1829696343              9.59672           2.74960          11.93301
    0.1852730576              9.60935           2.80154          11.98654
    0.1876054545              9.62852           2.85351          12.04651
    0.1899671893              9.65412           2.90547          12.11280
    0.1923586310              9.68606           2.95736          12.18526
    0.1947801534              9.72419           3.00915          12.26374
    0.1972321348              9.76838           3.06078          12.34807
    0.1997149584              9.81847           3.11220          12.43803
    0.2022290120              9.87427           3.16337          12.53344
    0.2047746885              9.93559           3.21422          12.63405
    0.2073523857             10.00223           3.26471          12.73963
    0.2099625063             10.07395           3.31477          12.84992
    0.2126054582             10.15052           3.36436          12.96464
    0.2152816543             10.23169           3.41341          13.08350
    0.2179915128             10.31718           3.46187          13.20621
    0.2207354572             10.40671           3.50966          13.33244
    0.2235139161             10.50000           3.55675          13.46186
    0.2263273238             10.59672           3.60306          13.59413
    0.2291761197             10.69657           3.64853          13.72890
    0.2320607491             10.79921           3.69310          13.86581
    0.2349816627             10.90430           3.73671          14.00448
    0.2379393168             11.01151           3.77929          14.14452
    0.2409341737             11.12046           3.82079          14.28555
    0.2439667012             11.23080           3.86113          14.42716
    0.2470373732             11.34215           3.90026          14.56896
    0.2501466695             11.45414           3.93812          14.71053
    0.2532950759             11.56639           3.97464          14.85145
    0.2564830844             11.67851           4.00977          14.99132
    0.2597111932             11.79011           4.04343          15.12970
    0.2629799065             11.90081           4.07558          15.26619
    0.2662897352             12.01021           4.10615          15.40035
    0.2696411964             12.11793           4.13508          15.53176
    0.2730348138             12.22358           4.16233          15.66002
    0.2764711177             12.32676           4.18783          15.78470
    0.2799506449             12.42710           4.21153          15.90539
    0.2834739392             12.52423           4.23338          16.02169
    0.2870415511             12.61776           4.25333          16.13321
    0.2906540380             12.70733           4.27133          16.23954
    0.2943119644             12.79260           4.28735          16.34031
    0.2980159019             12.87319           4.30132          16.43515
    0.3017664291             12.94879           4.31323          16.52370
    0.3055641322             13.01906           4.32302          16.60560
    0.3094096045             13.08369           4.33066          16.68052
    0.3133034469             13.14236           4.33612          16.74814
    0.3172462678             13.19480           4.33938          16.80814
    0.3212386833             13.24073           4.34040          16.86025
    0.3252813172             13.27989           4.33916          16.90418
    0.3293748012             13.31203           4.33565          16.93968
    0.3335197748             13.33694           4.32984          16.96650
    0.3377168858             13.35440           4.32174          16.98443
    0.3419667900             13.36422           4.31132          16.99326
    0.3462701513             13.36623           4.29858          16.99281
    0.3506276423             13.36029           4.28353          16.98293
    0.3550399438             13.34625           4.26617          16.96347
    0.3595077452             13.32402           4.24650          16.93432
    0.3640317447             13.29350           4.22454          16.89538
    0.3686126490             13.25463           4.20029          16.84657
    0.3732511740             13.20736           4.17379          16.78786
    0.3779480445             13.15165           4.14506          16.71920
    0.3827039944             13.08753           4.11411          16.64060
    0.3875197667             13.01499           4.08099          16.55207
    0.3923961140             12.93409           4.04573          16.45365
    0.3973337982             12.84488           4.00837          16.34541
    0.4023335908             12.74746           3.96895          16.22743
    0.4073962730             12.64193           3.92752          16.09982
    0.4125226360             12.52842           3.88414          15.96272
    0.4177134806             12.40708           3.83886          15.81626
    0.4229696181             12.27808           3.79173          15.66064
    0.4282918696             12.14161           3.74283          15.49604
    0.4336810668             11.99788           3.69221          15.32267
    0.4391380518             11.84712           3.63995          15.14077
    0.4446636772             11.68958           3.58612          14.95060
    0.4502588064             11.52553           3.53080          14.75242
    0.4559243136             11.35524           3.47407          14.54652
    0.4616610842             11.17901           3.41600          14.33321
    0.4674700144             10.99717           3.35668          14.11280
    0.4733520120             10.81003           3.29620          13.88564
    0.4793079961             10.61794           3.23465          13.65207
    0.4853388971             10.42125           3.17212          13.41245
    0.4914456576             10.22033           3.10870          13.16715
    0.4976292317             10.01555           3.04449          12.91656
    0.5038905855              9.80729           2.97958          12.66107
    0.5102306975              9.59595           2.91407          12.40108
    0.5166505583              9.38192           2.84806          12.13700
    0.5231511710              9.16562           2.78165          11.86924
    0.5297335513              8.94743           2.71493          11.59821
    0.5363987278              8.72778           2.64800          11.32434
    0.5431477419              8.50708           2.58097          11.04805
    0.5499816481              8.28573           2.51394          10.76977
    0.5569015143              8.06415           2.44699          10.48991
    0.5639084217              7.84274           2.38023          10.20889
    0.5710034651              7.62192           2.31376           9.92714
    0.5781877532              7.40207           2.24767           9.64506
    0.5854624085              7.18359           2.18205           9.36307
    0.5928285678              6.96687           2.11699           9.08156
    0.6002873819              6.75228           2.05259           8.80094
    0.6078400163              6.54020           1.98894           8.52158
    0.6154876511              6.33097           1.92610           8.24386
    0.6232314814              6.12494           1.86418           7.96814
    0.6310727171              5.92244           1.80324           7.69479
    0.6390125834              5.72379           1.74337           7.42413
    0.6470523208              5.52929           1.68464           7.15649
    0.6551931858              5.33923           1.62710           6.89219
    0.6634364502              5.15388           1.57084           6.63153
    0.6717834021              4.97349           1.51591           6.37479
    0.6802353458              4.79829           1.46237           6.12223
    0.6887936018              4.62851           1.41027           5.87410
    0.6974595074              4.46433           1.35966           5.63064
    0.7062344167              4.30595           1.31059           5.39206
    0.7151197008              4.15350           1.26310           5.15857
    0.7241167479              4.00715           1.21722           4.93033
    0.7332269640              3.86700           1.17299           4.70752
    0.7424517726              3.73315           1.13043           4.49028
    0.7517926149              3.60568           1.08957           4.27873
    0.7612509505              3.48465           1.05042           4.07300
    0.7708282574              3.37010           1.01300           3.87317
    0.7805260320              3.26205           0.97732           3.67932
    0.7903457895              3.16049           0.94338           3.49150
    0.8002890644              3.06542           0.91119           3.30978
    0.8103574103              2.97679           0.88074           3.13416
    0.8205524004              2.89456           0.85203           2.96468
    0.8308756277              2.81864           0.82504           2.80131
    0.8413287052              2.74896           0.79977           2.64406
    0.8519132662              2.68541           0.77618           2.49289
    0.8626309646              2.62788           0.75427           2.34777
    0.8734834751              2.57622           0.73400           2.20862
    0.8844724933              2.53031           0.71536           2.07540
    0.8955997364              2.48998           0.69830           1.94802
    0.9068669430              2.45506           0.68279           1.82638
    0.9182758735              2.42537           0.66880           1.71040
    0.9298283108              2.40072           0.65628           1.59995
    0.9415260598              2.38090           0.64519           1.49492
    0.9533709484              2.36570           0.63549           1.39517
    0.9653648274              2.35489           0.62712           1.30056
    0.9775095708              2.34823           0.62003           1.21096
    0.9898070762              2.34549           0.61418           1.12619
    1.0022592652              2.34640           0.60949           1.04611
    1.0148680835              2.35072           0.60591           0.97056
    1.0276355012              2.35817           0.60338           0.89937
    1.0405635132              2.36848           0.60185           0.83237
    1.0536541396              2.38139           0.60123           0.76941
    1.0669094258              2.39663           0.60148           0.71031
    1.0803314430              2.41392           0.60253           0.65491
    1.0939222884              2.43300           0.60430           0.60305
    1.1076840856              2.45360           0.60675           0.55456
    1.1216189849              2.47545           0.60980           0.50930
    1.1357291636              2.49831           0.61339           0.46711
    1.1500168265              2.52193           0.61746           0.42783
    1.1644842061              2.54605           0.62195           0.39131
    1.1791335629              2.57044           0.62680           0.35741
    1.1939671860              2.59486           0.63194           0.32599
    1.2089873931              2.61911           0.63733           0.29691
    1.2241965311              2.64296           0.64290           0.27003
    1.2395969765              2.66621           0.64859           0.24524
    1.2551911357              2.68867           0.65436           0.22239
    1.2709814452              2.71014           0.66015           0.20137
    1.2869703724              2.73046           0.66591           0.18206
    1.3031604156              2.74946           0.67159           0.16436
    1.3195541044              2.76699           0.67715           0.14814
    1.3361540004              2.78290           0.68254           0.13333
    1.3529626975              2.79706           0.68772           0.11980
    1.3699828219              2.80935           0.69265           0.10748
    1.3872170331              2.81967           0.69729           0.09627
    1.4046680240              2.82792           0.70160           0.08609
    1.4223385213              2.83402           0.70556           0.07686
    1.4402312862              2.83788           0.70914           0.06851
    1.4583491143              2.83946           0.71230           0.06096
    1.4766948366              2.83869           0.71502           0.05415
    1.4952713198              2.83555           0.71727           0.04802
    1.5140814663              2.83001           0.71904           0.04251
    1.5331282153              2.82205           0.72031           0.03757
    1.5524145429              2.81166           0.72107           0.03314
    1.5719434627              2.79886           0.72129           0.02919
    1.5917180261              2.78365           0.72097           0.02566
    1.6117413228              2.76606           0.72011           0.02251
    1.6320164816              2.74613           0.71869           0.01972
    1.6525466705              2.72389           0.71671           0.01723
    1.6733350974              2.69940           0.71417           0.01504
    1.6943850105              2.67272           0.71108           0.01310
    1.7156996990              2.64391           0.70742           0.01138
    1.7372824932              2.61304           0.70322           0.00988
    1.7591367655              2.58020           0.69848           0.00855
    1.7812659307              2.54546           0.69319           0.00739
    1.8036734466              2.50892           0.68739           0.00637
    1.8263628143              2.47066           0.68107           0.00548
    1.8493375792              2.43078           0.67424           0.00471
    1.8726013310              2.38940           0.66694           0.00404
    1.8961577047              2.34659           0.65916           0.00345
    1.9200103812              2.30248           0.65094           0.00295
    1.9441630874              2.25717           0.64228           0.00251
    1.9686195973              2.21077           0.63320           0.00213
    1.9933837322              2.16339           0.62373           0.00181
    2.0184593615              2.11513           0.61389           0.00153
    2.0438504035              2.06610           0.60370           0.00129
    2.0695608254              2.01641           0.59318           0.00109
    2.0955946446              1.96618           0.58235           0.00092
    2.1219559290              1.91550           0.57124           0.00077
    2.1486487975              1.86447           0.55987           0.00064
    2.1756774210              1.81321           0.54827           0.00054
    2.2030460227              1.76181           0.53645           0.00045
    2.2307588790              1.71036           0.52445           0.00037
    2.2588203201              1.65896           0.51229           0.00031
    2.2872347307              1.60771           0.49998           0.00025
    2.3160065506              1.55667           0.48756           0.00021
    2.3451402755              1.50595           0.47504           0.00017
    2.3746404575              1.45562           0.46245           0.00014
    2.4045117061              1.40575           0.44982           0.00012
    2.4347586887              1.35642           0.43716           0.00009
    2.4653861316              1.30769           0.42449           0.00008
    2.4963988202              1.25963           0.41184           0.00006
    2.5278016005              1.21229           0.39923           0.00005
    2.5595993791              1.16573           0.38667           0.00004
    2.5917971245              1.12001           0.37419           0.00003
    2.6243998678              1.07515           0.36180           0.00003
    2.6574127030              1.03122           0.34952           0.00002
    2.6908407886              0.98824           0.33737           0.00002
    2.7246893477              0.94625           0.32536           0.00001
    2.7589636693              0.90527           0.31350           0.00001
    2.7936691088              0.86534           0.30182           0.00001
    2.8288110890              0.82647           0.29032           0.00001
    2.8643951009              0.78869           0.27902           0.00001
    2.9004267045              0.75200           0.26792           0.00000
    2.9369115300              0.71641           0.25704           0.00000
    2.9738552780              0.68194           0.24639           0.00000
    3.0112637212              0.64858           0.23597           0.00000
    3.0491427047              0.61635           0.22580           0.00000
    3.0874981471              0.58522           0.21587           0.00000
    3.1263360416              0.55521           0.20620           0.00000
    3.1656624567              0.52629           0.19679           0.00000
    3.2054835372              0.49847           0.18764           0.00000
    3.2458055052              0.47173           0.17876           0.00000
    3.2866346611              0.44605           0.17014           0.00000
    3.3279773846              0.42142           0.16180           0.00000
    3.3698401355              0.39783           0.15373           0.00000
    3.4122294551              0.37524           0.14592           0.00000
    3.4551519666              0.35364           0.13839           0.00000
    3.4986143768              0.33300           0.13113           0.00000
    3.5426234769              0.31331           0.12413           0.00000
    3.5871861433              0.29454           0.11740           0.00000
    3.6323093391              0.27665           0.11093           0.00000
    3.6780001148              0.25964           0.10472           0.00000
    3.7242656096              0.24347           0.09877           0.00000
    3.7711130528              0.22811           0.09306           0.00000
    3.8185497643              0.21353           0.08761           0.00000
    3.8665831561              0.19972           0.08239           0.00000
    3.9152207337              0.18664           0.07740           0.00000
    3.9644700966              0.17426           0.07265           0.00000
    4.0143389403              0.16256           0.06812           0.00000
    4.0648350568              0.15151           0.06381           0.00000
    4.1159663363              0.14108           0.05972           0.00000
    4.1677407680              0.13126           0.05583           0.00000
    4.2201664420              0.12200           0.05213           0.00000
    4.2732515498              0.11329           0.04864           0.00000
    4.3270043860              0.10511           0.04532           0.00000
    4.3814333497              0.09742           0.04219           0.00000
    4.4365469454              0.09021           0.03923           0.00000
    4.4923537848              0.08345           0.03644           0.00000
    4.5488625879              0.07712           0.03381           0.00000
    4.6060821842              0.07120           0.03134           0.00000
    4.6640215144              0.06566           0.02901           0.00000
    4.7226896317              0.06049           0.02682           0.00000
    4.7820957031              0.05567           0.02477           0.00000
    4.8422490108              0.05118           0.02285           0.00000
    4.9031589540              0.04700           0.02105           0.00000
    4.9648350500              0.04311           0.01937           0.00000
    5.0272869358              0.03950           0.01780           0.00000
    5.0905243695              0.03615           0.01634           0.00000
    5.1545572323              0.03305           0.01498           0.00000
    5.2193955294              0.03018           0.01371           0.00000
    5.2850493918              0.02752           0.01254           0.00000
    5.3515290781              0.02507           0.01145           0.00000
    5.4188449760              0.02280           0.01044           0.00000
    5.4870076036              0.02072           0.00950           0.00000
    5.5560276115              0.01880           0.00864           0.00000
    5.6259157843              0.01704           0.00785           0.00000
    5.6966830420              0.01542           0.00711           0.00000
    5.7683404423              0.01393           0.00644           0.00000
    5.8408991817              0.01258           0.00582           0.00000
    5.9143705977              0.01134           0.00526           0.00000
    5.9887661703              0.01020           0.00474           0.00000
    6.0640975240              0.00917           0.00426           0.00000
    6.1403764296              0.00823           0.00383           0.00000
    6.2176148056              0.00738           0.00344           0.00000
    6.2958247208              0.00660           0.00308           0.00000
    6.3750183957              0.00590           0.00275           0.00000
    6.4552082043              0.00526           0.00246           0.00000
    6.5364066766              0.00469           0.00219           0.00000
    6.6186264999              0.00417           0.00195           0.00000
    6.7018805212              0.00370           0.00173           0.00000
    6.7861817493              0.00328           0.00154           0.00000
    6.8715433562              0.00291           0.00136           0.00000
    6.9579786800              0.00257           0.00120           0.00000
    7.0455012264              0.00227           0.00106           0.00000
    7.1341246708              0.00200           0.00094           0.00000
    7.2238628609              0.00175           0.00082           0.00000
    7.3147298185              0.00154           0.00072           0.00000
    7.4067397418              0.00135           0.00063           0.00000
    7.4999070074              0.00118           0.00055           0.00000
    7.5942461729              0.00103           0.00048           0.00000
    7.6897719791              0.00090           0.00042           0.00000
    7.7864993519              0.00078           0.00037           0.00000
    7.8844434054              0.00068           0.00032           0.00000
    7.9836194434              0.00059           0.00028           0.00000
    8.0840429623              0.00051           0.00024           0.00000
    8.1857296537              0.00044           0.00021           0.00000
    8.2886954061              0.00038           0.00018           0.00000
    8.3929563083              0.00033           0.00015           0.00000
    8.4985286512              0.00028           0.00013           0.00000
    8.6054289307              0.00024           0.00011           0.00000
    8.7136738501              0.00021           0.00010           0.00000
    8.8232803231              0.00018           0.00008           0.00000
    8.9342654757              0.00015           0.00007           0.00000
    9.0466466498              0.00013           0.00006           0.00000
    9.1604414049              0.00011           0.00005           0.00000
    9.2756675219              0.00009           0.00004           0.00000
    9.3923430050              0.00008           0.00004           0.00000
    9.5104860850              0.00006           0.00003           0.00000
    9.6301152221              0.00005           0.00003           0.00000
    9.7512491084              0.00005           0.00002           0.00000
    9.8739066714              0.00004           0.00002           0.00000
    9.9981070767              0.00003           0.00001           0.00000
   10.1238697307              0.00003           0.00001           0.00000
   10.2512142842              0.00002           0.00001           0.00000
   10.3801606350              0.00002           0.00001           0.00000
   10.5107289312              0.00002           0.00001           0.00000
   10.6429395744              0.00001           0.00001           0.00000
   10.7768132228              0.00001           0.00000           0.00000
   10.9123707944              0.00001           0.00000           0.00000
   11.0496334703              0.00001           0.00000           0.00000
   11.1886226981              0.00001           0.00000           0.00000
   11.3293601952              0.00000           0.00000           0.00000
   11.4718679521              0.00000           0.00000           0.00000
   11.6161682359              0.00000           0.00000           0.00000
   11.7622835938              0.00000           0.00000           0.00000
   11.9102368567              0.00000           0.00000           0.00000
   12.0600511425              0.00000           0.00000           0.00000
   12.2117498600              0.00000           0.00000           0.00000
   12.3653567125              0.00000           0.00000           0.00000
   12.5208957014              0.00000           0.00000           0.00000
   12.6783911299              0.00000           0.00000           0.00000
   12.8378676070              0.00000           0.00000           0.00000
   12.9993500513              0.00000           0.00000           0.00000
   13.1628636947              0.00000           0.00000           0.00000
   13.3284340865              0.00000           0.00000           0.00000
   13.4960870974              0.00000           0.00000           0.00000
   13.6658489236              0.00000           0.00000           0.00000
   13.8377460908              0.00000           0.00000           0.00000
   14.0118054581              0.00000           0.00000           0.00000
   14.1880542227              0.00000           0.00000           0.00000
   14.3665199239              0.00000           0.00000           0.00000
   14.5472304472              0.00000           0.00000           0.00000
   14.7302140291              0.00000           0.00000           0.00000
   14.9154992612              0.00000           0.00000           0.00000
   15.1031150945              0.00000           0.00000           0.00000
   15.2930908445              0.00000           0.00000           0.00000
   15.4854561953              0.00000           0.00000           0.00000
   15.6802412043              0.00000           0.00000           0.00000
   15.8774763071              0.00000           0.00000           0.00000
   16.0771923221              0.00000           0.00000           0.00000
   16.2794204553              0.00000           0.00000           0.00000
   16.4841923053              0.00000           0.00000           0.00000
   16.6915398681              0.00000           0.00000           0.00000
   16.9014955421              0.00000           0.00000           0.00000
   17.1140921334              0.00000           0.00000           0.00000
   17.3293628607              0.00000           0.00000           0.00000
   17.5473413603              0.00000           0.00000           0.00000
   17.7680616920              0.00000           0.00000           0.00000
   17.9915583436              0.00000           0.00000           0.00000
   18.2178662371              0.00000           0.00000           0.00000
   18.4470207334              0.00000           0.00000           0.00000
   18.6790576384              0.00000           0.00000           0.00000
   18.9140132084              0.00000           0.00000           0.00000
   19.1519241557              0.00000           0.00000           0.00000
   19.3928276543              0.00000           0.00000           0.00000
   19.6367613458              0.00000           0.00000           0.00000
   19.8837633455              0.00000           0.00000           0.00000
   20.1338722479              0.00000           0.00000           0.00000
   20.3871271330              0.00000           0.00000           0.00000
   20.6435675723              0.00000           0.00000           0.00000
   20.9032336354              0.00000           0.00000           0.00000
   21.1661658954              0.00000           0.00000           0.00000
   21.4324054361              0.00000           0.00000           0.00000
   21.7019938579              0.00000           0.00000           0.00000
   21.9749732847              0.00000           0.00000           0.00000
   22.2513863699              0.00000           0.00000           0.00000
   22.5312763038              0.00000           0.00000           0.00000
   22.8146868196              0.00000           0.00000           0.00000
   23.1016622008              0.00000           0.00000           0.00000
   23.3922472880              0.00000           0.00000           0.00000
   23.6864874856              0.00000           0.00000           0.00000
   23.9844287693              0.00000           0.00000           0.00000
   24.2861176930              0.00000           0.00000           0.00000
   24.5916013962              0.00000           0.00000           0.00000
   24.9009276113              0.00000           0.00000           0.00000
   25.2141446713              0.00000           0.00000           0.00000
   25.5313015169              0.00000           0.00000           0.00000
   25.8524477044              0.00000           0.00000           0.00000
   26.1776334138              0.00000           0.00000           0.00000
   26.5069094558              0.00000           0.00000           0.00000
   26.8403272805              0.00000           0.00000           0.00000
   27.1779389853              0.00000           0.00000           0.00000
   27.5197973224              0.00000           0.00000           0.00000
   27.8659557081              0.00000           0.00000           0.00000
   28.2164682303              0.00000           0.00000           0.00000
   28.5713896573              0.00000           0.00000           0.00000
   28.9307754462              0.00000           0.00000           0.00000
   29.2946817519              0.00000           0.00000           0.00000
   29.6631654354              0.00000           0.00000           0.00000
   30.0362840730              0.00000           0.00000           0.00000
   30.4140959654              0.00000           0.00000           0.00000
   30.7966601463              0.00000           0.00000           0.00000
   31.1840363923              0.00000           0.00000           0.00000
   31.5762852315              0.00000           0.00000           0.00000
   31.9734679538              0.00000           0.00000           0.00000
   32.3756466198              0.00000           0.00000           0.00000
   32.7828840705              0.00000           0.00000           0.00000
   33.1952439379              0.00000           0.00000           0.00000
   33.6127906538              0.00000           0.00000           0.00000
   34.0355894609              0.00000           0.00000           0.00000
   34.4637064222              0.00000           0.00000           0.00000
   34.8972084321              0.00000           0.00000           0.00000
   35.3361632259              0.00000           0.00000           0.00000
   35.7806393913              0.00000           0.00000           0.00000
   36.2307063787              0.00000           0.00000           0.00000
   36.6864345118              0.00000           0.00000           0.00000
   37.1478949992              0.00000           0.00000           0.00000
   37.6151599450              0.00000           0.00000           0.00000
   38.0883023602              0.00000           0.00000           0.00000
   38.5673961744              0.00000           0.00000           0.00000
   39.0525162469              0.00000           0.00000           0.00000
   39.5437383788              0.00000           0.00000           0.00000
   40.0411393244              0.00000           0.00000           0.00000
   40.5447968037              0.00000           0.00000           0.00000
   41.0547895142              0.00000           0.00000           0.00000
   41.5711971433              0.00000           0.00000           0.00000
   42.0941003807              0.00000           0.00000           0.00000
   42.6235809312              0.00000           0.00000           0.00000
   43.1597215271              0.00000           0.00000           0.00000
   43.7026059415              0.00000           0.00000           0.00000
   44.2523190012              0.00000           0.00000           0.00000
   44.8089466000              0.00000           0.00000           0.00000
   45.3725757121              0.00000           0.00000           0.00000
   45.9432944056              0.00000           0.00000           0.00000
   46.5211918566              0.00000           0.00000           0.00000
   47.1063583626              0.00000           0.00000           0.00000
   47.6988853572              0.00000           0.00000           0.00000
   48.2988654239              0.00000           0.00000           0.00000
   48.9063923108              0.00000           0.00000           0.00000
   49.5215609452              0.00000           0.00000           0.00000
   50.1444674485              0.00000           0.00000           0.00000
   50.7752091510              0.00000           0.00000           0.00000
   51.4138846074              0.00000           0.00000           0.00000
   52.0605936121              0.00000           0.00000           0.00000
   52.7154372147              0.00000           0.00000           0.00000
   53.3785177359              0.00000           0.00000           0.00000
   54.0499387832              0.00000           0.00000           0.00000
   54.7298052676              0.00000           0.00000           0.00000
   55.4182234197              0.00000           0.00000           0.00000
   56.1153008061              0.00000           0.00000           0.00000
   56.8211463467              0.00000           0.00000           0.00000
   57.5358703312              0.00000           0.00000           0.00000
   58.2595844367              0.00000           0.00000           0.00000
   58.9924017450              0.00000           0.00000           0.00000
   59.7344367603              0.00000           0.00000           0.00000
   60.4858054270              0.00000           0.00000           0.00000
   61.2466251482              0.00000           0.00000           0.00000
   62.0170148033              0.00000           0.00000           0.00000
   62.7970947674              0.00000           0.00000           0.00000
   63.5869869295              0.00000           0.00000           0.00000
   64.3868147119              0.00000           0.00000           0.00000
   65.1967030893              0.00000           0.00000           0.00000
   66.0167786084              0.00000           0.00000           0.00000
   66.8471694076              0.00000           0.00000           0.00000
   67.6880052373              0.00000           0.00000           0.00000
   68.5394174798              0.00000           0.00000           0.00000
   69.4015391698              0.00000           0.00000           0.00000
   70.2745050158              0.00000           0.00000           0.00000
   71.1584514204              0.00000           0.00000           0.00000
   72.0535165020              0.00000           0.00000           0.00000
   72.9598401163              0.00000           0.00000           0.00000
   73.8775638783              0.00000           0.00000           0.00000
   74.8068311841              0.00000           0.00000           0.00000
   75.7477872338              0.00000           0.00000           0.00000
   76.7005790535              0.00000           0.00000           0.00000
   77.6653555189              0.00000           0.00000           0.00000
   78.6422673784              0.00000           0.00000           0.00000
   79.6314672763              0.00000           0.00000           0.00000
   80.6331097773              0.00000           0.00000           0.00000
   81.6473513898              0.00000           0.00000           0.00000
   82.6743505914              0.00000           0.00000           0.00000
   83.7142678526              0.00000           0.00000           0.00000
   84.7672656628              0.00000           0.00000           0.00000
   85.8335085548              0.00000           0.00000           0.00000
   86.9131631314              0.00000           0.00000           0.00000
   88.0063980908              0.00000           0.00000           0.00000
   89.1133842531              0.00000           0.00000           0.00000
   90.2342945872              0.00000           0.00000           0.00000
   91.3693042377              0.00000           0.00000           0.00000
   92.5185905520              0.00000           0.00000           0.00000
   93.6823331086              0.00000           0.00000           0.00000
   94.8607137445              0.00000           0.00000           0.00000
   96.0539165841              0.00000           0.00000           0.00000
   97.2621280678              0.00000           0.00000           0.00000
   98.4855369811              0.00000           0.00000           0.00000
   99.7243344842              0.00000           0.00000           0.00000
  100.9787141416              0.00000           0.00000           0.00000
  102.2488719527              0.00000           0.00000           0.00000
  103.5350063824              0.00000           0.00000           0.00000
  104.8373183916              0.00000           0.00000           0.00000
  106.1560114693              0.00000           0.00000           0.00000
  107.4912916640              0.00000           0.00000           0.00000
  108.8433676159              0.00000           0.00000           0.00000
  110.2124505897              0.00000           0.00000           0.00000
  111.5987545072              0.00000           0.00000           0.00000
  113.0024959815              0.00000           0.00000           0.00000
  114.4238943498              0.00000           0.00000           0.00000
  115.8631717087              0.00000           0.00000           0.00000
  117.3205529481              0.00000           0.00000           0.00000
  118.7962657867              0.00000           0.00000           0.00000
