    0.00          7.5149
    0.05          7.5141
    0.10          7.5117
    0.15          7.5076
    0.20          7.5019
    0.25          7.4945
    0.30          7.4856
    0.35          7.4750
    0.40          7.4629
    0.45          7.4491
    0.50          7.4338
    0.55          7.4169
    0.60          7.3984
    0.65          7.3784
    0.70          7.3569
    0.75          7.3338
    0.80          7.3093
    0.85          7.2833
    0.90          7.2559
    0.95          7.2270
    1.00          7.1967
    1.05          7.1650
    1.10          7.1320
    1.15          7.0976
    1.20          7.0619
    1.25          7.0249
    1.30          6.9866
    1.35          6.9472
    1.40          6.9065
    1.45          6.8646
    1.50          6.8216
    1.55          6.7775
    1.60          6.7323
    1.65          6.6861
    1.70          6.6388
    1.75          6.5906
    1.80          6.5414
    1.85          6.4912
    1.90          6.4402
    1.95          6.3883
    2.00          6.3356
    2.05          6.2821
    2.10          6.2279
    2.15          6.1729
    2.20          6.1172
    2.25          6.0609
    2.30          6.0040
    2.35          5.9465
    2.40          5.8884
    2.45          5.8298
    2.50          5.7707
    2.55          5.7111
    2.60          5.6512
    2.65          5.5908
    2.70          5.5301
    2.75          5.4691
    2.80          5.4077
    2.85          5.3461
    2.90          5.2843
    2.95          5.2223
    3.00          5.1601
    3.05          5.0977
    3.10          5.0352
    3.15          4.9727
    3.20          4.9101
    3.25          4.8474
    3.30          4.7848
    3.35          4.7222
    3.40          4.6596
    3.45          4.5971
    3.50          4.5347
    3.55          4.4724
    3.60          4.4103
    3.65          4.3483
    3.70          4.2865
    3.75          4.2249
    3.80          4.1636
    3.85          4.1025
    3.90          4.0417
    3.95          3.9811
    4.00          3.9209
    4.05          3.8610
    4.10          3.8014
    4.15          3.7422
    4.20          3.6834
    4.25          3.6250
    4.30          3.5669
    4.35          3.5093
    4.40          3.4521
    4.45          3.3953
    4.50          3.3391
    4.55          3.2832
    4.60          3.2279
    4.65          3.1730
    4.70          3.1186
    4.75          3.0648
    4.80          3.0114
    4.85          2.9586
    4.90          2.9063
    4.95          2.8546
    5.00          2.8034
    5.05          2.7527
    5.10          2.7026
    5.15          2.6531
    5.20          2.6041
    5.25          2.5557
    5.30          2.5079
    5.35          2.4606
    5.40          2.4139
    5.45          2.3678
    5.50          2.3223
    5.55          2.2774
    5.60          2.2331
    5.65          2.1894
    5.70          2.1462
    5.75          2.1036
    5.80          2.0617
    5.85          2.0203
    5.90          1.9795
    5.95          1.9393
    6.00          1.8997
    6.05          1.8607
    6.10          1.8222
    6.15          1.7843
    6.20          1.7471
    6.25          1.7103
    6.30          1.6742
    6.35          1.6386
    6.40          1.6037
    6.45          1.5692
    6.50          1.5354
    6.55          1.5020
    6.60          1.4693
    6.65          1.4371
    6.70          1.4054
    6.75          1.3743
    6.80          1.3437
    6.85          1.3137
    6.90          1.2841
    6.95          1.2551
    7.00          1.2266
    7.05          1.1987
    7.10          1.1712
    7.15          1.1442
    7.20          1.1178
    7.25          1.0918
    7.30          1.0663
    7.35          1.0413
    7.40          1.0168
    7.45          0.9927
    7.50          0.9691
    7.55          0.9460
    7.60          0.9233
    7.65          0.9010
    7.70          0.8792
    7.75          0.8579
    7.80          0.8369
    7.85          0.8164
    7.90          0.7963
    7.95          0.7766
    8.00          0.7574
    8.05          0.7385
    8.10          0.7200
    8.15          0.7019
    8.20          0.6842
    8.25          0.6668
    8.30          0.6499
    8.35          0.6332
    8.40          0.6170
    8.45          0.6011
    8.50          0.5856
    8.55          0.5704
    8.60          0.5555
    8.65          0.5409
    8.70          0.5267
    8.75          0.5128
    8.80          0.4993
    8.85          0.4860
    8.90          0.4730
    8.95          0.4603
    9.00          0.4480
    9.05          0.4359
    9.10          0.4241
    9.15          0.4125
    9.20          0.4013
    9.25          0.3903
    9.30          0.3795
    9.35          0.3690
    9.40          0.3588
    9.45          0.3488
    9.50          0.3391
    9.55          0.3296
    9.60          0.3203
    9.65          0.3113
    9.70          0.3025
    9.75          0.2939
    9.80          0.2855
    9.85          0.2773
    9.90          0.2693
    9.95          0.2616
   10.00          0.2540
   10.05          0.2466
   10.10          0.2394
   10.15          0.2324
   10.20          0.2256
   10.25          0.2190
   10.30          0.2125
   10.35          0.2062
   10.40          0.2001
   10.45          0.1941
   10.50          0.1883
   10.55          0.1826
   10.60          0.1771
   10.65          0.1718
   10.70          0.1665
   10.75          0.1615
   10.80          0.1565
   10.85          0.1517
   10.90          0.1471
   10.95          0.1425
   11.00          0.1381
   11.05          0.1338
   11.10          0.1297
   11.15          0.1256
   11.20          0.1217
   11.25          0.1178
   11.30          0.1141
   11.35          0.1105
   11.40          0.1070
   11.45          0.1036
   11.50          0.1003
   11.55          0.0971
   11.60          0.0939
   11.65          0.0909
   11.70          0.0880
   11.75          0.0851
   11.80          0.0823
   11.85          0.0796
   11.90          0.0770
   11.95          0.0745
   12.00          0.0721
   12.05          0.0697
   12.10          0.0674
   12.15          0.0651
   12.20          0.0630
   12.25          0.0609
   12.30          0.0588
   12.35          0.0568
   12.40          0.0549
   12.45          0.0531
   12.50          0.0513
   12.55          0.0495
   12.60          0.0478
   12.65          0.0462
   12.70          0.0446
   12.75          0.0431
   12.80          0.0416
   12.85          0.0402
   12.90          0.0388
   12.95          0.0375
   13.00          0.0362
   13.05          0.0349
   13.10          0.0337
   13.15          0.0325
   13.20          0.0314
   13.25          0.0303
   13.30          0.0292
   13.35          0.0282
   13.40          0.0272
   13.45          0.0262
   13.50          0.0253
   13.55          0.0244
   13.60          0.0235
   13.65          0.0227
   13.70          0.0219
   13.75          0.0211
   13.80          0.0203
   13.85          0.0196
   13.90          0.0189
   13.95          0.0182
   14.00          0.0176
   14.05          0.0169
   14.10          0.0163
   14.15          0.0157
   14.20          0.0151
   14.25          0.0146
   14.30          0.0141
   14.35          0.0136
   14.40          0.0131
   14.45          0.0126
   14.50          0.0121
   14.55          0.0117
   14.60          0.0113
   14.65          0.0108
   14.70          0.0104
   14.75          0.0101
   14.80          0.0097
   14.85          0.0093
   14.90          0.0090
   14.95          0.0087
   15.00          0.0083
   15.05          0.0080
   15.10          0.0077
   15.15          0.0075
   15.20          0.0072
   15.25          0.0069
   15.30          0.0067
   15.35          0.0064
   15.40          0.0062
   15.45          0.0060
   15.50          0.0057
   15.55          0.0055
   15.60          0.0053
   15.65          0.0051
   15.70          0.0049
   15.75          0.0048
   15.80          0.0046
   15.85          0.0044
   15.90          0.0043
   15.95          0.0041
   16.00          0.0039
   16.05          0.0038
   16.10          0.0037
   16.15          0.0035
   16.20          0.0034
   16.25          0.0033
   16.30          0.0032
   16.35          0.0030
   16.40          0.0029
   16.45          0.0028
   16.50          0.0027
   16.55          0.0026
   16.60          0.0025
   16.65          0.0024
   16.70          0.0023
   16.75          0.0023
   16.80          0.0022
   16.85          0.0021
   16.90          0.0020
   16.95          0.0019
   17.00          0.0019
   17.05          0.0018
   17.10          0.0017
   17.15          0.0017
   17.20          0.0016
   17.25          0.0016
   17.30          0.0015
   17.35          0.0014
   17.40          0.0014
   17.45          0.0013
   17.50          0.0013
   17.55          0.0012
   17.60          0.0012
   17.65          0.0011
   17.70          0.0011
   17.75          0.0011
   17.80          0.0010
   17.85          0.0010
   17.90          0.0009
   17.95          0.0009
   18.00          0.0009
   18.05          0.0008
   18.10          0.0008
   18.15          0.0008
   18.20          0.0007
   18.25          0.0007
   18.30          0.0007
   18.35          0.0007
   18.40          0.0006
   18.45          0.0006
   18.50          0.0006
   18.55          0.0006
   18.60          0.0005
   18.65          0.0005
   18.70          0.0005
   18.75          0.0005
   18.80          0.0005
   18.85          0.0004
   18.90          0.0004
   18.95          0.0004
   19.00          0.0004
   19.05          0.0004
   19.10          0.0003
   19.15          0.0003
   19.20          0.0003
   19.25          0.0003
   19.30          0.0003
   19.35          0.0003
   19.40          0.0003
   19.45          0.0002
   19.50          0.0002
   19.55          0.0002
   19.60          0.0002
   19.65          0.0002
   19.70          0.0002
   19.75          0.0002
   19.80          0.0002
   19.85          0.0001
   19.90          0.0001
   19.95          0.0001
   20.00          0.0001
