    0.0000019487        0.00000000     0.00000000     0.00000000
    0.0000039219        0.00000000     0.00000000     0.00000000
    0.0000059199        0.00000000     0.00000000     0.00000001
    0.0000079430        0.00000000     0.00000000     0.00000002
    0.0000099916        0.00000000     0.00000000     0.00000003
    0.0000120660        0.00000000     0.00000000     0.00000005
    0.0000141664        0.00000000     0.00000000     0.00000006
    0.0000162933        0.00000000     0.00000000     0.00000008
    0.0000184469        0.00000000     0.00000000     0.00000011
    0.0000206276        0.00000000     0.00000000     0.00000013
    0.0000228358        0.00000000     0.00000000     0.00000016
    0.0000250717        0.00000000     0.00000000     0.00000020
    0.0000273357        0.00000000     0.00000000     0.00000023
    0.0000296282        0.00000000     0.00000000     0.00000027
    0.0000319496        0.00000000     0.00000000     0.00000032
    0.0000343002        0.00000000     0.00000000     0.00000037
    0.0000366803        0.00000000     0.00000000     0.00000042
    0.0000390903        0.00000000     0.00000000     0.00000048
    0.0000415307        0.00000000     0.00000000     0.00000054
    0.0000440018        0.00000000     0.00000000     0.00000061
    0.0000465039        0.00000000     0.00000000     0.00000068
    0.0000490376        0.00000000     0.00000000     0.00000075
    0.0000516031        0.00000000     0.00000000     0.00000083
    0.0000542008        0.00000000     0.00000000     0.00000092
    0.0000568313        0.00000000     0.00000000     0.00000101
    0.0000594948        0.00000000     0.00000000     0.00000111
    0.0000621918        0.00000000     0.00000000     0.00000121
    0.0000649228        0.00000000     0.00000000     0.00000132
    0.0000676881        0.00000000     0.00000000     0.00000143
    0.0000704882        0.00000000     0.00000000     0.00000155
    0.0000733235        0.00000000     0.00000000     0.00000168
    0.0000761945        0.00000000     0.00000000     0.00000181
    0.0000791016        0.00000000     0.00000000     0.00000196
    0.0000820452        0.00000000     0.00000000     0.00000210
    0.0000850259        0.00000000     0.00000000     0.00000226
    0.0000880441        0.00000000     0.00000000     0.00000242
    0.0000911002        0.00000000     0.00000000     0.00000259
    0.0000941948        0.00000000     0.00000000     0.00000277
    0.0000973283        0.00000000     0.00000000     0.00000296
    0.0001005012        0.00000000     0.00000000     0.00000316
    0.0001037140        0.00000000     0.00000000     0.00000336
    0.0001069673        0.00000000     0.00000000     0.00000358
    0.0001102614        0.00000000     0.00000000     0.00000380
    0.0001135970        0.00000000     0.00000000     0.00000403
    0.0001169746        0.00000000     0.00000000     0.00000428
    0.0001203946        0.00000000     0.00000000     0.00000453
    0.0001238577        0.00000000     0.00000000     0.00000480
    0.0001273643        0.00000000     0.00000000     0.00000507
    0.0001309150        0.00000000     0.00000000     0.00000536
    0.0001345104        0.00000000     0.00000000     0.00000566
    0.0001381510        0.00000000     0.00000000     0.00000597
    0.0001418374        0.00000001     0.00000000     0.00000629
    0.0001455702        0.00000001     0.00000000     0.00000662
    0.0001493499        0.00000001     0.00000000     0.00000697
    0.0001531772        0.00000001     0.00000000     0.00000733
    0.0001570526        0.00000001     0.00000000     0.00000771
    0.0001609768        0.00000001     0.00000000     0.00000810
    0.0001649503        0.00000001     0.00000000     0.00000850
    0.0001689738        0.00000001     0.00000000     0.00000892
    0.0001730479        0.00000001     0.00000000     0.00000936
    0.0001771732        0.00000001     0.00000000     0.00000981
    0.0001813505        0.00000001     0.00000000     0.00001028
    0.0001855803        0.00000001     0.00000000     0.00001077
    0.0001898633        0.00000001     0.00000000     0.00001127
    0.0001942001        0.00000001     0.00000000     0.00001179
    0.0001985915        0.00000001     0.00000000     0.00001233
    0.0002030382        0.00000001     0.00000000     0.00001289
    0.0002075408        0.00000001     0.00000000     0.00001346
    0.0002121000        0.00000001     0.00000000     0.00001406
    0.0002167166        0.00000001     0.00000000     0.00001468
    0.0002213912        0.00000001     0.00000000     0.00001532
    0.0002261246        0.00000001     0.00000000     0.00001598
    0.0002309176        0.00000001     0.00000000     0.00001667
    0.0002357709        0.00000001     0.00000000     0.00001738
    0.0002406852        0.00000001     0.00000000     0.00001811
    0.0002456613        0.00000002     0.00000000     0.00001886
    0.0002507000        0.00000002     0.00000000     0.00001965
    0.0002558021        0.00000002     0.00000000     0.00002045
    0.0002609684        0.00000002     0.00000000     0.00002129
    0.0002661997        0.00000002     0.00000000     0.00002215
    0.0002714967        0.00000002     0.00000000     0.00002304
    0.0002768604        0.00000002     0.00000000     0.00002396
    0.0002822916        0.00000002     0.00000000     0.00002491
    0.0002877910        0.00000002     0.00000000     0.00002589
    0.0002933597        0.00000002     0.00000000     0.00002690
    0.0002989984        0.00000002     0.00000000     0.00002794
    0.0003047080        0.00000002     0.00000000     0.00002902
    0.0003104894        0.00000002     0.00000000     0.00003013
    0.0003163436        0.00000003     0.00000000     0.00003128
    0.0003222714        0.00000003     0.00000000     0.00003246
    0.0003282737        0.00000003     0.00000000     0.00003368
    0.0003343516        0.00000003     0.00000000     0.00003494
    0.0003405059        0.00000003     0.00000000     0.00003624
    0.0003467376        0.00000003     0.00000000     0.00003758
    0.0003530477        0.00000003     0.00000000     0.00003896
    0.0003594372        0.00000003     0.00000000     0.00004038
    0.0003659070        0.00000003     0.00000000     0.00004185
    0.0003724582        0.00000004     0.00000000     0.00004336
    0.0003790919        0.00000004     0.00000000     0.00004492
    0.0003858089        0.00000004     0.00000000     0.00004653
    0.0003926105        0.00000004     0.00000000     0.00004818
    0.0003994976        0.00000004     0.00000000     0.00004989
    0.0004064713        0.00000004     0.00000000     0.00005164
    0.0004135328        0.00000004     0.00000000     0.00005345
    0.0004206831        0.00000005     0.00000000     0.00005532
    0.0004279233        0.00000005     0.00000000     0.00005724
    0.0004352546        0.00000005     0.00000000     0.00005922
    0.0004426781        0.00000005     0.00000000     0.00006125
    0.0004501950        0.00000005     0.00000000     0.00006335
    0.0004578064        0.00000005     0.00000000     0.00006551
    0.0004655136        0.00000006     0.00000000     0.00006774
    0.0004733177        0.00000006     0.00000000     0.00007003
    0.0004812200        0.00000006     0.00000000     0.00007238
    0.0004892217        0.00000006     0.00000000     0.00007481
    0.0004973240        0.00000006     0.00000000     0.00007731
    0.0005055283        0.00000007     0.00000000     0.00007988
    0.0005138357        0.00000007     0.00000000     0.00008253
    0.0005222476        0.00000007     0.00000000     0.00008525
    0.0005307654        0.00000007     0.00000000     0.00008806
    0.0005393903        0.00000008     0.00000000     0.00009094
    0.0005481236        0.00000008     0.00000000     0.00009391
    0.0005569669        0.00000008     0.00000000     0.00009696
    0.0005659213        0.00000008     0.00000000     0.00010011
    0.0005749884        0.00000009     0.00000000     0.00010334
    0.0005841696        0.00000009     0.00000000     0.00010667
    0.0005934662        0.00000009     0.00000000     0.00011009
    0.0006028798        0.00000009     0.00000000     0.00011361
    0.0006124117        0.00000010     0.00000000     0.00011723
    0.0006220636        0.00000010     0.00000000     0.00012095
    0.0006318369        0.00000010     0.00000000     0.00012478
    0.0006417331        0.00000011     0.00000000     0.00012872
    0.0006517538        0.00000011     0.00000000     0.00013278
    0.0006619005        0.00000011     0.00000000     0.00013694
    0.0006721749        0.00000012     0.00000000     0.00014123
    0.0006825785        0.00000012     0.00000000     0.00014563
    0.0006931129        0.00000012     0.00000000     0.00015016
    0.0007037799        0.00000013     0.00000000     0.00015482
    0.0007145810        0.00000013     0.00000000     0.00015961
    0.0007255180        0.00000014     0.00000000     0.00016453
    0.0007365926        0.00000014     0.00000000     0.00016959
    0.0007478065        0.00000014     0.00000000     0.00017479
    0.0007591614        0.00000015     0.00000000     0.00018014
    0.0007706592        0.00000015     0.00000000     0.00018564
    0.0007823015        0.00000016     0.00000000     0.00019129
    0.0007940904        0.00000016     0.00000000     0.00019710
    0.0008060275        0.00000017     0.00000000     0.00020307
    0.0008181147        0.00000017     0.00000000     0.00020921
    0.0008303540        0.00000018     0.00000000     0.00021551
    0.0008427473        0.00000018     0.00000000     0.00022199
    0.0008552964        0.00000019     0.00000000     0.00022866
    0.0008680034        0.00000019     0.00000000     0.00023550
    0.0008808702        0.00000020     0.00000000     0.00024253
    0.0008938989        0.00000021     0.00000000     0.00024976
    0.0009070914        0.00000021     0.00000000     0.00025719
    0.0009204499        0.00000022     0.00000000     0.00026482
    0.0009339764        0.00000023     0.00000000     0.00027266
    0.0009476731        0.00000023     0.00000000     0.00028071
    0.0009615420        0.00000024     0.00000000     0.00028899
    0.0009755854        0.00000025     0.00000000     0.00029749
    0.0009898054        0.00000025     0.00000000     0.00030623
    0.0010042043        0.00000026     0.00000000     0.00031520
    0.0010187843        0.00000027     0.00000000     0.00032442
    0.0010335477        0.00000028     0.00000000     0.00033389
    0.0010484968        0.00000028     0.00000000     0.00034362
    0.0010636340        0.00000029     0.00000000     0.00035362
    0.0010789615        0.00000030     0.00000000     0.00036388
    0.0010944819        0.00000031     0.00000000     0.00037442
    0.0011101975        0.00000032     0.00000000     0.00038525
    0.0011261107        0.00000033     0.00000000     0.00039638
    0.0011422241        0.00000034     0.00000000     0.00040780
    0.0011585402        0.00000035     0.00000000     0.00041954
    0.0011750615        0.00000036     0.00000000     0.00043159
    0.0011917906        0.00000037     0.00000000     0.00044396
    0.0012087302        0.00000038     0.00000000     0.00045667
    0.0012258828        0.00000039     0.00000000     0.00046972
    0.0012432512        0.00000040     0.00000000     0.00048313
    0.0012608381        0.00000041     0.00000000     0.00049689
    0.0012786462        0.00000042     0.00000000     0.00051103
    0.0012966782        0.00000043     0.00000000     0.00052554
    0.0013149371        0.00000045     0.00000000     0.00054045
    0.0013334257        0.00000046     0.00000000     0.00055575
    0.0013521468        0.00000047     0.00000000     0.00057147
    0.0013711034        0.00000049     0.00000000     0.00058760
    0.0013902984        0.00000050     0.00000000     0.00060417
    0.0014097349        0.00000051     0.00000000     0.00062118
    0.0014294158        0.00000053     0.00000000     0.00063865
    0.0014493444        0.00000054     0.00000000     0.00065658
    0.0014695235        0.00000056     0.00000000     0.00067499
    0.0014899565        0.00000057     0.00000000     0.00069389
    0.0015106466        0.00000059     0.00000000     0.00071329
    0.0015315968        0.00000061     0.00000000     0.00073322
    0.0015528106        0.00000062     0.00000000     0.00075367
    0.0015742913        0.00000064     0.00000000     0.00077466
    0.0015960421        0.00000066     0.00000000     0.00079622
    0.0016180665        0.00000068     0.00000000     0.00081834
    0.0016403680        0.00000070     0.00000000     0.00084105
    0.0016629499        0.00000071     0.00000000     0.00086437
    0.0016858159        0.00000073     0.00000000     0.00088830
    0.0017089696        0.00000075     0.00000000     0.00091287
    0.0017324145        0.00000078     0.00000000     0.00093809
    0.0017561542        0.00000080     0.00000000     0.00096397
    0.0017801926        0.00000082     0.00000000     0.00099054
    0.0018045333        0.00000084     0.00000000     0.00101782
    0.0018291803        0.00000086     0.00000000     0.00104581
    0.0018541372        0.00000089     0.00000000     0.00107454
    0.0018794081        0.00000091     0.00000000     0.00110403
    0.0019049968        0.00000094     0.00000000     0.00113430
    0.0019309074        0.00000096     0.00000000     0.00116536
    0.0019571439        0.00000099     0.00000000     0.00119725
    0.0019837104        0.00000102     0.00000000     0.00122997
    0.0020106111        0.00000104     0.00000000     0.00126355
    0.0020378501        0.00000107     0.00000000     0.00129802
    0.0020654318        0.00000110     0.00000000     0.00133339
    0.0020933604        0.00000113     0.00000000     0.00136969
    0.0021216403        0.00000116     0.00000000     0.00140695
    0.0021502760        0.00000120     0.00000000     0.00144518
    0.0021792718        0.00000123     0.00000000     0.00148442
    0.0022086323        0.00000126     0.00000000     0.00152469
    0.0022383622        0.00000129     0.00000000     0.00156601
    0.0022684660        0.00000133     0.00000000     0.00160841
    0.0022989484        0.00000137     0.00000000     0.00165193
    0.0023298143        0.00000140     0.00000000     0.00169658
    0.0023610685        0.00000144     0.00000000     0.00174240
    0.0023927157        0.00000148     0.00000000     0.00178942
    0.0024247611        0.00000152     0.00000000     0.00183767
    0.0024572095        0.00000156     0.00000000     0.00188718
    0.0024900661        0.00000160     0.00000000     0.00193799
    0.0025233359        0.00000165     0.00000000     0.00199012
    0.0025570243        0.00000169     0.00000000     0.00204361
    0.0025911363        0.00000174     0.00000000     0.00209850
    0.0026256775        0.00000178     0.00000000     0.00215481
    0.0026606531        0.00000183     0.00000000     0.00221260
    0.0026960687        0.00000188     0.00000000     0.00227189
    0.0027319298        0.00000193     0.00000000     0.00233273
    0.0027682419        0.00000198     0.00000000     0.00239515
    0.0028050108        0.00000203     0.00000000     0.00245919
    0.0028422421        0.00000209     0.00000000     0.00252491
    0.0028799418        0.00000214     0.00000000     0.00259233
    0.0029181157        0.00000220     0.00000000     0.00266150
    0.0029567698        0.00000226     0.00000000     0.00273247
    0.0029959100        0.00000232     0.00000000     0.00280529
    0.0030355426        0.00000238     0.00000000     0.00287999
    0.0030756737        0.00000245     0.00000000     0.00295664
    0.0031163096        0.00000251     0.00000000     0.00303528
    0.0031574566        0.00000258     0.00000000     0.00311595
    0.0031991212        0.00000265     0.00000000     0.00319872
    0.0032413099        0.00000272     0.00000000     0.00328364
    0.0032840292        0.00000279     0.00000000     0.00337076
    0.0033272859        0.00000286     0.00000000     0.00346013
    0.0033710867        0.00000294     0.00000000     0.00355182
    0.0034154384        0.00000302     0.00000000     0.00364589
    0.0034603480        0.00000309     0.00000000     0.00374239
    0.0035058225        0.00000318     0.00000000     0.00384139
    0.0035518690        0.00000326     0.00000000     0.00394295
    0.0035984947        0.00000335     0.00000000     0.00404714
    0.0036457069        0.00000344     0.00000000     0.00415402
    0.0036935129        0.00000353     0.00000000     0.00426366
    0.0037419203        0.00000362     0.00000000     0.00437614
    0.0037909365        0.00000371     0.00000000     0.00449153
    0.0038405693        0.00000381     0.00000000     0.00460989
    0.0038908264        0.00000391     0.00000000     0.00473132
    0.0039417157        0.00000402     0.00000000     0.00485588
    0.0039932450        0.00000412     0.00000000     0.00498365
    0.0040454225        0.00000423     0.00000000     0.00511472
    0.0040982564        0.00000434     0.00000000     0.00524917
    0.0041517548        0.00000446     0.00000000     0.00538709
    0.0042059261        0.00000457     0.00000000     0.00552857
    0.0042607788        0.00000469     0.00000000     0.00567370
    0.0043163215        0.00000482     0.00000000     0.00582256
    0.0043725628        0.00000494     0.00000000     0.00597526
    0.0044295116        0.00000507     0.00000000     0.00613189
    0.0044871766        0.00000520     0.00000000     0.00629256
    0.0045455670        0.00000534     0.00000000     0.00645737
    0.0046046919        0.00000548     0.00000000     0.00662641
    0.0046645605        0.00000562     0.00000000     0.00679981
    0.0047251821        0.00000577     0.00000000     0.00697767
    0.0047865663        0.00000592     0.00000000     0.00716011
    0.0048487225        0.00000608     0.00000000     0.00734724
    0.0049116606        0.00000624     0.00000000     0.00753918
    0.0049753904        0.00000640     0.00000000     0.00773605
    0.0050399218        0.00000657     0.00000000     0.00793799
    0.0051052649        0.00000674     0.00000000     0.00814511
    0.0051714299        0.00000691     0.00000000     0.00835756
    0.0052384271        0.00000709     0.00000000     0.00857546
    0.0053062671        0.00000728     0.00000000     0.00879896
    0.0053749604        0.00000747     0.00000000     0.00902820
    0.0054445178        0.00000766     0.00000000     0.00926333
    0.0055149501        0.00000786     0.00000000     0.00950449
    0.0055862683        0.00000807     0.00000000     0.00975184
    0.0056584836        0.00000828     0.00000000     0.01000553
    0.0057316072        0.00000849     0.00000000     0.01026573
    0.0058056506        0.00000871     0.00000000     0.01053261
    0.0058806254        0.00000894     0.00000000     0.01080633
    0.0059565432        0.00000917     0.00000000     0.01108707
    0.0060334160        0.00000941     0.00000000     0.01137500
    0.0061112557        0.00000965     0.00000000     0.01167031
    0.0061900745        0.00000991     0.00000000     0.01197319
    0.0062698848        0.00001016     0.00000000     0.01228383
    0.0063506989        0.00001043     0.00000000     0.01260243
    0.0064325295        0.00001070     0.00000000     0.01292919
    0.0065153895        0.00001097     0.00000000     0.01326431
    0.0065992917        0.00001126     0.00000000     0.01360801
    0.0066842492        0.00001155     0.00000000     0.01396051
    0.0067702754        0.00001185     0.00000000     0.01432204
    0.0068573836        0.00001216     0.00000000     0.01469281
    0.0069455876        0.00001247     0.00000000     0.01507307
    0.0070349010        0.00001280     0.00000000     0.01546306
    0.0071253378        0.00001313     0.00000000     0.01586302
    0.0072169122        0.00001347     0.00000000     0.01627321
    0.0073096385        0.00001381     0.00000000     0.01669389
    0.0074035311        0.00001417     0.00000000     0.01712533
    0.0074986048        0.00001454     0.00000000     0.01756779
    0.0075948743        0.00001491     0.00000000     0.01802156
    0.0076923547        0.00001530     0.00000000     0.01848692
    0.0077910613        0.00001569     0.00000000     0.01896417
    0.0078910095        0.00001610     0.00000000     0.01945362
    0.0079922148        0.00001652     0.00000000     0.01995556
    0.0080946932        0.00001694     0.00000000     0.02047032
    0.0081984606        0.00001738     0.00000000     0.02099823
    0.0083035332        0.00001783     0.00000000     0.02153961
    0.0084099275        0.00001829     0.00000000     0.02209482
    0.0085176600        0.00001876     0.00000000     0.02266419
    0.0086267477        0.00001924     0.00000000     0.02324809
    0.0087372075        0.00001974     0.00000000     0.02384689
    0.0088490567        0.00002025     0.00000000     0.02446097
    0.0089623128        0.00002077     0.00000000     0.02509071
    0.0090769935        0.00002131     0.00000000     0.02573650
    0.0091931167        0.00002186     0.00000001     0.02639877
    0.0093107005        0.00002242     0.00000001     0.02707792
    0.0094297634        0.00002300     0.00000001     0.02777439
    0.0095503239        0.00002359     0.00000001     0.02848860
    0.0096724009        0.00002420     0.00000001     0.02922102
    0.0097960134        0.00002482     0.00000001     0.02997211
    0.0099211807        0.00002546     0.00000001     0.03074232
    0.0100479225        0.00002611     0.00000001     0.03153216
    0.0101762585        0.00002678     0.00000001     0.03234212
    0.0103062088        0.00002747     0.00000001     0.03317270
    0.0104377936        0.00002818     0.00000001     0.03402444
    0.0105710335        0.00002890     0.00000001     0.03489785
    0.0107059495        0.00002965     0.00000001     0.03579351
    0.0108425624        0.00003041     0.00000001     0.03671196
    0.0109808937        0.00003119     0.00000001     0.03765378
    0.0111209650        0.00003199     0.00000001     0.03861957
    0.0112627982        0.00003282     0.00000001     0.03960993
    0.0114064155        0.00003366     0.00000001     0.04062549
    0.0115518392        0.00003452     0.00000001     0.04166688
    0.0116990921        0.00003541     0.00000001     0.04273475
    0.0118481973        0.00003632     0.00000001     0.04382977
    0.0119991779        0.00003725     0.00000002     0.04495264
    0.0121520577        0.00003821     0.00000002     0.04610405
    0.0123068604        0.00003919     0.00000002     0.04728472
    0.0124636104        0.00004019     0.00000002     0.04849540
    0.0126223320        0.00004123     0.00000002     0.04973685
    0.0127830500        0.00004228     0.00000002     0.05100983
    0.0129457897        0.00004337     0.00000002     0.05231515
    0.0131105764        0.00004448     0.00000002     0.05365363
    0.0132774358        0.00004562     0.00000002     0.05502610
    0.0134463940        0.00004679     0.00000002     0.05643341
    0.0136174775        0.00004799     0.00000002     0.05787646
    0.0137907130        0.00004922     0.00000003     0.05935613
    0.0139661275        0.00005048     0.00000003     0.06087336
    0.0141437484        0.00005178     0.00000003     0.06242910
    0.0143236036        0.00005311     0.00000003     0.06402430
    0.0145057210        0.00005447     0.00000003     0.06565998
    0.0146901292        0.00005586     0.00000003     0.06733714
    0.0148768569        0.00005729     0.00000004     0.06905684
    0.0150659334        0.00005876     0.00000004     0.07082014
    0.0152573882        0.00006027     0.00000004     0.07262815
    0.0154512512        0.00006181     0.00000004     0.07448199
    0.0156475527        0.00006340     0.00000004     0.07638282
    0.0158463234        0.00006502     0.00000005     0.07833181
    0.0160475943        0.00006669     0.00000005     0.08033019
    0.0162513968        0.00006839     0.00000005     0.08237919
    0.0164577629        0.00007014     0.00000005     0.08448009
    0.0166667248        0.00007194     0.00000006     0.08663419
    0.0168783151        0.00007378     0.00000006     0.08884283
    0.0170925668        0.00007567     0.00000006     0.09110738
    0.0173095135        0.00007761     0.00000007     0.09342925
    0.0175291891        0.00007960     0.00000007     0.09580988
    0.0177516278        0.00008163     0.00000007     0.09825074
    0.0179768645        0.00008372     0.00000008     0.10075334
    0.0182049343        0.00008587     0.00000008     0.10331925
    0.0184358728        0.00008807     0.00000008     0.10595004
    0.0186697162        0.00009032     0.00000009     0.10864734
    0.0189065010        0.00009263     0.00000009     0.11141282
    0.0191462642        0.00009500     0.00000010     0.11424819
    0.0193890433        0.00009743     0.00000010     0.11715521
    0.0196348761        0.00009993     0.00000011     0.12013566
    0.0198838011        0.00010249     0.00000011     0.12319139
    0.0201358572        0.00010511     0.00000012     0.12632429
    0.0203910838        0.00010780     0.00000013     0.12953628
    0.0206495207        0.00011056     0.00000013     0.13282934
    0.0209112084        0.00011339     0.00000014     0.13620551
    0.0211761877        0.00011629     0.00000015     0.13966685
    0.0214445000        0.00011926     0.00000015     0.14321550
    0.0217161873        0.00012231     0.00000016     0.14685365
    0.0219912920        0.00012544     0.00000017     0.15058351
    0.0222698571        0.00012865     0.00000018     0.15440740
    0.0225519261        0.00013195     0.00000019     0.15832764
    0.0228375431        0.00013532     0.00000020     0.16234665
    0.0231267527        0.00013879     0.00000021     0.16646688
    0.0234196001        0.00014234     0.00000022     0.17069087
    0.0237161311        0.00014598     0.00000023     0.17502118
    0.0240163920        0.00014972     0.00000024     0.17946048
    0.0243204297        0.00015355     0.00000025     0.18401147
    0.0246282917        0.00015748     0.00000027     0.18867694
    0.0249400261        0.00016151     0.00000028     0.19345971
    0.0252556817        0.00016564     0.00000030     0.19836272
    0.0255753078        0.00016988     0.00000031     0.20338895
    0.0258989542        0.00017423     0.00000033     0.20854145
    0.0262266716        0.00017869     0.00000034     0.21382336
    0.0265585112        0.00018327     0.00000036     0.21923788
    0.0268945249        0.00018796     0.00000038     0.22478830
    0.0272347650        0.00019277     0.00000040     0.23047798
    0.0275792849        0.00019771     0.00000042     0.23631038
    0.0279281382        0.00020277     0.00000044     0.24228901
    0.0282813797        0.00020796     0.00000046     0.24841750
    0.0286390643        0.00021329     0.00000049     0.25469954
    0.0290012481        0.00021875     0.00000051     0.26113893
    0.0293679875        0.00022435     0.00000054     0.26773954
    0.0297393400        0.00023010     0.00000057     0.27450534
    0.0301153635        0.00023600     0.00000060     0.28144040
    0.0304961169        0.00024204     0.00000063     0.28854889
    0.0308816595        0.00024825     0.00000066     0.29583508
    0.0312720516        0.00025461     0.00000069     0.30330331
    0.0316673543        0.00026114     0.00000073     0.31095807
    0.0320676292        0.00026783     0.00000077     0.31880393
    0.0324729390        0.00027470     0.00000081     0.32684557
    0.0328833470        0.00028174     0.00000085     0.33508778
    0.0332989173        0.00028897     0.00000089     0.34353546
    0.0337197148        0.00029638     0.00000094     0.35219364
    0.0341458052        0.00030398     0.00000099     0.36106746
    0.0345772553        0.00031178     0.00000104     0.37016217
    0.0350141323        0.00031978     0.00000109     0.37948316
    0.0354565045        0.00032799     0.00000115     0.38903592
    0.0359044411        0.00033641     0.00000121     0.39882610
    0.0363580121        0.00034505     0.00000127     0.40885945
    0.0368172883        0.00035391     0.00000133     0.41914189
    0.0372823414        0.00036300     0.00000140     0.42967943
    0.0377532442        0.00037232     0.00000147     0.44047825
    0.0382300703        0.00038189     0.00000155     0.45154466
    0.0387128940        0.00039171     0.00000163     0.46288513
    0.0392017910        0.00040178     0.00000171     0.47450626
    0.0396968375        0.00041211     0.00000180     0.48641480
    0.0401981109        0.00042271     0.00000189     0.49861767
    0.0407056896        0.00043358     0.00000199     0.51112192
    0.0412196528        0.00044474     0.00000209     0.52393478
    0.0417400809        0.00045619     0.00000220     0.53706363
    0.0422670551        0.00046794     0.00000231     0.55051604
    0.0428006579        0.00047999     0.00000243     0.56429971
    0.0433409726        0.00049235     0.00000256     0.57842253
    0.0438880836        0.00050504     0.00000269     0.59289258
    0.0444420764        0.00051806     0.00000283     0.60771808
    0.0450030376        0.00053142     0.00000297     0.62290748
    0.0455710548        0.00054513     0.00000313     0.63846937
    0.0461462168        0.00055919     0.00000329     0.65441254
    0.0467286134        0.00057363     0.00000346     0.67074599
    0.0473183357        0.00058844     0.00000363     0.68747889
    0.0479154758        0.00060364     0.00000382     0.70462061
    0.0485201269        0.00061924     0.00000402     0.72218074
    0.0491323837        0.00063524     0.00000422     0.74016904
    0.0497523417        0.00065167     0.00000444     0.75859551
    0.0503800978        0.00066853     0.00000467     0.77747033
    0.0510157501        0.00068583     0.00000491     0.79680392
    0.0516593979        0.00070359     0.00000516     0.81660689
    0.0523111418        0.00072182     0.00000543     0.83689010
    0.0529710836        0.00074053     0.00000571     0.85766460
    0.0536393265        0.00075973     0.00000600     0.87894168
    0.0543159749        0.00077944     0.00000631     0.90073286
    0.0550011344        0.00079967     0.00000663     0.92304990
    0.0556949122        0.00082043     0.00000697     0.94590476
    0.0563974166        0.00084175     0.00000733     0.96930967
    0.0571087575        0.00086363     0.00000771     0.99327710
    0.0578290459        0.00088609     0.00000810     1.01781973
    0.0585583944        0.00090915     0.00000852     1.04295052
    0.0592969170        0.00093282     0.00000896     1.06868266
    0.0600447291        0.00095712     0.00000942     1.09502960
    0.0608019475        0.00098208     0.00000990     1.12200502
    0.0615686905        0.00100769     0.00001041     1.14962288
    0.0623450780        0.00103400     0.00001094     1.17789737
    0.0631312312        0.00106100     0.00001150     1.20684296
    0.0639272730        0.00108873     0.00001209     1.23647438
    0.0647333278        0.00111721     0.00001272     1.26680660
    0.0655495215        0.00114645     0.00001337     1.29785486
    0.0663759817        0.00117648     0.00001405     1.32963467
    0.0672128374        0.00120731     0.00001478     1.36216179
    0.0680602195        0.00123898     0.00001553     1.39545227
    0.0689182604        0.00127150     0.00001633     1.42952240
    0.0697870940        0.00130491     0.00001717     1.46438873
    0.0706668563        0.00133922     0.00001805     1.50006809
    0.0715576846        0.00137446     0.00001898     1.53657758
    0.0724597182        0.00141065     0.00001995     1.57393453
    0.0733730979        0.00144784     0.00002097     1.61215655
    0.0742979665        0.00148604     0.00002205     1.65126152
    0.0752344686        0.00152528     0.00002318     1.69126756
    0.0761827504        0.00156559     0.00002437     1.73219304
    0.0771429601        0.00160701     0.00002562     1.77405660
    0.0781152478        0.00164957     0.00002693     1.81687710
    0.0790997653        0.00169329     0.00002831     1.86067367
    0.0800966665        0.00173823     0.00002977     1.90546565
    0.0811061072        0.00178440     0.00003129     1.95127264
    0.0821282452        0.00183185     0.00003290     1.99811444
    0.0831632400        0.00188061     0.00003458     2.04601109
    0.0842112535        0.00193073     0.00003636     2.09498283
    0.0852724493        0.00198224     0.00003822     2.14505010
    0.0863469934        0.00203518     0.00004018     2.19623356
    0.0874350535        0.00208961     0.00004224     2.24855402
    0.0885367998        0.00214556     0.00004440     2.30203249
    0.0896524043        0.00220308     0.00004668     2.35669012
    0.0907820414        0.00226221     0.00004907     2.41254825
    0.0919258876        0.00232301     0.00005158     2.46962831
    0.0930841216        0.00238553     0.00005423     2.52795188
    0.0942569244        0.00244981     0.00005700     2.58754064
    0.0954444792        0.00251592     0.00005992     2.64841636
    0.0966469717        0.00258391     0.00006299     2.71060089
    0.0978645896        0.00265384     0.00006622     2.77411612
    0.0990975233        0.00272576     0.00006961     2.83898398
    0.1003459653        0.00279975     0.00007317     2.90522640
    0.1016101109        0.00287585     0.00007692     2.97286531
    0.1028901574        0.00295415     0.00008086     3.04192260
    0.1041863049        0.00303471     0.00008500     3.11242009
    0.1054987560        0.00311760     0.00008935     3.18437952
    0.1068277157        0.00320289     0.00009392     3.25782248
    0.1081733916        0.00329067     0.00009873     3.33277044
    0.1095359940        0.00338100     0.00010378     3.40924467
    0.1109157359        0.00347398     0.00010909     3.48726621
    0.1123128328        0.00356969     0.00011467     3.56685586
    0.1137275030        0.00366821     0.00012053     3.64803410
    0.1151599676        0.00376964     0.00012670     3.73082110
    0.1166104503        0.00387407     0.00013318     3.81523661
    0.1180791779        0.00398160     0.00013999     3.90129999
    0.1195663798        0.00409233     0.00014714     3.98903011
    0.1210722884        0.00420637     0.00015466     4.07844531
    0.1225971390        0.00432383     0.00016257     4.16956335
    0.1241411698        0.00444481     0.00017088     4.26240137
    0.1257046222        0.00456944     0.00017961     4.35697580
    0.1272877404        0.00469785     0.00018879     4.45330235
    0.1288907717        0.00483014     0.00019843     4.55139588
    0.1305139667        0.00496647     0.00020857     4.65127040
    0.1321575790        0.00510696     0.00021922     4.75293895
    0.1338218654        0.00525176     0.00023041     4.85641356
    0.1355070859        0.00540101     0.00024218     4.96170516
    0.1372135039        0.00555487     0.00025454     5.06882352
    0.1389413860        0.00571350     0.00026753     5.17777715
    0.1406910022        0.00587705     0.00028119     5.28857322
    0.1424626258        0.00604571     0.00029553     5.40121748
    0.1442565337        0.00621964     0.00031061     5.51571418
    0.1460730062        0.00639905     0.00032645     5.63206593
    0.1479123271        0.00658411     0.00034310     5.75027369
    0.1497747839        0.00677502     0.00036060     5.87033657
    0.1516606674        0.00697200     0.00037898     5.99225181
    0.1535702724        0.00717527     0.00039830     6.11601462
    0.1555038973        0.00738504     0.00041860     6.24161810
    0.1574618443        0.00760155     0.00043993     6.36905313
    0.1594444191        0.00782505     0.00046234     6.49830823
    0.1614519317        0.00805578     0.00048589     6.62936947
    0.1634846957        0.00829401     0.00051063     6.76222032
    0.1655430287        0.00854002     0.00053662     6.89684156
    0.1676272523        0.00879410     0.00056394     7.03321112
    0.1697376923        0.00905653     0.00059264     7.17130400
    0.1718746783        0.00932762     0.00062279     7.31109206
    0.1740385443        0.00960771     0.00065447     7.45254397
    0.1762296283        0.00989712     0.00068775     7.59562504
    0.1784482729        0.01019621     0.00072271     7.74029704
    0.1806948245        0.01050534     0.00075945     7.88651816
    0.1829696343        0.01082489     0.00079804     8.03424276
    0.1852730576        0.01115526     0.00083858     8.18342133
    0.1876054545        0.01149685     0.00088117     8.33400028
    0.1899671893        0.01185010     0.00092591     8.48592180
    0.1923586310        0.01221545     0.00097291     8.63912379
    0.1947801534        0.01259337     0.00102228     8.79353962
    0.1972321348        0.01298436     0.00107414     8.94909808
    0.1997149584        0.01338891     0.00112862     9.10572318
    0.2022290120        0.01380755     0.00118584     9.26333406
    0.2047746885        0.01424084     0.00124594     9.42184482
    0.2073523857        0.01468936     0.00130907     9.58116442
    0.2099625063        0.01515370     0.00137537     9.74119655
    0.2126054582        0.01563449     0.00144501     9.90183951
    0.2152816543        0.01613239     0.00151815    10.06298609
    0.2179915128        0.01664807     0.00159497    10.22452347
    0.2207354572        0.01718226     0.00167564    10.38633313
    0.2235139161        0.01773569     0.00176035    10.54829075
    0.2263273238        0.01830915     0.00184932    10.71026613
    0.2291761197        0.01890343     0.00194275    10.87212312
    0.2320607491        0.01951940     0.00204086    11.03371958
    0.2349816627        0.02015793     0.00214388    11.19490731
    0.2379393168        0.02081994     0.00225205    11.35553202
    0.2409341737        0.02150641     0.00236563    11.51543335
    0.2439667012        0.02221833     0.00248488    11.67444482
    0.2470373732        0.02295676     0.00261009    11.83239387
    0.2501466695        0.02372280     0.00274155    11.98910192
    0.2532950759        0.02451759     0.00287956    12.14438439
    0.2564830844        0.02534234     0.00302445    12.29805078
    0.2597111932        0.02619830     0.00317655    12.44990481
    0.2629799065        0.02708678     0.00333621    12.59974451
    0.2662897352        0.02800914     0.00350381    12.74736238
    0.2696411964        0.02896682     0.00367974    12.89254556
    0.2730348138        0.02996132     0.00386439    13.03507607
    0.2764711177        0.03099419     0.00405819    13.17473098
    0.2799506449        0.03206707     0.00426160    13.31128277
    0.2834739392        0.03318167     0.00447506    13.44449953
    0.2870415511        0.03433978     0.00469909    13.57414537
    0.2906540380        0.03554325     0.00493417    13.69998074
    0.2943119644        0.03679404     0.00518085    13.82176285
    0.2980159019        0.03809420     0.00543969    13.93924609
    0.3017664291        0.03944586     0.00571128    14.05218254
    0.3055641322        0.04085125     0.00599622    14.16032244
    0.3094096045        0.04231269     0.00629515    14.26341477
    0.3133034469        0.04383265     0.00660876    14.36120781
    0.3172462678        0.04541366     0.00693773    14.45344981
    0.3212386833        0.04705839     0.00728280    14.53988959
    0.3252813172        0.04876964     0.00764475    14.62027731
    0.3293748012        0.05055033     0.00802436    14.69436514
    0.3335197748        0.05240351     0.00842249    14.76190811
    0.3377168858        0.05433237     0.00883999    14.82266486
    0.3419667900        0.05634026     0.00927780    14.87639849
    0.3462701513        0.05843067     0.00973686    14.92287747
    0.3506276423        0.06060726     0.01021818    14.96187653
    0.3550399438        0.06287384     0.01072279    14.99317756
    0.3595077452        0.06523443     0.01125179    15.01657061
    0.3640317447        0.06769318     0.01180632    15.03185485
    0.3686126490        0.07025449     0.01238755    15.03883955
    0.3732511740        0.07292293     0.01299673    15.03734510
    0.3779480445        0.07570327     0.01363514    15.02720405
    0.3827039944        0.07860053     0.01430415    15.00826209
    0.3875197667        0.08161993     0.01500514    14.98037907
    0.3923961140        0.08476694     0.01573959    14.94343006
    0.3973337982        0.08804729     0.01650901    14.89730629
    0.4023335908        0.09146696     0.01731501    14.84191618
    0.4073962730        0.09503219     0.01815923    14.77718626
    0.4125226360        0.09874953     0.01904340    14.70306208
    0.4177134806        0.10262580     0.01996932    14.61950916
    0.4229696181        0.10666815     0.02093885    14.52651374
    0.4282918696        0.11088405     0.02195394    14.42408361
    0.4336810668        0.11528129     0.02301661    14.31224881
    0.4391380518        0.11986802     0.02412896    14.19106228
    0.4446636772        0.12465275     0.02529316    14.06060041
    0.4502588064        0.12964437     0.02651150    13.92096356
    0.4559243136        0.13485217     0.02778633    13.77227639
    0.4616610842        0.14028585     0.02912008    13.61468819
    0.4674700144        0.14595552     0.03051530    13.44837306
    0.4733520120        0.15187174     0.03197462    13.27352993
    0.4793079961        0.15804553     0.03350076    13.09038256
    0.4853388971        0.16448840     0.03509654    12.89917930
    0.4914456576        0.17121232     0.03676489    12.70019282
    0.4976292317        0.17822979     0.03850884    12.49371965
    0.5038905855        0.18555384     0.04033151    12.28007955
    0.5102306975        0.19319803     0.04223613    12.05961488
    0.5166505583        0.20117649     0.04422605    11.83268962
    0.5231511710        0.20950391     0.04630471    11.59968843
    0.5297335513        0.21819561     0.04847567    11.36101552
    0.5363987278        0.22726749     0.05074259    11.11709327
    0.5431477419        0.23673607     0.05310925    10.86836093
    0.5499816481        0.24661853     0.05557953    10.61527299
    0.5569015143        0.25693270     0.05815743    10.35829754
    0.5639084217        0.26769705     0.06084703    10.09791451
    0.5710034651        0.27893076     0.06365256     9.83461375
    0.5781877532        0.29065365     0.06657831     9.56889308
    0.5854624085        0.30288627     0.06962871     9.30125625
    0.5928285678        0.31564982     0.07280826     9.03221077
    0.6002873819        0.32896622     0.07612157     8.76226576
    0.6078400163        0.34285806     0.07957334     8.49192976
    0.6154876511        0.35734861     0.08316836     8.22170843
    0.6232314814        0.37246181     0.08691148     7.95210239
    0.6310727171        0.38822223     0.09080765     7.68360494
    0.6390125834        0.40465507     0.09486185     7.41669988
    0.6470523208        0.42178611     0.09907914     7.15185935
    0.6551931858        0.43964169     0.10346461     6.88954179
    0.6634364502        0.45824862     0.10802338     6.63018989
    0.6717834021        0.47763418     0.11276061     6.37422877
    0.6802353458        0.49782600     0.11768143     6.12206412
    0.6887936018        0.51885200     0.12279096     5.87408064
    0.6974595074        0.54074028     0.12809432     5.63064049
    0.7062344167        0.56351903     0.13359653     5.39206248
    0.7151197008        0.58721638     0.13930258     5.15856510
    0.7241167479        0.61186030     0.14521732     4.93032913
    0.7332269640        0.63747838     0.15134551     4.70751775
    0.7424517726        0.66409767     0.15769172     4.49027654
    0.7517926149        0.69174452     0.16426036     4.27873360
    0.7612509505        0.72044429     0.17105563     4.07299967
    0.7708282574        0.75022113     0.17808144     3.87316840
    0.7805260320        0.78109771     0.18534145     3.67931664
    0.7903457895        0.81309493     0.19283895     3.49150481
    0.8002890644        0.84623157     0.20057688     3.30977730
    0.8103574103        0.88052395     0.20855776     3.13416292
    0.8205524004        0.91598556     0.21678361     2.96467535
    0.8308756277        0.95262665     0.22525597     2.80131369
    0.8413287052        0.99045381     0.23397579     2.64406290
    0.8519132662        1.02946952     0.24294338     2.49289431
    0.8626309646        1.06967168     0.25215837     2.34776609
    0.8734834751        1.11105313     0.26161967     2.20862371
    0.8844724933        1.15360112     0.27132535     2.07540030
    0.8955997364        1.19729689     0.28127264     1.94801710
    0.9068669430        1.24211506     0.29145783     1.82638386
    0.9182758735        1.28802321     0.30187622     1.71039922
    0.9298283108        1.33498138     0.31252205     1.59995126
    0.9415260598        1.38294159     0.32338845     1.49491809
    0.9533709484        1.43184747     0.33446739     1.39516855
    0.9653648274        1.48163383     0.34574958     1.30056313
    0.9775095708        1.53222639     0.35722445     1.21095500
    0.9898070762        1.58354155     0.36888011     1.12619119
    1.0022592652        1.63548619     0.38070326     1.04611379
    1.0148680835        1.68795771     0.39267921     0.97056129
    1.0276355012        1.74084400     0.40479179     0.89936973
    1.0405635132        1.79402372     0.41702337     0.83237386
    1.0536541396        1.84736660     0.42935484     0.76940812
    1.0669094258        1.90073390     0.44176558     0.71030741
    1.0803314430        1.95397911     0.45423351     0.65490779
    1.0939222884        2.00694870     0.46673509     0.60304699
    1.1076840856        2.05948308     0.47924539     0.55456479
    1.1216189849        2.11141771     0.49173809     0.50930343
    1.1357291636        2.16258439     0.50418561     0.46710784
    1.1500168265        2.21281258     0.51655917     0.42782591
    1.1644842061        2.26193091     0.52882892     0.39130877
    1.1791335629        2.30976875     0.54096403     0.35741094
    1.1939671860        2.35615786     0.55293288     0.32599062
    1.2089873931        2.40093395     0.56470320     0.29690984
    1.2241965311        2.44393837     0.57624227     0.27003464
    1.2395969765        2.48501959     0.58751710     0.24523529
    1.2551911357        2.52403465     0.59849465     0.22238637
    1.2709814452        2.56085047     0.60914206     0.20136692
    1.2869703724        2.59534487     0.61942691     0.18206057
    1.3031604156        2.62740745     0.62931740     0.16435555
    1.3195541044        2.65694017     0.63878269     0.14814481
    1.3361540004        2.68385764     0.64779305     0.13332601
    1.3529626975        2.70808713     0.65632018     0.11980156
    1.3699828219        2.72956827     0.66433741     0.10747856
    1.3872170331        2.74825253     0.67181990     0.09626880
    1.4046680240        2.76410245     0.67874487     0.08608869
    1.4223385213        2.77709071     0.68509174     0.07685922
    1.4402312862        2.78719920     0.69084231     0.06850582
    1.4583491143        2.79441814     0.69598081     0.06095831
    1.4766948366        2.79874547     0.70049401     0.05415076
    1.4952713198        2.80018674     0.70437122     0.04802136
    1.5140814663        2.79875565     0.70760427     0.04251231
    1.5331282153        2.79447509     0.71018747     0.03756966
    1.5524145429        2.78737733     0.71211745     0.03314318
    1.5719434627        2.77750316     0.71339308     0.02918618
    1.5917180261        2.76490163     0.71401522     0.02565536
    1.6117413228        2.74962928     0.71398659     0.02251068
    1.6320164816        2.73174952     0.71331153     0.01971516
    1.6525466705        2.71133197     0.71199583     0.01723474
    1.6733350974        2.68845182     0.71004658     0.01503810
    1.6943850105        2.66318945     0.70747210     0.01309655
    1.7156996990        2.63563012     0.70428197     0.01138381
    1.7372824932        2.60586377     0.70048713     0.00987589
    1.7591367655        2.57398491     0.69609992     0.00855093
    1.7812659307        2.54009195     0.69113396     0.00738908
    1.8036734466        2.50428691     0.68560414     0.00637233
    1.8263628143        2.46667491     0.67952653     0.00548438
    1.8493375792        2.42736370     0.67291832     0.00471052
    1.8726013310        2.38646326     0.66579776     0.00403749
    1.8961577047        2.34408530     0.65818405     0.00345341
    1.9200103812        2.30034283     0.65009728     0.00294759
    1.9441630874        2.25534972     0.64155838     0.00251050
    1.9686195973        2.20922028     0.63258899     0.00213361
    1.9933837322        2.16206880     0.62321141     0.00180936
    2.0184593615        2.11400921     0.61344851     0.00153100
    2.0438504035        2.06515463     0.60332365     0.00129258
    2.0695608254        2.01561702     0.59286059     0.00108884
    2.0955946446        1.96550683     0.58208341     0.00091512
    2.1219559290        1.91493266     0.57101645     0.00076735
    2.1486487975        1.86400092     0.55968421     0.00064194
    2.1756774210        1.81281557     0.54811126     0.00053577
    2.2030460227        1.76147780     0.53632220     0.00044609
    2.2307588790        1.71008584     0.52434156     0.00037054
    2.2588203201        1.65873467     0.51219373     0.00030703
    2.2872347307        1.60751581     0.49990290     0.00025378
    2.3160065506        1.55651721     0.48749298     0.00020924
    2.3451402755        1.50582297     0.47498756     0.00017209
    2.3746404575        1.45551331     0.46240982     0.00014117
    2.4045117061        1.40566439     0.44978248     0.00011551
    2.4347586887        1.35634819     0.43712775     0.00009427
    2.4653861316        1.30763250     0.42446729     0.00007673
    2.4963988202        1.25958081     0.41182212     0.00006229
    2.5278016005        1.21225230     0.39921263     0.00005043
    2.5595993791        1.16570180     0.38665850     0.00004072
    2.5917971245        1.11997979     0.37417867     0.00003278
    2.6243998678        1.07513245     0.36179129     0.00002632
    2.6574127030        1.03120164     0.34951374     0.00002108
    2.6908407886        0.98822499     0.33736254     0.00001683
    2.7246893477        0.94623596     0.32535335     0.00001339
    2.7589636693        0.90526387     0.31350098     0.00001063
    2.7936691088        0.86533407     0.30181931     0.00000841
    2.8288110890        0.82646795     0.29032134     0.00000664
    2.8643951009        0.78868313     0.27901913     0.00000522
    2.9004267045        0.75199355     0.26792382     0.00000410
    2.9369115300        0.71640957     0.25704563     0.00000320
    2.9738552780        0.68193819     0.24639385     0.00000250
    3.0112637212        0.64858312     0.23597685     0.00000194
    3.0491427047        0.61634497     0.22580207     0.00000150
    3.0874981471        0.58522139     0.21587607     0.00000116
    3.1263360416        0.55520727     0.20620450     0.00000089
    3.1656624567        0.52629488     0.19679215     0.00000068
    3.2054835372        0.49847402     0.18764296     0.00000052
    3.2458055052        0.47173225     0.17876004     0.00000040
    3.2866346611        0.44605501     0.17014569     0.00000030
    3.3279773846        0.42142582     0.16180145     0.00000023
    3.3698401355        0.39782644     0.15372812     0.00000017
    3.4122294551        0.37523705     0.14592577     0.00000013
    3.4551519666        0.35363641     0.13839381     0.00000010
    3.4986143768        0.33300201     0.13113102     0.00000007
    3.5426234769        0.31331029     0.12413555     0.00000005
    3.5871861433        0.29453670     0.11740502     0.00000004
    3.6323093391        0.27665593     0.11093649     0.00000003
    3.6780001148        0.25964202     0.10472656     0.00000002
    3.7242656096        0.24346850     0.09877137     0.00000002
    3.7711130528        0.22810852     0.09306664     0.00000001
    3.8185497643        0.21353496     0.08760774     0.00000001
    3.8665831561        0.19972057     0.08238968     0.00000001
    3.9152207337        0.18663806     0.07740721     0.00000000
    3.9644700966        0.17426020     0.07265478     0.00000000
    4.0143389403        0.16255992     0.06812664     0.00000000
    4.0648350568        0.15151039     0.06381682     0.00000000
    4.1159663363        0.14108506     0.05971922     0.00000000
    4.1677407680        0.13125779     0.05582759     0.00000000
    4.2201664420        0.12200286     0.05213557     0.00000000
    4.2732515498        0.11329506     0.04863674     0.00000000
    4.3270043860        0.10510969     0.04532461     0.00000000
    4.3814333497        0.09742263     0.04219268     0.00000000
    4.4365469454        0.09021038     0.03923443     0.00000000
    4.4923537848        0.08345008     0.03644336     0.00000000
    4.5488625879        0.07711949     0.03381301     0.00000000
    4.6060821842        0.07119707     0.03133695     0.00000000
    4.6640215144        0.06566198     0.02900883     0.00000000
    4.7226896317        0.06049403     0.02682237     0.00000000
    4.7820957031        0.05567376     0.02477140     0.00000000
    4.8422490108        0.05118240     0.02284981     0.00000000
    4.9031589540        0.04700187     0.02105166     0.00000000
    4.9648350500        0.04311479     0.01937109     0.00000000
    5.0272869358        0.03950446     0.01780237     0.00000000
    5.0905243695        0.03615486     0.01633994     0.00000000
    5.1545572323        0.03305063     0.01497834     0.00000000
    5.2193955294        0.03017708     0.01371230     0.00000000
    5.2850493918        0.02752013     0.01253666     0.00000000
    5.3515290781        0.02506638     0.01144646     0.00000000
    5.4188449760        0.02280300     0.01043688     0.00000000
    5.4870076036        0.02071778     0.00950324     0.00000000
    5.5560276115        0.01879909     0.00864106     0.00000000
    5.6259157843        0.01703587     0.00784602     0.00000000
    5.6966830420        0.01541762     0.00711394     0.00000000
    5.7683404423        0.01393438     0.00644084     0.00000000
    5.8408991817        0.01257670     0.00582289     0.00000000
    5.9143705977        0.01133563     0.00525643     0.00000000
    5.9887661703        0.01020274     0.00473797     0.00000000
    6.0640975240        0.00917005     0.00426417     0.00000000
    6.1403764296        0.00823004     0.00383187     0.00000000
    6.2176148056        0.00737562     0.00343806     0.00000000
    6.2958247208        0.00660016     0.00307989     0.00000000
    6.3750183957        0.00589740     0.00275467     0.00000000
    6.4552082043        0.00526149     0.00245985     0.00000000
    6.5364066766        0.00468696     0.00219303     0.00000000
    6.6186264999        0.00416868     0.00195196     0.00000000
    6.7018805212        0.00370190     0.00173452     0.00000000
    6.7861817493        0.00328216     0.00153874     0.00000000
    6.8715433562        0.00290533     0.00136276     0.00000000
    6.9579786800        0.00256758     0.00120485     0.00000000
    7.0455012264        0.00226536     0.00106341     0.00000000
    7.1341246708        0.00199539     0.00093695     0.00000000
    7.2238628609        0.00175463     0.00082408     0.00000000
    7.3147298185        0.00154029     0.00072353     0.00000000
    7.4067397418        0.00134981     0.00063412     0.00000000
    7.4999070074        0.00118082     0.00055475     0.00000000
    7.5942461729        0.00103117     0.00048443     0.00000000
    7.6897719791        0.00089888     0.00042225     0.00000000
    7.7864993519        0.00078215     0.00036737     0.00000000
    7.8844434054        0.00067934     0.00031902     0.00000000
    7.9836194434        0.00058896     0.00027651     0.00000000
    8.0840429623        0.00050966     0.00023921     0.00000000
    8.1857296537        0.00044020     0.00020654     0.00000000
    8.2886954061        0.00037948     0.00017799     0.00000000
    8.3929563083        0.00032651     0.00015308     0.00000000
    8.4985286512        0.00028039     0.00013139     0.00000000
    8.6054289307        0.00024031     0.00011256     0.00000000
    8.7136738501        0.00020555     0.00009622     0.00000000
    8.8232803231        0.00017546     0.00008209     0.00000000
    8.9342654757        0.00014948     0.00006989     0.00000000
    9.0466466498        0.00012708     0.00005938     0.00000000
    9.1604414049        0.00010781     0.00005034     0.00000000
    9.2756675219        0.00009127     0.00004259     0.00000000
    9.3923430050        0.00007711     0.00003595     0.00000000
    9.5104860850        0.00006500     0.00003028     0.00000000
    9.6301152221        0.00005467     0.00002545     0.00000000
    9.7512491084        0.00004589     0.00002134     0.00000000
    9.8739066714        0.00003843     0.00001786     0.00000000
    9.9981070767        0.00003211     0.00001491     0.00000000
   10.1238697307        0.00002677     0.00001242     0.00000000
   10.2512142842        0.00002226     0.00001032     0.00000000
   10.3801606350        0.00001848     0.00000855     0.00000000
   10.5107289312        0.00001530     0.00000707     0.00000000
   10.6429395744        0.00001263     0.00000584     0.00000000
   10.7768132228        0.00001041     0.00000480     0.00000000
   10.9123707944        0.00000855     0.00000394     0.00000000
   11.0496334703        0.00000701     0.00000323     0.00000000
   11.1886226981        0.00000574     0.00000264     0.00000000
   11.3293601952        0.00000468     0.00000215     0.00000000
   11.4718679521        0.00000381     0.00000175     0.00000000
   11.6161682359        0.00000309     0.00000142     0.00000000
   11.7622835938        0.00000250     0.00000115     0.00000000
   11.9102368567        0.00000202     0.00000092     0.00000000
   12.0600511425        0.00000163     0.00000074     0.00000000
   12.2117498600        0.00000131     0.00000060     0.00000000
   12.3653567125        0.00000105     0.00000048     0.00000000
   12.5208957014        0.00000084     0.00000038     0.00000000
   12.6783911299        0.00000067     0.00000030     0.00000000
   12.8378676070        0.00000053     0.00000024     0.00000000
   12.9993500513        0.00000042     0.00000019     0.00000000
   13.1628636947        0.00000033     0.00000015     0.00000000
   13.3284340865        0.00000026     0.00000012     0.00000000
   13.4960870974        0.00000020     0.00000009     0.00000000
   13.6658489236        0.00000016     0.00000007     0.00000000
   13.8377460908        0.00000012     0.00000006     0.00000000
   14.0118054581        0.00000010     0.00000004     0.00000000
   14.1880542227        0.00000008     0.00000003     0.00000000
   14.3665199239        0.00000006     0.00000003     0.00000000
   14.5472304472        0.00000004     0.00000002     0.00000000
   14.7302140291        0.00000003     0.00000002     0.00000000
   14.9154992612        0.00000003     0.00000001     0.00000000
   15.1031150945        0.00000002     0.00000001     0.00000000
   15.2930908445        0.00000002     0.00000001     0.00000000
   15.4854561953        0.00000001     0.00000001     0.00000000
   15.6802412043        0.00000001     0.00000000     0.00000000
   15.8774763071        0.00000001     0.00000000     0.00000000
   16.0771923221        0.00000000     0.00000000     0.00000000
   16.2794204553        0.00000000     0.00000000     0.00000000
   16.4841923053        0.00000000     0.00000000     0.00000000
   16.6915398681        0.00000000     0.00000000     0.00000000
   16.9014955421        0.00000000     0.00000000     0.00000000
   17.1140921334        0.00000000     0.00000000     0.00000000
   17.3293628607        0.00000000     0.00000000     0.00000000
   17.5473413603        0.00000000     0.00000000     0.00000000
   17.7680616920        0.00000000     0.00000000     0.00000000
   17.9915583436        0.00000000     0.00000000     0.00000000
   18.2178662371        0.00000000     0.00000000     0.00000000
   18.4470207334        0.00000000     0.00000000     0.00000000
   18.6790576384        0.00000000     0.00000000     0.00000000
   18.9140132084        0.00000000     0.00000000     0.00000000
   19.1519241557        0.00000000     0.00000000     0.00000000
   19.3928276543        0.00000000     0.00000000     0.00000000
   19.6367613458        0.00000000     0.00000000     0.00000000
   19.8837633455        0.00000000     0.00000000     0.00000000
   20.1338722479        0.00000000     0.00000000     0.00000000
   20.3871271330        0.00000000     0.00000000     0.00000000
   20.6435675723        0.00000000     0.00000000     0.00000000
   20.9032336354        0.00000000     0.00000000     0.00000000
   21.1661658954        0.00000000     0.00000000     0.00000000
   21.4324054361        0.00000000     0.00000000     0.00000000
   21.7019938579        0.00000000     0.00000000     0.00000000
   21.9749732847        0.00000000     0.00000000     0.00000000
   22.2513863699        0.00000000     0.00000000     0.00000000
   22.5312763038        0.00000000     0.00000000     0.00000000
   22.8146868196        0.00000000     0.00000000     0.00000000
   23.1016622008        0.00000000     0.00000000     0.00000000
   23.3922472880        0.00000000     0.00000000     0.00000000
   23.6864874856        0.00000000     0.00000000     0.00000000
   23.9844287693        0.00000000     0.00000000     0.00000000
   24.2861176930        0.00000000     0.00000000     0.00000000
   24.5916013962        0.00000000     0.00000000     0.00000000
   24.9009276113        0.00000000     0.00000000     0.00000000
   25.2141446713        0.00000000     0.00000000     0.00000000
   25.5313015169        0.00000000     0.00000000     0.00000000
   25.8524477044        0.00000000     0.00000000     0.00000000
   26.1776334138        0.00000000     0.00000000     0.00000000
   26.5069094558        0.00000000     0.00000000     0.00000000
   26.8403272805        0.00000000     0.00000000     0.00000000
   27.1779389853        0.00000000     0.00000000     0.00000000
   27.5197973224        0.00000000     0.00000000     0.00000000
   27.8659557081        0.00000000     0.00000000     0.00000000
   28.2164682303        0.00000000     0.00000000     0.00000000
   28.5713896573        0.00000000     0.00000000     0.00000000
   28.9307754462        0.00000000     0.00000000     0.00000000
   29.2946817519        0.00000000     0.00000000     0.00000000
   29.6631654354        0.00000000     0.00000000     0.00000000
   30.0362840730        0.00000000     0.00000000     0.00000000
   30.4140959654        0.00000000     0.00000000     0.00000000
   30.7966601463        0.00000000     0.00000000     0.00000000
   31.1840363923        0.00000000     0.00000000     0.00000000
   31.5762852315        0.00000000     0.00000000     0.00000000
   31.9734679538        0.00000000     0.00000000     0.00000000
   32.3756466198        0.00000000     0.00000000     0.00000000
   32.7828840705        0.00000000     0.00000000     0.00000000
   33.1952439379        0.00000000     0.00000000     0.00000000
   33.6127906538        0.00000000     0.00000000     0.00000000
   34.0355894609        0.00000000     0.00000000     0.00000000
   34.4637064222        0.00000000     0.00000000     0.00000000
   34.8972084321        0.00000000     0.00000000     0.00000000
   35.3361632259        0.00000000     0.00000000     0.00000000
   35.7806393913        0.00000000     0.00000000     0.00000000
   36.2307063787        0.00000000     0.00000000     0.00000000
   36.6864345118        0.00000000     0.00000000     0.00000000
   37.1478949992        0.00000000     0.00000000     0.00000000
   37.6151599450        0.00000000     0.00000000     0.00000000
   38.0883023602        0.00000000     0.00000000     0.00000000
   38.5673961744        0.00000000     0.00000000     0.00000000
   39.0525162469        0.00000000     0.00000000     0.00000000
   39.5437383788        0.00000000     0.00000000     0.00000000
   40.0411393244        0.00000000     0.00000000     0.00000000
   40.5447968037        0.00000000     0.00000000     0.00000000
   41.0547895142        0.00000000     0.00000000     0.00000000
   41.5711971433        0.00000000     0.00000000     0.00000000
   42.0941003807        0.00000000     0.00000000     0.00000000
   42.6235809312        0.00000000     0.00000000     0.00000000
   43.1597215271        0.00000000     0.00000000     0.00000000
   43.7026059415        0.00000000     0.00000000     0.00000000
   44.2523190012        0.00000000     0.00000000     0.00000000
   44.8089466000        0.00000000     0.00000000     0.00000000
   45.3725757121        0.00000000     0.00000000     0.00000000
   45.9432944056        0.00000000     0.00000000     0.00000000
   46.5211918566        0.00000000     0.00000000     0.00000000
   47.1063583626        0.00000000     0.00000000     0.00000000
   47.6988853572        0.00000000     0.00000000     0.00000000
   48.2988654239        0.00000000     0.00000000     0.00000000
   48.9063923108        0.00000000     0.00000000     0.00000000
   49.5215609452        0.00000000     0.00000000     0.00000000
   50.1444674485        0.00000000     0.00000000     0.00000000
   50.7752091510        0.00000000     0.00000000     0.00000000
   51.4138846074        0.00000000     0.00000000     0.00000000
   52.0605936121        0.00000000     0.00000000     0.00000000
   52.7154372147        0.00000000     0.00000000     0.00000000
   53.3785177359        0.00000000     0.00000000     0.00000000
   54.0499387832        0.00000000     0.00000000     0.00000000
   54.7298052676        0.00000000     0.00000000     0.00000000
   55.4182234197        0.00000000     0.00000000     0.00000000
   56.1153008061        0.00000000     0.00000000     0.00000000
   56.8211463467        0.00000000     0.00000000     0.00000000
   57.5358703312        0.00000000     0.00000000     0.00000000
   58.2595844367        0.00000000     0.00000000     0.00000000
   58.9924017450        0.00000000     0.00000000     0.00000000
   59.7344367603        0.00000000     0.00000000     0.00000000
   60.4858054270        0.00000000     0.00000000     0.00000000
   61.2466251482        0.00000000     0.00000000     0.00000000
   62.0170148033        0.00000000     0.00000000     0.00000000
   62.7970947674        0.00000000     0.00000000     0.00000000
   63.5869869295        0.00000000     0.00000000     0.00000000
   64.3868147119        0.00000000     0.00000000     0.00000000
   65.1967030893        0.00000000     0.00000000     0.00000000
   66.0167786084        0.00000000     0.00000000     0.00000000
   66.8471694076        0.00000000     0.00000000     0.00000000
   67.6880052373        0.00000000     0.00000000     0.00000000
   68.5394174798        0.00000000     0.00000000     0.00000000
   69.4015391698        0.00000000     0.00000000     0.00000000
   70.2745050158        0.00000000     0.00000000     0.00000000
   71.1584514204        0.00000000     0.00000000     0.00000000
   72.0535165020        0.00000000     0.00000000     0.00000000
   72.9598401163        0.00000000     0.00000000     0.00000000
   73.8775638783        0.00000000     0.00000000     0.00000000
   74.8068311841        0.00000000     0.00000000     0.00000000
   75.7477872338        0.00000000     0.00000000     0.00000000
   76.7005790535        0.00000000     0.00000000     0.00000000
   77.6653555189        0.00000000     0.00000000     0.00000000
   78.6422673784        0.00000000     0.00000000     0.00000000
   79.6314672763        0.00000000     0.00000000     0.00000000
   80.6331097773        0.00000000     0.00000000     0.00000000
   81.6473513898        0.00000000     0.00000000     0.00000000
   82.6743505914        0.00000000     0.00000000     0.00000000
   83.7142678526        0.00000000     0.00000000     0.00000000
   84.7672656628        0.00000000     0.00000000     0.00000000
   85.8335085548        0.00000000     0.00000000     0.00000000
   86.9131631314        0.00000000     0.00000000     0.00000000
   88.0063980908        0.00000000     0.00000000     0.00000000
   89.1133842531        0.00000000     0.00000000     0.00000000
   90.2342945872        0.00000000     0.00000000     0.00000000
   91.3693042377        0.00000000     0.00000000     0.00000000
   92.5185905520        0.00000000     0.00000000     0.00000000
   93.6823331086        0.00000000     0.00000000     0.00000000
   94.8607137445        0.00000000     0.00000000     0.00000000
   96.0539165841        0.00000000     0.00000000     0.00000000
   97.2621280678        0.00000000     0.00000000     0.00000000
   98.4855369811        0.00000000     0.00000000     0.00000000
   99.7243344842        0.00000000     0.00000000     0.00000000
  100.9787141416        0.00000000     0.00000000     0.00000000
  102.2488719527        0.00000000     0.00000000     0.00000000
  103.5350063824        0.00000000     0.00000000     0.00000000
  104.8373183916        0.00000000     0.00000000     0.00000000
  106.1560114693        0.00000000     0.00000000     0.00000000
  107.4912916640        0.00000000     0.00000000     0.00000000
  108.8433676159        0.00000000     0.00000000     0.00000000
  110.2124505897        0.00000000     0.00000000     0.00000000
  111.5987545072        0.00000000     0.00000000     0.00000000
  113.0024959815        0.00000000     0.00000000     0.00000000
  114.4238943498        0.00000000     0.00000000     0.00000000
  115.8631717087        0.00000000     0.00000000     0.00000000
  117.3205529481        0.00000000     0.00000000     0.00000000
  118.7962657867        0.00000000     0.00000000     0.00000000
