    -2.000000       1.426665       0.000000
    -1.920000       1.398643       0.000000
    -1.840000       1.370109       0.000000
    -1.760000       1.341036       0.000000
    -1.680000       1.311398       0.000000
    -1.600000       1.281167       0.000000
    -1.520000       1.250310       0.000000
    -1.440000       1.218795       0.000000
    -1.360000       1.186585       0.000000
    -1.280000       1.153641       0.000000
    -1.200000       1.119919       0.000000
    -1.120000       1.085374       0.000000
    -1.040000       1.049956       0.000000
    -0.960000       1.013608       0.000000
    -0.880000       0.976272       0.000000
    -0.800000       0.937880       0.000000
    -0.720000       0.898362       0.000000
    -0.640000       0.857636       0.000000
    -0.560000       0.815616       0.000000
    -0.480000       0.772203       0.000000
    -0.400000       0.727290       0.000000
    -0.320000       0.680756       0.000000
    -0.240000       0.632469       0.000000
    -0.160000       0.582276       0.000000
    -0.080000       0.530010       0.000000
     0.000000       0.475480       0.000000
     0.080000       0.418471       0.000000
     0.160000       0.358737       0.000000
     0.240000       0.295997       0.000000
     0.320000       0.229932       0.000000
     0.400000       0.160168       0.000000
     0.480000       0.086280       0.000000
     0.560000       0.007760       0.000000
     0.640000      -0.075974       0.000000
     0.720000      -0.165622       0.000000
     0.800000      -0.262014       0.000000
     0.880000      -0.366138       0.000000
     0.960000      -0.479207       0.000000
     1.040000      -0.602686       0.000000
     1.120000      -0.738400       0.000000
     1.200000      -0.888626       0.000000
     1.280000      -1.056254       0.000000
     1.360000      -1.245006       0.000000
     1.440000      -1.459752       0.000000
     1.520000      -1.707005       0.000000
     1.600000      -1.995658       0.000000
     1.680000      -2.338214       0.000000
     1.760000      -2.752778       0.000000
     1.840000      -3.266634       0.000000
     1.920000      -3.922894       0.000000
     2.000000      -4.793902       0.000000
