    -2.000000       1.932084       0.000000
    -1.920000       1.912532       0.000000
    -1.840000       1.892815       0.000000
    -1.760000       1.872929       0.000000
    -1.680000       1.852870       0.000000
    -1.600000       1.832634       0.000000
    -1.520000       1.812216       0.000000
    -1.440000       1.791613       0.000000
    -1.360000       1.770821       0.000000
    -1.280000       1.749834       0.000000
    -1.200000       1.728648       0.000000
    -1.120000       1.707258       0.000000
    -1.040000       1.685658       0.000000
    -0.960000       1.663844       0.000000
    -0.880000       1.641810       0.000000
    -0.800000       1.619550       0.000000
    -0.720000       1.597058       0.000000
    -0.640000       1.574329       0.000000
    -0.560000       1.551354       0.000000
    -0.480000       1.528129       0.000000
    -0.400000       1.504646       0.000000
    -0.320000       1.480897       0.000000
    -0.240000       1.456875       0.000000
    -0.160000       1.432572       0.000000
    -0.080000       1.407980       0.000000
     0.000000       1.383090       0.000000
     0.080000       1.357893       0.000000
     0.160000       1.332380       0.000000
     0.240000       1.306540       0.000000
     0.320000       1.280365       0.000000
     0.400000       1.253842       0.000000
     0.480000       1.226960       0.000000
     0.560000       1.199708       0.000000
     0.640000       1.172074       0.000000
     0.720000       1.144043       0.000000
     0.800000       1.115603       0.000000
     0.880000       1.086739       0.000000
     0.960000       1.057436       0.000000
     1.040000       1.027678       0.000000
     1.120000       0.997448       0.000000
     1.200000       0.966729       0.000000
     1.280000       0.935502       0.000000
     1.360000       0.903747       0.000000
     1.440000       0.871443       0.000000
     1.520000       0.838569       0.000000
     1.600000       0.805102       0.000000
     1.680000       0.771015       0.000000
     1.760000       0.736284       0.000000
     1.840000       0.700881       0.000000
     1.920000       0.664776       0.000000
     2.000000       0.627937       0.000000
