    -3.266867       1.166800      -1.266867
    -3.186867       1.128247      -1.266867
    -3.106867       1.088453      -1.266867
    -3.026867       1.047323      -1.266867
    -2.946867       1.004751      -1.266867
    -2.866867       0.960617      -1.266867
    -2.786867       0.914789      -1.266867
    -2.706867       0.867119      -1.266867
    -2.626867       0.817437      -1.266867
    -2.546867       0.765554      -1.266867
    -2.466867       0.711254      -1.266867
    -2.386867       0.654290      -1.266867
    -2.306867       0.594380      -1.266867
    -2.226867       0.531198      -1.266867
    -2.146867       0.464366      -1.266867
    -2.066867       0.393446      -1.266867
    -1.986867       0.317921      -1.266867
    -1.906867       0.237185      -1.266867
    -1.826867       0.150514      -1.266867
    -1.746867       0.057042      -1.266867
    -1.666867      -0.044277      -1.266867
    -1.586867      -0.154723      -1.266867
    -1.506867      -0.275871      -1.266867
    -1.426867      -0.409688      -1.266867
    -1.346867      -0.558660      -1.266867
    -1.266867      -0.725981      -1.266867
    -1.186867      -0.915815      -1.266867
    -1.106867      -1.133704      -1.266867
    -1.026867      -1.387183      -1.266867
    -0.946867      -1.686773      -1.266867
    -0.866867      -2.047615      -1.266867
    -0.786867      -2.492323      -1.266867
    -0.706867      -3.056251      -1.266867
    -0.626867      -3.797921      -1.266867
    -0.546867      -4.821744      -1.266867
    -0.466867      -6.333961      -1.266867
    -0.386867      -8.806786      -1.266867
    -0.306867     -13.611407      -1.266867
    -0.226867     -27.098812      -1.266867
    -0.146867    -306.310352      -1.266867
    -0.066867      35.817764      -1.266867
     0.013133      17.531797      -1.266867
     0.093133      11.845643      -1.266867
     0.173133       9.063591      -1.266867
     0.253133       7.406955      -1.266867
     0.333133       6.303223      -1.266867
     0.413133       5.511835      -1.266867
     0.493133       4.914041      -1.266867
     0.573133       4.444473      -1.266867
     0.653133       4.064169      -1.266867
     0.733133       3.748470      -1.266867
