    -2.513154       1.148575      -0.513154
    -2.433154       1.112452      -0.513154
    -2.353154       1.075330      -0.513154
    -2.273154       1.037143      -0.513154
    -2.193154       0.997815      -0.513154
    -2.113154       0.957267      -0.513154
    -2.033154       0.915408      -0.513154
    -1.953154       0.872139      -0.513154
    -1.873154       0.827350      -0.513154
    -1.793154       0.780917      -0.513154
    -1.713154       0.732703      -0.513154
    -1.633154       0.682554      -0.513154
    -1.553154       0.630298      -0.513154
    -1.473154       0.575739      -0.513154
    -1.393154       0.518655      -0.513154
    -1.313154       0.458794      -0.513154
    -1.233154       0.395868      -0.513154
    -1.153154       0.329546      -0.513154
    -1.073154       0.259446      -0.513154
    -0.993154       0.185123      -0.513154
    -0.913154       0.106060      -0.513154
    -0.833154       0.021647      -0.513154
    -0.753154      -0.068837      -0.513154
    -0.673154      -0.166253      -0.513154
    -0.593154      -0.271635      -0.513154
    -0.513154      -0.386237      -0.513154
    -0.433154      -0.511598      -0.513154
    -0.353154      -0.649624      -0.513154
    -0.273154      -0.802706      -0.513154
    -0.193154      -0.973884      -0.513154
    -0.113154      -1.167088      -0.513154
    -0.033154      -1.387482      -0.513154
     0.046846      -1.641996      -0.513154
     0.126846      -1.940153      -0.513154
     0.206846      -2.295400      -0.513154
     0.286846      -2.727374      -0.513154
     0.366846      -3.265919      -0.513154
     0.446846      -3.958702      -0.513154
     0.526846      -4.886885      -0.513154
     0.606846      -6.200796      -0.513154
     0.686846      -8.213550      -0.513154
     0.766846     -11.703172      -0.513154
     0.846846     -19.285457      -0.513154
     0.926846     -48.662166      -0.513154
     1.006846     113.545841      -0.513154
     1.086846      27.388876      -0.513154
     1.166846      15.920699      -0.513154
     1.246846      11.373783      -0.513154
     1.326846       8.926306      -0.513154
     1.406846       7.391187      -0.513154
     1.486846       6.334260      -0.513154
