  0.0000     -4.76774    -1510760.132    
  0.0100     -4.76895    -1194.276725    
  0.0201     -4.77196    -595.9517830    
  0.0301     -4.77694    -398.4677117    
  0.0402     -4.78403    -298.5214910    
  0.0504     -4.79333    -238.1892956    
  0.0600     -4.80421    -199.8510141    
  0.0707     -4.81853    -169.8108651    
  0.0801     -4.83337    -149.8189690    
  0.0908     -4.85269    -132.1847341    
  0.1003     -4.87228    -119.5862730    
  0.1109     -4.89654    -108.1902392    
  0.1211     -4.92248    -99.11434036    
  0.1305     -4.94895    -91.94418268    
  0.1407     -4.98005    -85.29330102    
  0.1517     -5.01658    -79.12400892    
  0.1615     -5.05185    -74.32552757    
  0.1719     -5.09214    -69.81831250    
  0.1807     -5.12844    -66.41031382    
  0.1924     -5.17952    -62.38347578    
  0.2022     -5.22546    -59.33866700    
  0.2126     -5.27637    -56.44257727    
  0.2207     -5.31811    -54.36371733    
  0.2321     -5.37888    -51.71059753    
  0.2409     -5.42859    -49.80613509    
  0.2501     -5.48207    -47.97185597    
  0.2630     -5.55966    -45.63086268    
  0.2730     -5.62285    -43.95043926    
  0.2835     -5.69060    -42.33193370    
  0.2907     -5.73841    -41.28619744    
  0.3018     -5.81425    -39.76585479    
  0.3133     -5.89526    -38.30152562    
  0.3212     -5.95225    -37.35540153    
  0.3335     -6.04236    -35.97987558    
  0.3420     -6.10560    -35.09112683    
  0.3506     -6.17146    -34.22434101    
  0.3640     -6.27523    -32.96415814    
  0.3733     -6.34782    -32.14993236    
  0.3827     -6.42319    -31.35582637    
  0.3924     -6.50135    -30.58134261    
  0.4023     -6.58236    -29.82599583    
  0.4125     -6.66621    -29.08931281    
  0.4230     -6.75293    -28.37083206    
  0.4337     -6.84251    -27.67010349    
  0.4447     -6.93493    -26.98668818    
  0.4503     -6.98219    -26.65133881    
  0.4617     -7.07881    -25.99309409    
  0.4734     -7.17814    -25.35111227    
  0.4853     -7.28010    -24.72499128    
  0.4914     -7.33203    -24.41775569    
  0.5039     -7.43771    -23.81469379    
  0.5102     -7.49141    -23.51877309    
  0.5232     -7.60041    -22.93792056    
  0.5364     -7.71134    -22.37141771    
  0.5431     -7.76744    -22.09343623    
  0.5569     -7.88070    -21.54779560    
  0.5639     -7.93777    -21.28005105    
  0.5710     -7.99506    -21.01563429    
  0.5855     -8.11007    -20.49661912    
  0.5928     -8.16766    -20.24193950    
  0.6003     -8.22523    -19.99042519    
  0.6155     -8.34000    -19.49673560    
  0.6232     -8.39705    -19.25448306    
  0.6311     -8.45377    -19.01524131    
  0.6471     -8.56591    -18.54564092    
  0.6552     -8.62118    -18.31520880    
  0.6634     -8.67581    -18.08764049    
  0.6718     -8.72975    -17.86290040    
  0.6802     -8.78289    -17.64095335    
  0.6975     -8.88661    -17.20529991    
  0.7062     -8.93656    -16.99152536    
  0.7151     -8.98548    -16.78040751    
  0.7241     -9.03359    -16.57191335    
  0.7332     -9.08079    -16.36601024    
  0.7425     -9.12710    -16.16266597    
  0.7518     -9.17253    -15.96184874    
  0.7613     -9.21709    -15.76352711    
  0.7708     -9.26084    -15.56767008    
  0.7805     -9.30380    -15.37424699    
  0.7903     -9.34606    -15.18322759    
  0.8003     -9.38769    -14.99458200    
  0.8104     -9.42878    -14.80828070    
  0.8206     -9.46940    -14.62429455    
  0.8309     -9.50966    -14.44259478    
  0.8413     -9.54961    -14.26315295    
  0.8519     -9.58927    -14.08594099    
  0.8626     -9.62861    -13.91093120    
  0.8735     -9.66749    -13.73809619    
  0.8845     -9.70568    -13.56740893    
  0.8956     -9.74278    -13.39884271    
  0.9069     -9.77827    -13.23237118    
  0.9183     -9.81146    -13.06796829    
  0.9298     -9.84153    -12.90560834    
  0.9415     -9.86757    -12.74526592    
  0.9534     -9.88868    -12.58691595    
  0.9654     -9.90403    -12.43053368    
  0.9775     -9.91298    -12.27609464    
  0.9898     -9.91514    -12.12357467    
  1.0023     -9.91044    -11.97294993    
  1.0149     -9.89911    -11.82419685    
  1.0276     -9.88170    -11.67729218    
  1.0406     -9.85897    -11.53221293    
  1.0537     -9.83179    -11.38893642    
  1.0669     -9.80101    -11.24744023    
  1.0803     -9.76741    -11.10770225    
  1.0939     -9.73158    -10.96970062    
  1.1077     -9.69391    -10.83341375    
  1.1216     -9.65458    -10.69882033    
  1.1357     -9.61361    -10.56589932    
  1.1500     -9.57087    -10.43462993    
  1.1645     -9.52616    -10.30499163    
  1.1791     -9.47923    -10.17696415    
  1.1940     -9.42982    -10.05052747    
  1.2090     -9.37769    -9.925661813    
  1.2242     -9.32264    -9.802347658    
  1.2396     -9.26450    -9.680565722    
  1.2552     -9.20314    -9.560296961    
  1.2710     -9.13850    -9.441522569    
  1.2870     -9.07054    -9.324223974    
  1.3032     -8.99926    -9.208382833    
  1.3196     -8.92471    -9.093981035    
  1.3362     -8.84697    -8.981000690    
  1.3530     -8.76615    -8.869424133    
  1.3700     -8.68239    -8.759233918    
  1.3872     -8.59587    -8.650412815    
  1.4047     -8.50680    -8.542943810    
  1.4223     -8.41543    -8.436810098    
  1.4402     -8.32201    -8.331995087    
  1.4583     -8.22686    -8.228482386    
  1.4767     -8.13033    -8.126255813    
  1.4953     -8.03280    -8.025299383    
  1.5141     -7.93465    -7.925597312    
  1.5331     -7.83631    -7.827134013    
  1.5524     -7.73816    -7.729894090    
  1.5719     -7.64057    -7.633862340    
  1.5917     -7.54392    -7.539023749    
  1.6117     -7.44851    -7.445363490    
  1.6320     -7.35458    -7.352866920    
  1.6525     -7.26227    -7.261519577    
  1.6733     -7.17157    -7.171307181    
  1.6944     -7.08237    -7.082215627    
  1.7157     -6.99435    -6.994230988    
  1.7373     -6.90743    -6.907339507    
  1.7591     -6.82160    -6.821527601    
  1.7813     -6.73683    -6.736781854    
  1.8037     -6.65313    -6.653089018    
  1.8264     -6.57047    -6.570436009    
  1.8493     -6.48883    -6.488809904    
  1.8726     -6.40822    -6.408197945    
  1.8962     -6.32860    -6.328587527    
  1.9200     -6.24998    -6.249966207    
  1.9442     -6.17233    -6.172321693    
  1.9686     -6.09565    -6.095641848    
  1.9934     -6.01992    -6.019914684    
  2.0185     -5.94513    -5.945128363    
  2.0439     -5.87127    -5.871271195    
  2.0696     -5.79833    -5.798331633    
  2.0956     -5.72630    -5.726298276    
  2.1220     -5.65516    -5.655159863    
  2.1486     -5.58491    -5.584905273    
  2.1757     -5.51552    -5.515523526    
  2.2030     -5.44700    -5.447003774    
  2.2308     -5.37934    -5.379335307    
  2.2588     -5.31251    -5.312507548    
  2.2872     -5.24651    -5.246510049    
  2.3160     -5.18133    -5.181332495    
  2.3451     -5.11696    -5.116964697    
  2.3746     -5.05340    -5.053396594    
  2.4045     -4.99062    -4.990618249    
  2.4348     -4.92862    -4.928619849    
  2.4654     -4.86739    -4.867391702    
  2.4964     -4.80692    -4.806924239    
  2.5278     -4.74721    -4.747208008    
  2.5596     -4.68823    -4.688233674    
  2.5918     -4.62999    -4.629992018    
  2.6244     -4.57247    -4.572473939    
  2.6574     -4.51567    -4.515670444    
  2.6908     -4.45957    -4.459572655    
  2.7247     -4.40417    -4.404171804    
  2.7590     -4.34946    -4.349459231    
  2.7937     -4.29543    -4.295426385    
  2.8288     -4.24206    -4.242064819    
  2.8644     -4.18937    -4.189366193    
  2.9004     -4.13732    -4.137322271    
  2.9369     -4.08592    -4.085924917    
  2.9739     -4.03517    -4.035166099    
  3.0113     -3.98504    -3.985037881    
  3.0491     -3.93553    -3.935532431    
  3.0875     -3.88664    -3.886642009    
  3.1263     -3.83836    -3.838358974    
  3.1657     -3.79068    -3.790675779    
  3.2055     -3.74358    -3.743584973    
  3.2458     -3.69708    -3.697079194    
  3.2866     -3.65115    -3.651151174    
  3.3280     -3.60579    -3.605793734    
  3.3698     -3.56100    -3.560999786    
  3.4122     -3.51676    -3.516762327    
  3.4552     -3.47307    -3.473074445    
  3.4986     -3.42993    -3.429929311    
  3.5426     -3.38732    -3.387320182    
  3.5872     -3.34524    -3.345240397    
  3.6323     -3.30368    -3.303683382    
  3.6780     -3.26264    -3.262642639    
  3.7243     -3.22211    -3.222111755    
  3.7711     -3.18208    -3.182084396    
  3.8185     -3.14255    -3.142554305    
  3.8666     -3.10352    -3.103515304    
  3.9152     -3.06496    -3.064961292    
  3.9645     -3.02689    -3.026886244    
  4.0143     -2.98928    -2.989284208    
  4.0648     -2.95215    -2.952149308    
  4.1160     -2.91548    -2.915475740    
  4.1677     -2.87926    -2.879257772    
  4.2202     -2.84349    -2.843489745    
  4.2733     -2.80817    -2.808166068    
  4.3270     -2.77328    -2.773281219    
  4.3814     -2.73883    -2.738829749    
  4.4365     -2.70481    -2.704806271    
  4.4924     -2.67121    -2.671205469    
  4.5489     -2.63802    -2.638022092    
  4.6061     -2.60525    -2.605250953    
  4.6640     -2.57289    -2.572886931    
  4.7227     -2.54092    -2.540924968    
  4.7821     -2.50936    -2.509360068    
  4.8422     -2.47819    -2.478187300    
  4.9032     -2.44740    -2.447401790    
  4.9648     -2.41700    -2.416998728    
  5.0273     -2.38697    -2.386973362    
  5.0905     -2.35732    -2.357321001    
  5.1546     -2.32804    -2.328037009    
  5.2194     -2.29912    -2.299116810    
  5.2850     -2.27056    -2.270555885    
  5.3515     -2.24235    -2.242349770    
  5.4188     -2.21449    -2.214494058    
  5.4870     -2.18698    -2.186984394    
  5.5560     -2.15982    -2.159816480    
  5.6259     -2.13299    -2.132986070    
  5.6967     -2.10649    -2.106488971    
  5.7683     -2.08032    -2.080321042    
  5.8409     -2.05448    -2.054478194    
  5.9144     -2.02896    -2.028956387    
  5.9888     -2.00375    -2.003751634    
  6.0641     -1.97886    -1.978859996    
  6.1404     -1.95428    -1.954277582    
  6.2176     -1.93000    -1.930000551    
  6.2958     -1.90603    -1.906025109    
  6.3750     -1.88235    -1.882347509    
  6.4552     -1.85896    -1.858964052    
  6.5364     -1.83587    -1.835871082    
  6.6186     -1.81306    -1.813064992    
  6.7019     -1.79054    -1.790542216    
  6.7862     -1.76830    -1.768299236    
  6.8715     -1.74633    -1.746332574    
  6.9580     -1.72464    -1.724638800    
  7.0455     -1.70321    -1.703214522    
  7.1341     -1.68206    -1.682056391    
  7.2239     -1.66116    -1.661161103    
  7.3147     -1.64053    -1.640525392    
  7.4067     -1.62015    -1.620146032    
  7.4999     -1.60002    -1.600019839    
  7.5942     -1.58014    -1.580143668    
  7.6898     -1.56051    -1.560514412    
  7.7865     -1.54113    -1.541129005    
  7.8844     -1.52198    -1.521984417    
  7.9836     -1.50308    -1.503077656    
  8.0840     -1.48441    -1.484405768    
  8.1857     -1.46597    -1.465965834    
  8.2887     -1.44775    -1.447754974    
  8.3930     -1.42977    -1.429770341    
  8.4985     -1.41201    -1.412009124    
  8.6054     -1.39447    -1.394468550    
  8.7137     -1.37715    -1.377145875    
  8.8233     -1.36004    -1.360038394    
  8.9343     -1.34314    -1.343143433    
  9.0466     -1.32646    -1.326458351    
  9.1604     -1.30998    -1.309980542    
  9.2757     -1.29371    -1.293707431    
  9.3923     -1.27764    -1.277636474    
  9.5105     -1.26177    -1.261765160    
  9.6301     -1.24609    -1.246091010    
  9.7512     -1.23061    -1.230611573    
  9.8739     -1.21532    -1.215324430    
  9.9981     -1.20023    -1.200227194    
 10.1239     -1.18532    -1.185317504    
 10.2512     -1.17059    -1.170593031    
 10.3802     -1.15605    -1.156051474    
 10.5107     -1.14169    -1.141690560    
 10.6429     -1.12751    -1.127508046    
 10.7768     -1.11350    -1.113501714    
 10.9124     -1.09967    -1.099669378    
 11.0496     -1.08601    -1.086008874    
 11.1886     -1.07252    -1.072518068    
 11.3294     -1.05919    -1.059194852    
 11.4719     -1.04604    -1.046037145    
 11.6162     -1.03304    -1.033042890    
 11.7623     -1.02021    -1.020210056    
 11.9102     -1.00754    -1.007536638    
 12.0601     -0.99502   -0.9950206561    
 12.2117     -0.98266   -0.9826601542    
 12.3654     -0.97045   -0.9704532007    
 12.5209     -0.95840   -0.9583978883    
 12.6784     -0.94649   -0.9464923331    
 12.8379     -0.93473   -0.9347346746    
 12.9994     -0.92312   -0.9231230756    
 13.1629     -0.91166   -0.9116557216    
 13.3284     -0.90033   -0.9003308207    
 13.4961     -0.88915   -0.8891466033    
 13.6658     -0.87810   -0.8781013216    
 13.8377     -0.86719   -0.8671932496    
 14.0118     -0.85642   -0.8564206830    
 14.1881     -0.84578   -0.8457819382    
 14.3665     -0.83528   -0.8352753529    
 14.5472     -0.82490   -0.8248992854    
 14.7302     -0.81465   -0.8146521141    
 14.9155     -0.80453   -0.8045322379    
 15.1031     -0.79454   -0.7945380754    
 15.2931     -0.78467   -0.7846680649    
 15.4855     -0.77492   -0.7749206642    
 15.6802     -0.76529   -0.7652943500    
 15.8775     -0.75579   -0.7557876181    
 16.0772     -0.74640   -0.7463989831    
 16.2794     -0.73713   -0.7371269778    
 16.4842     -0.72797   -0.7279701533    
 16.6915     -0.71893   -0.7189270789    
 16.9015     -0.71000   -0.7099963415    
 17.1141     -0.70118   -0.7011765454    
 17.3294     -0.69247   -0.6924663126    
 17.5473     -0.68386   -0.6838642820    
 17.7681     -0.67537   -0.6753691094    
 17.9916     -0.66698   -0.6669794673    
 18.2179     -0.65869   -0.6586940448    
 18.4470     -0.65051   -0.6505115473    
 18.6791     -0.64243   -0.6424306960    
 18.9140     -0.63445   -0.6344502284    
 19.1519     -0.62657   -0.6265688973    
 19.3928     -0.61879   -0.6187854713    
 19.6368     -0.61110   -0.6110987341    
 19.8838     -0.60351   -0.6035074845    
 20.1339     -0.59601   -0.5960105365    
 20.3871     -0.58861   -0.5886067184    
 20.6436     -0.58129   -0.5812948735    
 20.9032     -0.57407   -0.5740738591    
 21.1662     -0.56694   -0.5669425469    
 21.4324     -0.55990   -0.5598998225    
 21.7020     -0.55294   -0.5529445856    
 21.9750     -0.54608   -0.5460757492    
 22.2514     -0.53929   -0.5392922401    
 22.5313     -0.53259   -0.5325929982    
 22.8147     -0.52598   -0.5259769768    
 23.1017     -0.51944   -0.5194431420    
 23.3922     -0.51299   -0.5129904730    
 23.6865     -0.50662   -0.5066179613    
 23.9844     -0.50032   -0.5003246112    
 24.2861     -0.49411   -0.4941094395    
 24.5916     -0.48797   -0.4879714748    
 24.9009     -0.48191   -0.4819097580    
 25.2141     -0.47592   -0.4759233421    
 25.5313     -0.47001   -0.4700112915    
 25.8524     -0.46417   -0.4641726825    
 26.1776     -0.45841   -0.4584066027    
 26.5069     -0.45271   -0.4527121511    
