  0.2500     3.349618
  0.5000     2.602852
  0.7500     1.772226
  1.0000     1.087335
  1.2500     0.607057
  1.5000     0.301889
  1.7500     0.121496
  2.0000     0.022200
  2.2500    -0.027366
  2.5000    -0.047898
  2.7500    -0.052390
  3.0000    -0.048701
  3.2500    -0.041416
  3.5000    -0.033103
  3.7500    -0.025115
  4.0000    -0.018098
  4.2500    -0.012287
  4.5000    -0.007698
  4.7500    -0.004226
  5.0000    -0.001718
  5.2500    -0.000004
  5.5000     0.001082
  5.7500     0.001688
  6.0000     0.001942
  6.2500     0.001950
  6.5000     0.001799
  6.7500     0.001554
  7.0000     0.001267
  7.2500     0.000973
  7.5000     0.000697
  7.7500     0.000455
  8.0000     0.000253
  8.2500     0.000095
  8.5000    -0.000021
  8.7500    -0.000098
  9.0000    -0.000143
  9.2500    -0.000162
  9.5000    -0.000161
  9.7500    -0.000146
 10.0000    -0.000123
 10.2500    -0.000095
 10.5000    -0.000068
 10.7500    -0.000042
 11.0000    -0.000020
 11.2500    -0.000003
 11.5000     0.000010
 11.7500     0.000017
 12.0000     0.000021
