  0.2500     0.545629
  0.5000     0.722646
  0.7500    -0.136969
  1.0000    -0.167477
  1.2500     0.085754
  1.5000     0.054148
  1.7500    -0.053784
  2.0000    -0.019161
  2.2500     0.037144
  2.5000     0.003533
  2.7500    -0.025810
  3.0000     0.003930
  3.2500     0.017488
  3.5000    -0.007307
  3.7500    -0.011232
  4.0000     0.008422
  4.2500     0.006596
  4.5000    -0.008365
  4.7500    -0.003116
  5.0000     0.007621
  5.2500     0.000517
  5.5000    -0.006424
  5.7500     0.001280
  6.0000     0.005050
  6.2500    -0.002433
  6.5000    -0.003649
  6.7500     0.003065
  7.0000     0.002327
  7.2500    -0.003300
  7.5000    -0.001120
  7.7500     0.003188
  8.0000     0.000115
  8.2500    -0.002844
  8.5000     0.000677
  8.7500     0.002341
  9.0000    -0.001244
  9.2500    -0.001757
  9.5000     0.001608
  9.7500     0.001133
 10.0000    -0.001762
 10.2500    -0.000538
 10.5000     0.001747
 10.7500     0.000003
 11.0000    -0.001591
 11.2500     0.000437
 11.5000     0.001338
 11.7500    -0.000777
 12.0000    -0.001009
