  0.0000     0.00000070    1.4953
  0.0100     0.00361233    1.4953
  0.0201     0.00724134    1.4953
  0.0301     0.01083584    1.4953
  0.0402     0.01447434    1.4953
  0.0504     0.01815796    1.4953
  0.0600     0.02166519    1.4953
  0.0707     0.02553449    1.4953
  0.0801     0.02898440    1.4953
  0.0908     0.03291312    1.4953
  0.1003     0.03644924    1.4953
  0.1109     0.04038146    1.4953
  0.1211     0.04418633    1.4953
  0.1305     0.04774874    1.4953
  0.1407     0.05161828    1.4953
  0.1517     0.05582644    1.4953
  0.1615     0.05961767    1.4953
  0.1719     0.06369243    1.4953
  0.1807     0.06717406    1.4953
  0.1924     0.07182817    1.4953
  0.2022     0.07581375    1.4953
  0.2126     0.08005296    1.4953
  0.2207     0.08341144    1.4953
  0.2321     0.08814686    1.4953
  0.2409     0.09190554    1.4953
  0.2501     0.09585492    1.4953
  0.2630     0.10144014    1.4953
  0.2730     0.10588731    1.4953
  0.2835     0.11057357    1.4953
  0.2907     0.11383917    1.4953
  0.3018     0.11896378    1.4953
  0.3133     0.12437822    1.4953
  0.3212     0.12815990    1.4953
  0.3335     0.13410854    1.4953
  0.3420     0.13826978    1.4953
  0.3506     0.14259719    1.4953
  0.3640     0.14941975    1.4953
  0.3733     0.15420331    1.4953
  0.3827     0.15918725    1.4953
  0.3924     0.16438282    1.4953
  0.4023     0.16980200    1.4953
  0.4125     0.17545753    1.4953
  0.4230     0.18136296    1.4953
  0.4337     0.18753271    1.4953
  0.4447     0.19398207    1.4953
  0.4503     0.19731663    1.4953
  0.4617     0.20421611    1.4953
  0.4734     0.21143752    1.4953
  0.4853     0.21899950    1.4953
  0.4914     0.22291429    1.4953
  0.5039     0.23102423    1.4953
  0.5102     0.23522465    1.4953
  0.5232     0.24393000    1.4953
  0.5364     0.25306021    1.4953
  0.5431     0.25779190    1.4953
  0.5569     0.26760341    1.4953
  0.5639     0.27268933    1.4953
  0.5710     0.27789948    1.4953
  0.5855     0.28870501    1.4953
  0.5928     0.29430671    1.4953
  0.6003     0.30004522    1.4953
  0.6155     0.31194531    1.4953
  0.6232     0.31811311    1.4953
  0.6311     0.32443014    1.4953
  0.6471     0.33752375    1.4953
  0.6552     0.34430602    1.4953
  0.6634     0.35124886    1.4953
  0.6718     0.35835481    1.4953
  0.6802     0.36562621    1.4953
  0.6975     0.38067372    1.4953
  0.7062     0.38845341    1.4953
  0.7151     0.39640565    1.4953
  0.7241     0.40453146    1.4953
  0.7332     0.41283149    1.4953
  0.7425     0.42130599    1.4953
  0.7518     0.42995475    1.4953
  0.7613     0.43877704    1.4953
  0.7708     0.44777160    1.4953
  0.7805     0.45693654    1.4953
  0.7903     0.46626933    1.4953
  0.8003     0.47576674    1.4953
  0.8104     0.48542475    1.4953
  0.8206     0.49523853    1.4953
  0.8309     0.50520239    1.4953
  0.8413     0.51530968    1.4953
  0.8519     0.52555278    1.4953
  0.8626     0.53592303    1.4953
  0.8735     0.54641067    1.4953
  0.8845     0.55700482    1.4953
  0.8956     0.56769341    1.4953
  0.9069     0.57846317    1.4953
  0.9183     0.58929957    1.4953
  0.9298     0.60018686    1.4953
  0.9415     0.61110798    1.4953
  0.9534     0.62204463    1.4953
  0.9654     0.63297725    1.4953
  0.9775     0.64388507    1.4953
  0.9898     0.65474614    1.4953
  1.0023     0.66553741    1.4953
  1.0149     0.67623480    1.4953
  1.0276     0.68681331    1.4953
  1.0406     0.69724712    1.4953
  1.0537     0.70750976    1.4953
  1.0669     0.71757427    1.4953
  1.0803     0.72741334    1.4953
  1.0939     0.73699956    1.4953
  1.1077     0.74630563    1.4953
  1.1216     0.75530454    1.4953
  1.1357     0.76396988    1.4953
  1.1500     0.77227602    1.4953
  1.1645     0.78019844    1.4953
  1.1791     0.78771388    1.4953
  1.1940     0.79480069    1.4953
  1.2090     0.80143894    1.4953
  1.2242     0.80761072    1.4953
  1.2396     0.81330025    1.4953
  1.2552     0.81849404    1.4953
  1.2710     0.82318098    1.4953
  1.2870     0.82735238    1.4953
  1.3032     0.83100195    1.4953
  1.3196     0.83412574    1.4953
  1.3362     0.83672200    1.4953
  1.3530     0.83879098    1.4953
  1.3700     0.84033470    1.4953
  1.3872     0.84135660    1.4953
  1.4047     0.84186125    1.4953
  1.4223     0.84185397    1.4953
  1.4402     0.84134053    1.4953
  1.4583     0.84032678    1.4953
  1.4767     0.83881857    1.4953
  1.4953     0.83682163    1.4953
  1.5141     0.83434196    1.4953
  1.5331     0.83138573    1.4953
  1.5524     0.82796005    1.4953
  1.5719     0.82407255    1.4953
  1.5917     0.81973147    1.4953
  1.6117     0.81494561    1.4953
  1.6320     0.80972435    1.4953
  1.6525     0.80407759    1.4953
  1.6733     0.79801576    1.4953
  1.6944     0.79154977    1.4953
  1.7157     0.78469103    1.4953
  1.7373     0.77745135    1.4953
  1.7591     0.76984297    1.4953
  1.7813     0.76187854    1.4953
  1.8037     0.75357104    1.4953
  1.8264     0.74493379    1.4953
  1.8493     0.73598041    1.4953
  1.8726     0.72672481    1.4953
  1.8962     0.71718112    1.4953
  1.9200     0.70736371    1.4953
  1.9442     0.69728711    1.4953
  1.9686     0.68696601    1.4953
  1.9934     0.67641526    1.4953
  2.0185     0.66564976    1.4953
  2.0439     0.65468452    1.4953
  2.0696     0.64353457    1.4953
  2.0956     0.63221496    1.4953
  2.1220     0.62074073    1.4953
  2.1486     0.60912687    1.4953
  2.1757     0.59738833    1.4953
  2.2030     0.58553994    1.4953
  2.2308     0.57359644    1.4953
  2.2588     0.56157241    1.4953
  2.2872     0.54948228    1.4953
  2.3160     0.53734029    1.4953
  2.3451     0.52516048    1.4953
  2.3746     0.51295667    1.4953
  2.4045     0.50074240    1.4953
  2.4348     0.48853098    1.4953
  2.4654     0.47633542    1.4953
  2.4964     0.46416842    1.4953
  2.5278     0.45204237    1.4953
  2.5596     0.43996932    1.4953
  2.5918     0.42796098    1.4953
  2.6244     0.41602867    1.4953
  2.6574     0.40418336    1.4953
  2.6908     0.39243561    1.4953
  2.7247     0.38079558    1.4953
  2.7590     0.36927302    1.4953
  2.7937     0.35787724    1.4953
  2.8288     0.34661716    1.4953
  2.8644     0.33550120    1.4953
  2.9004     0.32453737    1.4953
  2.9369     0.31373322    1.4953
  2.9739     0.30309585    1.4953
  3.0113     0.29263186    1.4953
  3.0491     0.28234742    1.4953
  3.0875     0.27224823    1.4953
  3.1263     0.26233951    1.4953
  3.1657     0.25262602    1.4953
  3.2055     0.24311205    1.4953
  3.2458     0.23380144    1.4953
  3.2866     0.22469756    1.4953
  3.3280     0.21580334    1.4953
  3.3698     0.20712125    1.4953
  3.4122     0.19865336    1.4953
  3.4552     0.19040127    1.4953
  3.4986     0.18236618    1.4953
  3.5426     0.17454891    1.4953
  3.5872     0.16694985    1.4953
  3.6323     0.15956903    1.4953
  3.6780     0.15240611    1.4953
  3.7243     0.14546040    1.4953
  3.7711     0.13873087    1.4953
  3.8185     0.13221618    1.4953
  3.8666     0.12591467    1.4953
  3.9152     0.11982441    1.4953
  3.9645     0.11394318    1.4953
  4.0143     0.10826852    1.4953
  4.0648     0.10279772    1.4953
  4.1160     0.09752786    1.4953
  4.1677     0.09245580    1.4953
  4.2202     0.08757822    1.4953
  4.2733     0.08289163    1.4953
  4.3270     0.07839237    1.4953
  4.3814     0.07407666    1.4953
  4.4365     0.06994057    1.4953
  4.4924     0.06598006    1.4953
  4.5489     0.06219100    1.4953
  4.6061     0.05856918    1.4953
  4.6640     0.05511028    1.4953
  4.7227     0.05180997    1.4953
  4.7821     0.04866384    1.4953
  4.8422     0.04566743    1.4953
  4.9032     0.04281630    1.4953
  4.9648     0.04010594    1.4953
  5.0273     0.03753187    1.4953
  5.0905     0.03508958    1.4953
  5.1546     0.03277461    1.4953
  5.2194     0.03058248    1.4953
  5.2850     0.02850877    1.4953
  5.3515     0.02654906    1.4953
  5.4188     0.02469900    1.4953
  5.4870     0.02295427    1.4953
  5.5560     0.02131062    1.4953
  5.6259     0.01976384    1.4953
  5.6967     0.01830982    1.4953
  5.7683     0.01694448    1.4953
  5.8409     0.01566384    1.4953
  5.9144     0.01446401    1.4953
  5.9888     0.01334116    1.4953
  6.0641     0.01229157    1.4953
  6.1404     0.01131161    1.4953
  6.2176     0.01039773    1.4953
  6.2958     0.00954651    1.4953
  6.3750     0.00875460    1.4953
  6.4552     0.00801877    1.4953
  6.5364     0.00733590    1.4953
  6.6186     0.00670297    1.4953
  6.7019     0.00611707    1.4953
  6.7862     0.00557539    1.4953
  6.8715     0.00507526    1.4953
  6.9580     0.00461407    1.4953
  7.0455     0.00418937    1.4953
  7.1341     0.00379879    1.4953
  7.2239     0.00344007    1.4953
  7.3147     0.00311106    1.4953
  7.4067     0.00280972    1.4953
  7.4999     0.00253409    1.4953
  7.5942     0.00228235    1.4953
  7.6898     0.00205275    1.4953
  7.7865     0.00184364    1.4953
  7.8844     0.00165347    1.4953
  7.9836     0.00148078    1.4953
  8.0840     0.00132419    1.4953
  8.1857     0.00118241    1.4953
  8.2887     0.00105424    1.4953
  8.3930     0.00093854    1.4953
  8.4985     0.00083427    1.4953
  8.6054     0.00074044    1.4953
  8.7137     0.00065614    1.4953
  8.8233     0.00058052    1.4953
  8.9343     0.00051279    1.4953
  9.0466     0.00045224    1.4953
  9.1604     0.00039819    1.4953
  9.2757     0.00035002    1.4953
  9.3923     0.00030716    1.4953
  9.5105     0.00026910    1.4953
  9.6301     0.00023535    1.4953
  9.7512     0.00020548    1.4953
  9.8739     0.00017908    1.4953
  9.9981     0.00015581    1.4953
 10.1239     0.00013531    1.4953
 10.2512     0.00011730    1.4953
 10.3802     0.00010150    1.4953
 10.5107     0.00008767    1.4953
 10.6429     0.00007558    1.4953
 10.7768     0.00006503    1.4953
 10.9124     0.00005585    1.4953
 11.0496     0.00004787    1.4953
 11.1886     0.00004095    1.4953
 11.3294     0.00003496    1.4953
 11.4719     0.00002979    1.4953
 11.6162     0.00002533    1.4953
 11.7623     0.00002149    1.4953
 11.9102     0.00001820    1.4953
 12.0601     0.00001538    1.4953
 12.2117     0.00001297    1.4953
 12.3654     0.00001091    1.4953
 12.5209     0.00000916    1.4953
 12.6784     0.00000767    1.4953
 12.8379     0.00000641    1.4953
 12.9994     0.00000535    1.4953
 13.1629     0.00000445    1.4953
 13.3284     0.00000369    1.4953
 13.4961     0.00000306    1.4953
 13.6658     0.00000253    1.4953
 13.8377     0.00000208    1.4953
 14.0118     0.00000171    1.4953
 14.1881     0.00000140    1.4953
 14.3665     0.00000115    1.4953
 14.5472     0.00000094    1.4953
 14.7302     0.00000076    1.4953
 14.9155     0.00000062    1.4953
 15.1031     0.00000050    1.4953
 15.2931     0.00000041    1.4953
 15.4855     0.00000033    1.4953
 15.6802     0.00000026    1.4953
 15.8775     0.00000021    1.4953
 16.0772     0.00000017    1.4953
 16.2794     0.00000013    1.4953
 16.4842     0.00000011    1.4953
 16.6915     0.00000008    1.4953
 16.9015     0.00000007    1.4953
 17.1141     0.00000005    1.4953
 17.3294     0.00000004    1.4953
 17.5473     0.00000003    1.4953
 17.7681     0.00000002    1.4953
 17.9916     0.00000002    1.4953
 18.2179     0.00000002    1.4953
 18.4470     0.00000001    1.4953
 18.6791     0.00000001    1.4953
 18.9140     0.00000001    1.4953
 19.1519     0.00000001    1.4953
 19.3928     0.00000000    1.4953
 19.6368     0.00000000    1.4953
 19.8838     0.00000000    1.4953
 20.1339     0.00000000    1.4953
 20.3871     0.00000000    1.4953
 20.6436     0.00000000    1.4953
 20.9032     0.00000000    1.4953
 21.1662     0.00000000    1.4953
 21.4324     0.00000000    1.4953
 21.7020     0.00000000    1.4953
 21.9750     0.00000000    1.4953
 22.2514     0.00000000    1.4953
 22.5313     0.00000000    1.4953
 22.8147     0.00000000    1.4953
 23.1017     0.00000000    1.4953
 23.3922     0.00000000    1.4953
 23.6865     0.00000000    1.4953
 23.9844     0.00000000    1.4953
 24.2861     0.00000000    1.4953
 24.5916     0.00000000    1.4953
 24.9009     0.00000000    1.4953
 25.2141     0.00000000    1.4953
 25.5313     0.00000000    1.4953
 25.8524     0.00000000    1.4953
 26.1776     0.00000000    1.4953
 26.5069     0.00000000    1.4953
 26.8403     0.00000000    1.4953
 27.1779     0.00000000    1.4953
 27.5198     0.00000000    1.4953
 27.8660     0.00000000    1.4953
 28.2165     0.00000000    1.4953
 28.5714     0.00000000    1.4953
 28.9308     0.00000000    1.4953
 29.2947     0.00000000    1.4953
 29.6632     0.00000000    1.4953
 30.0363     0.00000000    1.4953
 30.4141     0.00000000    1.4953
 30.7967     0.00000000    1.4953
 31.1840     0.00000000    1.4953
 31.5763     0.00000000    1.4953
 31.9735     0.00000000    1.4953
 32.3756     0.00000000    1.4953
 32.7829     0.00000000    1.4953
 33.1952     0.00000000    1.4953
 33.6128     0.00000000    1.4953
 34.0356     0.00000000    1.4953
 34.4637     0.00000000    1.4953
 34.8972     0.00000000    1.4953
 35.3362     0.00000000    1.4953
 35.7806     0.00000000    1.4953
 36.2307     0.00000000    1.4953
 36.6864     0.00000000    1.4953
 37.1479     0.00000000    1.4953
 37.6152     0.00000000    1.4953
 38.0883     0.00000000    1.4953
 38.5674     0.00000000    1.4953
 39.0525     0.00000000    1.4953
 39.5437     0.00000000    1.4953
 40.0411     0.00000000    1.4953
 40.5448     0.00000000    1.4953
 41.0548     0.00000000    1.4953
