  0.2500     0.634955
  0.5000     0.790165
  0.7500    -0.146537
  1.0000    -0.188812
  1.2500     0.096702
  1.5000     0.059409
  1.7500    -0.059441
  2.0000    -0.021327
  2.2500     0.041199
  2.5000     0.003988
  2.7500    -0.028702
  3.0000     0.004372
  3.2500     0.019436
  3.5000    -0.008141
  3.7500    -0.012448
  4.0000     0.009341
  4.2500     0.007323
  4.5000    -0.009278
  4.7500    -0.003473
  5.0000     0.008473
  5.2500     0.000569
  5.5000    -0.007135
  5.7500     0.001425
  6.0000     0.005604
  6.2500    -0.002700
  6.5000    -0.004050
  6.7500     0.003399
  7.0000     0.002589
  7.2500    -0.003668
  7.5000    -0.001242
  7.7500     0.003540
  8.0000     0.000127
  8.2500    -0.003157
  8.5000     0.000753
  8.7500     0.002598
  9.0000    -0.001379
  9.2500    -0.001954
  9.5000     0.001787
  9.7500     0.001257
 10.0000    -0.001956
 10.2500    -0.000597
 10.5000     0.001940
 10.7500     0.000003
 11.0000    -0.001766
 11.2500     0.000484
 11.5000     0.001487
 11.7500    -0.000864
 12.0000    -0.001120
