  0.2500     4.661309
  0.5000     3.012846
  0.7500     1.667955
  1.0000     0.844885
  1.2500     0.392707
  1.5000     0.155582
  1.7500     0.036366
  2.0000    -0.019271
  2.2500    -0.041306
  2.5000    -0.046303
  2.7500    -0.043301
  3.0000    -0.037099
  3.2500    -0.030136
  3.5000    -0.023573
  3.7500    -0.017895
  4.0000    -0.013238
  4.2500    -0.009568
  4.5000    -0.006770
  4.7500    -0.004701
  5.0000    -0.003218
  5.2500    -0.002187
  5.5000    -0.001497
  5.7500    -0.001052
  6.0000    -0.000779
  6.2500    -0.000620
  6.5000    -0.000533
  6.7500    -0.000488
  7.0000    -0.000464
  7.2500    -0.000448
  7.5000    -0.000432
  7.7500    -0.000412
  8.0000    -0.000388
  8.2500    -0.000359
  8.5000    -0.000327
  8.7500    -0.000293
  9.0000    -0.000261
  9.2500    -0.000229
  9.5000    -0.000201
  9.7500    -0.000175
 10.0000    -0.000154
 10.2500    -0.000135
 10.5000    -0.000120
 10.7500    -0.000108
 11.0000    -0.000098
 11.2500    -0.000090
 11.5000    -0.000083
 11.7500    -0.000077
 12.0000    -0.000071
