  0.0000     0.00000000    1.8962
  0.0100     0.00000000    1.8962
  0.0201     0.00000000    1.8962
  0.0301     0.00000000    1.8962
  0.0402     0.00000000    1.8962
  0.0504     0.00000000    1.8962
  0.0600     0.00000000    1.8962
  0.0707     0.00000001    1.8962
  0.0801     0.00000001    1.8962
  0.0908     0.00000002    1.8962
  0.1003     0.00000002    1.8962
  0.1109     0.00000003    1.8962
  0.1211     0.00000004    1.8962
  0.1305     0.00000005    1.8962
  0.1407     0.00000006    1.8962
  0.1517     0.00000007    1.8962
  0.1615     0.00000009    1.8962
  0.1719     0.00000010    1.8962
  0.1807     0.00000012    1.8962
  0.1924     0.00000014    1.8962
  0.2022     0.00000017    1.8962
  0.2126     0.00000019    1.8962
  0.2207     0.00000021    1.8962
  0.2321     0.00000025    1.8962
  0.2409     0.00000027    1.8962
  0.2501     0.00000031    1.8962
  0.2630     0.00000035    1.8962
  0.2730     0.00000039    1.8962
  0.2835     0.00000044    1.8962
  0.2907     0.00000047    1.8962
  0.3018     0.00000052    1.8962
  0.3133     0.00000058    1.8962
  0.3212     0.00000062    1.8962
  0.3335     0.00000069    1.8962
  0.3420     0.00000074    1.8962
  0.3506     0.00000080    1.8962
  0.3640     0.00000088    1.8962
  0.3733     0.00000094    1.8962
  0.3827     0.00000101    1.8962
  0.3924     0.00000108    1.8962
  0.4023     0.00000116    1.8962
  0.4125     0.00000124    1.8962
  0.4230     0.00000132    1.8962
  0.4337     0.00000141    1.8962
  0.4447     0.00000151    1.8962
  0.4503     0.00000156    1.8962
  0.4617     0.00000166    1.8962
  0.4734     0.00000177    1.8962
  0.4853     0.00000189    1.8962
  0.4914     0.00000195    1.8962
  0.5039     0.00000208    1.8962
  0.5102     0.00000214    1.8962
  0.5232     0.00000228    1.8962
  0.5364     0.00000242    1.8962
  0.5431     0.00000250    1.8962
  0.5569     0.00000265    1.8962
  0.5639     0.00000273    1.8962
  0.5710     0.00000282    1.8962
  0.5855     0.00000299    1.8962
  0.5928     0.00000308    1.8962
  0.6003     0.00000317    1.8962
  0.6155     0.00000335    1.8962
  0.6232     0.00000345    1.8962
  0.6311     0.00000355    1.8962
  0.6471     0.00000375    1.8962
  0.6552     0.00000385    1.8962
  0.6634     0.00000396    1.8962
  0.6718     0.00000406    1.8962
  0.6802     0.00000417    1.8962
  0.6975     0.00000440    1.8962
  0.7062     0.00000451    1.8962
  0.7151     0.00000463    1.8962
  0.7241     0.00000475    1.8962
  0.7332     0.00000487    1.8962
  0.7425     0.00000499    1.8962
  0.7518     0.00000511    1.8962
  0.7613     0.00000524    1.8962
  0.7708     0.00000537    1.8962
  0.7805     0.00000549    1.8962
  0.7903     0.00000562    1.8962
  0.8003     0.00000575    1.8962
  0.8104     0.00000588    1.8962
  0.8206     0.00000602    1.8962
  0.8309     0.00000615    1.8962
  0.8413     0.00000629    1.8962
  0.8519     0.00000642    1.8962
  0.8626     0.00000656    1.8962
  0.8735     0.00000670    1.8962
  0.8845     0.00000683    1.8962
  0.8956     0.00000697    1.8962
  0.9069     0.00000711    1.8962
  0.9183     0.00000725    1.8962
  0.9298     0.00000739    1.8962
  0.9415     0.00000753    1.8962
  0.9534     0.00000767    1.8962
  0.9654     0.00000781    1.8962
  0.9775     0.00000795    1.8962
  0.9898     0.00000809    1.8962
  1.0023     0.00000823    1.8962
  1.0149     0.00000837    1.8962
  1.0276     0.00000851    1.8962
  1.0406     0.00000865    1.8962
  1.0537     0.00000879    1.8962
  1.0669     0.00000893    1.8962
  1.0803     0.00000907    1.8962
  1.0939     0.00000921    1.8962
  1.1077     0.00000935    1.8962
  1.1216     0.00000948    1.8962
  1.1357     0.00000962    1.8962
  1.1500     0.00000976    1.8962
  1.1645     0.00000989    1.8962
  1.1791     0.00001003    1.8962
  1.1940     0.00001017    1.8962
  1.2090     0.00001030    1.8962
  1.2242     0.00001044    1.8962
  1.2396     0.00001057    1.8962
  1.2552     0.00001071    1.8962
  1.2710     0.00001085    1.8962
  1.2870     0.00001098    1.8962
  1.3032     0.00001112    1.8962
  1.3196     0.00001126    1.8962
  1.3362     0.00001140    1.8962
  1.3530     0.00001154    1.8962
  1.3700     0.00001168    1.8962
  1.3872     0.00001182    1.8962
  1.4047     0.00001196    1.8962
  1.4223     0.00001211    1.8962
  1.4402     0.00001225    1.8962
  1.4583     0.00001240    1.8962
  1.4767     0.00001255    1.8962
  1.4953     0.00001271    1.8962
  1.5141     0.00001286    1.8962
  1.5331     0.00001302    1.8962
  1.5524     0.00001318    1.8962
  1.5719     0.00001334    1.8962
  1.5917     0.00001350    1.8962
  1.6117     0.00001367    1.8962
  1.6320     0.00001384    1.8962
  1.6525     0.00001401    1.8962
  1.6733     0.00001419    1.8962
  1.6944     0.00001437    1.8962
  1.7157     0.00001455    1.8962
  1.7373     0.00001473    1.8962
  1.7591     0.00001491    1.8962
  1.7813     0.00001510    1.8962
  1.8037     0.00001529    1.8962
  1.8264     0.00001549    1.8962
  1.8493     0.00001568    1.8962
  1.8726     0.00001588    1.8962
  1.8962     0.00001608    1.8962
  1.9200     0.00001628    1.8962
  1.9442     0.00001649    1.8962
  1.9686     0.00001670    1.8962
  1.9934     0.00001691    1.8962
  2.0185     0.00001712    1.8962
  2.0439     0.00001734    1.8962
  2.0696     0.00001756    1.8962
  2.0956     0.00001779    1.8962
  2.1220     0.00001802    1.8962
  2.1486     0.00001825    1.8962
  2.1757     0.00001849    1.8962
  2.2030     0.00001873    1.8962
  2.2308     0.00001898    1.8962
  2.2588     0.00001923    1.8962
  2.2872     0.00001948    1.8962
  2.3160     0.00001974    1.8962
  2.3451     0.00002000    1.8962
  2.3746     0.00002027    1.8962
  2.4045     0.00002055    1.8962
  2.4348     0.00002083    1.8962
  2.4654     0.00002112    1.8962
  2.4964     0.00002141    1.8962
  2.5278     0.00002171    1.8962
  2.5596     0.00002201    1.8962
  2.5918     0.00002233    1.8962
  2.6244     0.00002264    1.8962
  2.6574     0.00002297    1.8962
  2.6908     0.00002330    1.8962
  2.7247     0.00002365    1.8962
  2.7590     0.00002400    1.8962
  2.7937     0.00002435    1.8962
  2.8288     0.00002472    1.8962
  2.8644     0.00002509    1.8962
  2.9004     0.00002548    1.8962
  2.9369     0.00002587    1.8962
  2.9739     0.00002628    1.8962
  3.0113     0.00002669    1.8962
  3.0491     0.00002712    1.8962
  3.0875     0.00002755    1.8962
  3.1263     0.00002800    1.8962
  3.1657     0.00002846    1.8962
  3.2055     0.00002893    1.8962
  3.2458     0.00002941    1.8962
  3.2866     0.00002991    1.8962
  3.3280     0.00003042    1.8962
  3.3698     0.00003094    1.8962
  3.4122     0.00003148    1.8962
  3.4552     0.00003203    1.8962
  3.4986     0.00003259    1.8962
  3.5426     0.00003317    1.8962
  3.5872     0.00003377    1.8962
  3.6323     0.00003439    1.8962
  3.6780     0.00003502    1.8962
  3.7243     0.00003567    1.8962
  3.7711     0.00003633    1.8962
  3.8185     0.00003701    1.8962
  3.8666     0.00003772    1.8962
  3.9152     0.00003844    1.8962
  3.9645     0.00003918    1.8962
  4.0143     0.00003994    1.8962
  4.0648     0.00004072    1.8962
  4.1160     0.00004152    1.8962
  4.1677     0.00004235    1.8962
  4.2202     0.00004320    1.8962
  4.2733     0.00004406    1.8962
  4.3270     0.00004496    1.8962
  4.3814     0.00004587    1.8962
  4.4365     0.00004681    1.8962
  4.4924     0.00004778    1.8962
  4.5489     0.00004877    1.8962
  4.6061     0.00004978    1.8962
  4.6640     0.00005083    1.8962
  4.7227     0.00005190    1.8962
  4.7821     0.00005300    1.8962
  4.8422     0.00005412    1.8962
  4.9032     0.00005528    1.8962
  4.9648     0.00005646    1.8962
  5.0273     0.00005768    1.8962
  5.0905     0.00005893    1.8962
  5.1546     0.00006021    1.8962
  5.2194     0.00006152    1.8962
  5.2850     0.00006287    1.8962
  5.3515     0.00006425    1.8962
  5.4188     0.00006567    1.8962
  5.4870     0.00006713    1.8962
  5.5560     0.00006863    1.8962
  5.6259     0.00007016    1.8962
  5.6967     0.00007174    1.8962
  5.7683     0.00007336    1.8962
  5.8409     0.00007503    1.8962
  5.9144     0.00007674    1.8962
  5.9888     0.00007850    1.8962
  6.0641     0.00008031    1.8962
  6.1404     0.00008217    1.8962
  6.2176     0.00008408    1.8962
  6.2958     0.00008605    1.8962
  6.3750     0.00008807    1.8962
  6.4552     0.00009016    1.8962
  6.5364     0.00009231    1.8962
  6.6186     0.00009452    1.8962
  6.7019     0.00009680    1.8962
  6.7862     0.00009915    1.8962
  6.8715     0.00010157    1.8962
  6.9580     0.00010407    1.8962
  7.0455     0.00010665    1.8962
  7.1341     0.00010931    1.8962
  7.2239     0.00011206    1.8962
  7.3147     0.00011490    1.8962
  7.4067     0.00011783    1.8962
  7.4999     0.00012086    1.8962
  7.5942     0.00012399    1.8962
  7.6898     0.00012722    1.8962
  7.7865     0.00013057    1.8962
  7.8844     0.00013403    1.8962
  7.9836     0.00013761    1.8962
  8.0840     0.00014132    1.8962
  8.1857     0.00014516    1.8962
  8.2887     0.00014913    1.8962
  8.3930     0.00015324    1.8962
  8.4985     0.00015751    1.8962
  8.6054     0.00016192    1.8962
  8.7137     0.00016650    1.8962
  8.8233     0.00017124    1.8962
  8.9343     0.00017616    1.8962
  9.0466     0.00018125    1.8962
  9.1604     0.00018654    1.8962
  9.2757     0.00019202    1.8962
  9.3923     0.00019771    1.8962
  9.5105     0.00020360    1.8962
  9.6301     0.00020972    1.8962
  9.7512     0.00021607    1.8962
  9.8739     0.00022266    1.8962
  9.9981     0.00022950    1.8962
 10.1239     0.00023660    1.8962
 10.2512     0.00024397    1.8962
 10.3802     0.00025162    1.8962
 10.5107     0.00025957    1.8962
 10.6429     0.00026781    1.8962
 10.7768     0.00027638    1.8962
 10.9124     0.00028527    1.8962
 11.0496     0.00029451    1.8962
 11.1886     0.00030410    1.8962
 11.3294     0.00031406    1.8962
 11.4719     0.00032441    1.8962
 11.6162     0.00033516    1.8962
 11.7623     0.00034632    1.8962
 11.9102     0.00035792    1.8962
 12.0601     0.00036997    1.8962
 12.2117     0.00038249    1.8962
 12.3654     0.00039549    1.8962
 12.5209     0.00040900    1.8962
 12.6784     0.00042303    1.8962
 12.8379     0.00043761    1.8962
 12.9994     0.00045275    1.8962
 13.1629     0.00046849    1.8962
 13.3284     0.00048484    1.8962
 13.4961     0.00050182    1.8962
 13.6658     0.00051947    1.8962
 13.8377     0.00053780    1.8962
 14.0118     0.00055685    1.8962
 14.1881     0.00057663    1.8962
 14.3665     0.00059719    1.8962
 14.5472     0.00061855    1.8962
 14.7302     0.00064074    1.8962
 14.9155     0.00066379    1.8962
 15.1031     0.00068774    1.8962
 15.2931     0.00071262    1.8962
 15.4855     0.00073847    1.8962
 15.6802     0.00076532    1.8962
 15.8775     0.00079322    1.8962
 16.0772     0.00082219    1.8962
 16.2794     0.00085230    1.8962
 16.4842     0.00088357    1.8962
 16.6915     0.00091605    1.8962
 16.9015     0.00094979    1.8962
 17.1141     0.00098484    1.8962
 17.3294     0.00102124    1.8962
 17.5473     0.00105905    1.8962
 17.7681     0.00109831    1.8962
 17.9916     0.00113908    1.8962
 18.2179     0.00118142    1.8962
 18.4470     0.00122539    1.8962
 18.6791     0.00127104    1.8962
 18.9140     0.00131844    1.8962
 19.1519     0.00136765    1.8962
 19.3928     0.00141875    1.8962
 19.6368     0.00147179    1.8962
 19.8838     0.00152686    1.8962
 20.1339     0.00158403    1.8962
 20.3871     0.00164338    1.8962
 20.6436     0.00170498    1.8962
 20.9032     0.00176893    1.8962
 21.1662     0.00183531    1.8962
 21.4324     0.00190421    1.8962
 21.7020     0.00197573    1.8962
 21.9750     0.00204995    1.8962
 22.2514     0.00212699    1.8962
 22.5313     0.00220695    1.8962
 22.8147     0.00228993    1.8962
 23.1017     0.00237604    1.8962
 23.3922     0.00246542    1.8962
 23.6865     0.00255816    1.8962
 23.9844     0.00265441    1.8962
 24.2861     0.00275429    1.8962
 24.5916     0.00285793    1.8962
 24.9009     0.00296547    1.8962
 25.2141     0.00307706    1.8962
 25.5313     0.00319285    1.8962
 25.8524     0.00331299    1.8962
 26.1776     0.00343765    1.8962
 26.5069     0.00356698    1.8962
 26.8403     0.00370117    1.8962
 27.1779     0.00384039    1.8962
 27.5198     0.00398482    1.8962
 27.8660     0.00413466    1.8962
 28.2165     0.00429011    1.8962
 28.5714     0.00445137    1.8962
 28.9308     0.00461865    1.8962
 29.2947     0.00479218    1.8962
 29.6632     0.00497219    1.8962
 30.0363     0.00515890    1.8962
 30.4141     0.00535257    1.8962
 30.7967     0.00555345    1.8962
 31.1840     0.00576181    1.8962
 31.5763     0.00597790    1.8962
 31.9735     0.00620202    1.8962
 32.3756     0.00643446    1.8962
 32.7829     0.00667551    1.8962
 33.1952     0.00692550    1.8962
 33.6128     0.00718473    1.8962
 34.0356     0.00745355    1.8962
 34.4637     0.00773231    1.8962
 34.8972     0.00802135    1.8962
 35.3362     0.00832105    1.8962
 35.7806     0.00863178    1.8962
 36.2307     0.00895396    1.8962
 36.6864     0.00928797    1.8962
 37.1479     0.00963425    1.8962
 37.6152     0.00999324    1.8962
 38.0883     0.01036538    1.8962
 38.5674     0.01075114    1.8962
 39.0525     0.01115100    1.8962
 39.5437     0.01156545    1.8962
 40.0411     0.01199503    1.8962
 40.5448     0.01244025    1.8962
 41.0548     0.01290166    1.8962
