    0.0000019487           3006.05120           0.38468        2985.82659
    0.0000039219           3004.23226           0.38444        2984.01988
    0.0000059199           3003.15035           0.38430        2982.94525
    0.0000079430           3002.36995           0.38419        2982.17009
    0.0000099916           2999.37406           0.38382        2979.19437
    0.0000120660           2995.86565           0.38338        2975.70958
    0.0000141664           2992.47193           0.38296        2972.33871
    0.0000162933           2988.68527           0.38249        2968.57754
    0.0000184469           2984.91918           0.38202        2964.83681
    0.0000206276           2981.24661           0.38156        2961.18897
    0.0000228358           2977.70888           0.38113        2957.67506
    0.0000250717           2974.31803           0.38071        2954.30704
    0.0000273357           2971.07437           0.38031        2951.08522
    0.0000296282           2967.97207           0.37993        2948.00381
    0.0000319496           2965.00253           0.37957        2945.05428
    0.0000343002           2962.15632           0.37923        2942.22724
    0.0000366803           2959.42393           0.37890        2939.51326
    0.0000390903           2956.79630           0.37858        2936.90333
    0.0000415307           2954.26497           0.37827        2934.38905
    0.0000440018           2951.82217           0.37798        2931.96271
    0.0000465039           2949.46083           0.37770        2929.61727
    0.0000490376           2947.17450           0.37743        2927.34636
    0.0000516031           2944.95738           0.37716        2925.14417
    0.0000542008           2942.80419           0.37691        2923.00549
    0.0000568313           2940.71015           0.37666        2920.92557
    0.0000594948           2938.67095           0.37642        2918.90011
    0.0000621918           2936.68263           0.37619        2916.92520
    0.0000649228           2934.74164           0.37597        2914.99730
    0.0000676881           2932.84471           0.37575        2913.11315
    0.0000704882           2930.98886           0.37553        2911.26981
    0.0000733235           2929.17136           0.37532        2909.46458
    0.0000761945           2927.38973           0.37512        2907.69496
    0.0000791016           2925.64166           0.37492        2905.95868
    0.0000820452           2923.92504           0.37472        2904.25364
    0.0000850259           2922.23791           0.37453        2902.57789
    0.0000880441           2920.57848           0.37435        2900.92965
    0.0000911002           2918.94507           0.37416        2899.30726
    0.0000941948           2917.33612           0.37398        2897.70917
    0.0000973283           2915.75020           0.37381        2896.13395
    0.0001005012           2914.18595           0.37363        2894.58026
    0.0001037140           2912.64213           0.37346        2893.04686
    0.0001069673           2911.11757           0.37330        2891.53258
    0.0001102614           2909.61115           0.37313        2890.03633
    0.0001135970           2908.12185           0.37297        2888.55709
    0.0001169746           2906.64871           0.37281        2887.09389
    0.0001203946           2905.19080           0.37265        2885.64583
    0.0001238577           2903.74728           0.37250        2884.21206
    0.0001273643           2902.31734           0.37234        2882.79177
    0.0001309150           2900.90020           0.37219        2881.38420
    0.0001345104           2899.49514           0.37204        2879.98863
    0.0001381510           2898.10148           0.37190        2878.60438
    0.0001418374           2896.71856           0.37175        2877.23081
    0.0001455702           2895.34577           0.37161        2875.86729
    0.0001493499           2893.98252           0.37147        2874.51325
    0.0001531772           2892.62825           0.37133        2873.16813
    0.0001570526           2891.28242           0.37119        2871.83140
    0.0001609768           2889.94453           0.37105        2870.50255
    0.0001649503           2888.61408           0.37092        2869.18110
    0.0001689738           2887.29062           0.37078        2867.86658
    0.0001730479           2885.97369           0.37065        2866.55856
    0.0001771732           2884.66287           0.37052        2865.25660
    0.0001813505           2883.35775           0.37039        2863.96030
    0.0001855803           2882.05793           0.37026        2862.66927
    0.0001898633           2880.76303           0.37013        2861.38313
    0.0001942001           2879.47270           0.37001        2860.10152
    0.0001985915           2878.18656           0.36988        2858.82409
    0.0002030382           2876.90430           0.36976        2857.55050
    0.0002075408           2875.62558           0.36963        2856.28043
    0.0002121000           2874.35007           0.36951        2855.01356
    0.0002167166           2873.07749           0.36939        2853.74958
    0.0002213912           2871.80752           0.36927        2852.48821
    0.0002261246           2870.53988           0.36915        2851.22915
    0.0002309176           2869.27429           0.36903        2849.97213
    0.0002357709           2868.01049           0.36892        2848.71688
    0.0002406852           2866.74820           0.36880        2847.46314
    0.0002456613           2865.48718           0.36868        2846.21065
    0.0002507000           2864.22716           0.36857        2844.95917
    0.0002558021           2862.96791           0.36845        2843.70845
    0.0002609684           2861.70920           0.36834        2842.45826
    0.0002661997           2860.45078           0.36823        2841.20837
    0.0002714967           2859.19244           0.36812        2839.95855
    0.0002768604           2857.93395           0.36801        2838.70859
    0.0002822916           2856.67509           0.36790        2837.45826
    0.0002877910           2855.41566           0.36779        2836.20736
    0.0002933597           2854.15544           0.36768        2834.95569
    0.0002989984           2852.89423           0.36757        2833.70303
    0.0003047080           2851.63183           0.36746        2832.44919
    0.0003104894           2850.36805           0.36736        2831.19398
    0.0003163436           2849.10269           0.36725        2829.93720
    0.0003222714           2847.83556           0.36715        2828.67866
    0.0003282737           2846.56647           0.36704        2827.41818
    0.0003343516           2845.29524           0.36694        2826.15557
    0.0003405059           2844.02169           0.36683        2824.89066
    0.0003467376           2842.74564           0.36673        2823.62326
    0.0003530477           2841.46690           0.36663        2822.35320
    0.0003594372           2840.18531           0.36653        2821.08031
    0.0003659070           2838.90069           0.36643        2819.80441
    0.0003724582           2837.61287           0.36633        2818.52533
    0.0003790919           2836.32168           0.36623        2817.24290
    0.0003858089           2835.02695           0.36613        2815.95697
    0.0003926105           2833.72852           0.36603        2814.66735
    0.0003994976           2832.42622           0.36593        2813.37389
    0.0004064713           2831.11988           0.36583        2812.07643
    0.0004135328           2829.80935           0.36574        2810.77480
    0.0004206831           2828.49446           0.36564        2809.46885
    0.0004279233           2827.17506           0.36555        2808.15841
    0.0004352546           2825.85098           0.36545        2806.84332
    0.0004426781           2824.52206           0.36536        2805.52344
    0.0004501950           2823.18814           0.36526        2804.19859
    0.0004578064           2821.84908           0.36517        2802.86863
    0.0004655136           2820.50471           0.36508        2801.53340
    0.0004733177           2819.15487           0.36499        2800.19274
    0.0004812200           2817.79942           0.36490        2798.84651
    0.0004892217           2816.43819           0.36481        2797.49453
    0.0004973240           2815.07103           0.36472        2796.13667
    0.0005055283           2813.69778           0.36463        2794.77277
    0.0005138357           2812.31830           0.36454        2793.40268
    0.0005222476           2810.93242           0.36445        2792.02623
    0.0005307654           2809.54000           0.36437        2790.64329
    0.0005393903           2808.14088           0.36428        2789.25368
    0.0005481236           2806.73490           0.36419        2787.85728
    0.0005569669           2805.32191           0.36411        2786.45391
    0.0005659213           2803.90175           0.36402        2785.04343
    0.0005749884           2802.47428           0.36394        2783.62568
    0.0005841696           2801.03934           0.36386        2782.20051
    0.0005934662           2799.59676           0.36378        2780.76776
    0.0006028798           2798.14641           0.36369        2779.32729
    0.0006124117           2796.68811           0.36361        2777.87893
    0.0006220636           2795.22172           0.36353        2776.42254
    0.0006318369           2793.74708           0.36345        2774.95795
    0.0006417331           2792.26404           0.36338        2773.48502
    0.0006517538           2790.77242           0.36330        2772.00358
    0.0006619005           2789.27209           0.36322        2770.51347
    0.0006721749           2787.76287           0.36315        2769.01455
    0.0006825785           2786.24462           0.36307        2767.50666
    0.0006931129           2784.71717           0.36300        2765.98963
    0.0007037799           2783.18035           0.36293        2764.46330
    0.0007145810           2781.63402           0.36285        2762.92752
    0.0007255180           2780.07800           0.36278        2761.38213
    0.0007365926           2778.51214           0.36271        2759.82696
    0.0007478065           2776.93628           0.36264        2758.26185
    0.0007591614           2775.35024           0.36258        2756.68665
    0.0007706592           2773.75386           0.36251        2755.10117
    0.0007823015           2772.14698           0.36244        2753.50527
    0.0007940904           2770.52943           0.36238        2751.89878
    0.0008060275           2768.90104           0.36232        2750.28152
    0.0008181147           2767.26165           0.36225        2748.65334
    0.0008303540           2765.61108           0.36219        2747.01405
    0.0008427473           2763.94917           0.36213        2745.36350
    0.0008552964           2762.27574           0.36207        2743.70152
    0.0008680034           2760.59061           0.36202        2742.02792
    0.0008808702           2758.89363           0.36196        2740.34254
    0.0008938989           2757.18460           0.36191        2738.64521
    0.0009070914           2755.46335           0.36185        2736.93575
    0.0009204499           2753.72971           0.36180        2735.21398
    0.0009339764           2751.98350           0.36175        2733.47972
    0.0009476731           2750.22454           0.36170        2731.73280
    0.0009615420           2748.45264           0.36166        2729.97304
    0.0009755854           2746.66762           0.36161        2728.20026
    0.0009898054           2744.86931           0.36157        2726.41426
    0.0010042043           2743.05751           0.36153        2724.61488
    0.0010187843           2741.23204           0.36149        2722.80192
    0.0010335477           2739.39270           0.36145        2720.97520
    0.0010484968           2737.53932           0.36141        2719.13453
    0.0010636340           2735.67170           0.36137        2717.27972
    0.0010789615           2733.78965           0.36134        2715.41058
    0.0010944819           2731.89297           0.36131        2713.52691
    0.0011101975           2729.98147           0.36128        2711.62854
    0.0011261107           2728.05495           0.36126        2709.71524
    0.0011422241           2726.11322           0.36123        2707.78685
    0.0011585402           2724.15608           0.36121        2705.84314
    0.0011750615           2722.18331           0.36119        2703.88393
    0.0011917906           2720.19473           0.36117        2701.90901
    0.0012087302           2718.19013           0.36115        2699.91818
    0.0012258828           2716.16929           0.36114        2697.91124
    0.0012432512           2714.13202           0.36113        2695.88797
    0.0012608381           2712.07810           0.36112        2693.84818
    0.0012786462           2710.00733           0.36112        2691.79165
    0.0012966782           2707.91948           0.36112        2689.71817
    0.0013149371           2705.81435           0.36112        2687.62753
    0.0013334257           2703.69172           0.36112        2685.51951
    0.0013521468           2701.55137           0.36113        2683.39389
    0.0013711034           2699.39308           0.36114        2681.25047
    0.0013902984           2697.21663           0.36115        2679.08901
    0.0014097349           2695.02180           0.36116        2676.90931
    0.0014294158           2692.80836           0.36118        2674.71112
    0.0014493444           2690.57609           0.36121        2672.49424
    0.0014695235           2688.32475           0.36123        2670.25843
    0.0014899565           2686.05412           0.36126        2668.00346
    0.0015106466           2683.76396           0.36129        2665.72910
    0.0015315968           2681.45405           0.36133        2663.43512
    0.0015528106           2679.12413           0.36137        2661.12129
    0.0015742913           2676.77398           0.36142        2658.78737
    0.0015960421           2674.40336           0.36147        2656.43312
    0.0016180665           2672.01201           0.36152        2654.05830
    0.0016403680           2669.59971           0.36158        2651.66266
    0.0016629499           2667.16620           0.36164        2649.24597
    0.0016858159           2664.71124           0.36171        2646.80799
    0.0017089696           2662.23457           0.36178        2644.34845
    0.0017324145           2659.73594           0.36185        2641.86711
    0.0017561542           2657.21511           0.36194        2639.36372
    0.0017801926           2654.67181           0.36202        2636.83802
    0.0018045333           2652.10578           0.36211        2634.28977
    0.0018291803           2649.51677           0.36221        2631.71869
    0.0018541372           2646.90452           0.36231        2629.12454
    0.0018794081           2644.26875           0.36242        2626.50704
    0.0019049968           2641.60921           0.36254        2623.86594
    0.0019309074           2638.92563           0.36266        2621.20097
    0.0019571439           2636.21773           0.36278        2618.51186
    0.0019837104           2633.48524           0.36291        2615.79833
    0.0020106111           2630.72790           0.36305        2613.06013
    0.0020378501           2627.94541           0.36320        2610.29697
    0.0020654318           2625.13752           0.36335        2607.50858
    0.0020933604           2622.30392           0.36351        2604.69467
    0.0021216403           2619.44435           0.36368        2601.85498
    0.0021502760           2616.55851           0.36385        2598.98921
    0.0021792718           2613.64612           0.36403        2596.09708
    0.0022086323           2610.70689           0.36422        2593.17830
    0.0022383622           2607.74053           0.36442        2590.23259
    0.0022684660           2604.74674           0.36462        2587.25966
    0.0022989484           2601.72523           0.36483        2584.25920
    0.0023298143           2598.67571           0.36506        2581.23093
    0.0023610685           2595.59787           0.36529        2578.17455
    0.0023927157           2592.49141           0.36553        2575.08975
    0.0024247611           2589.35603           0.36578        2571.97625
    0.0024572095           2586.19142           0.36604        2568.83372
    0.0024900661           2582.99727           0.36630        2565.66188
    0.0025233359           2579.77327           0.36658        2562.46041
    0.0025570243           2576.51912           0.36687        2559.22900
    0.0025911363           2573.23449           0.36717        2555.96733
    0.0026256775           2569.91908           0.36748        2552.67510
    0.0026606531           2566.57255           0.36780        2549.35200
    0.0026960687           2563.19460           0.36813        2545.99769
    0.0027319298           2559.78490           0.36848        2542.61186
    0.0027682419           2556.34312           0.36884        2539.19420
    0.0028050108           2552.86894           0.36920        2535.74437
    0.0028422421           2549.36203           0.36958        2532.26205
    0.0028799418           2545.82206           0.36998        2528.74691
    0.0029181157           2542.24869           0.37039        2525.19863
    0.0029567698           2538.64160           0.37081        2521.61687
    0.0029959100           2535.00045           0.37124        2518.00129
    0.0030355426           2531.32489           0.37169        2514.35157
    0.0030756737           2527.61460           0.37215        2510.66736
    0.0031163096           2523.86921           0.37263        2506.94833
    0.0031574566           2520.08841           0.37313        2503.19413
    0.0031991212           2516.27183           0.37364        2499.40442
    0.0032413099           2512.41912           0.37416        2495.57886
    0.0032840292           2508.52995           0.37471        2491.71711
    0.0033272859           2504.60396           0.37527        2487.81881
    0.0033710867           2500.64080           0.37584        2483.88361
    0.0034154384           2496.64011           0.37644        2479.91116
    0.0034603480           2492.60154           0.37705        2475.90112
    0.0035058225           2488.52473           0.37768        2471.85312
    0.0035518690           2484.40932           0.37833        2467.76681
    0.0035984947           2480.25495           0.37900        2463.64183
    0.0036457069           2476.06126           0.37969        2459.47783
    0.0036935129           2471.82789           0.38041        2455.27444
    0.0037419203           2467.55447           0.38114        2451.03130
    0.0037909365           2463.24063           0.38189        2446.74806
    0.0038405693           2458.88601           0.38267        2442.42433
    0.0038908264           2454.49024           0.38347        2438.05977
    0.0039417157           2450.05295           0.38429        2433.65400
    0.0039932450           2445.57377           0.38514        2429.20665
    0.0040454225           2441.05233           0.38601        2424.71737
    0.0040982564           2436.48825           0.38691        2420.18576
    0.0041517548           2431.88116           0.38783        2415.61148
    0.0042059261           2427.23068           0.38878        2410.99414
    0.0042607788           2422.53644           0.38975        2406.33337
    0.0043163215           2417.79807           0.39076        2401.62880
    0.0043725628           2413.01518           0.39179        2396.88005
    0.0044295116           2408.18739           0.39285        2392.08676
    0.0044871766           2403.31434           0.39394        2387.24854
    0.0045455670           2398.39563           0.39506        2382.36502
    0.0046046919           2393.43090           0.39621        2377.43582
    0.0046645605           2388.41976           0.39740        2372.46057
    0.0047251821           2383.36182           0.39861        2367.43890
    0.0047865663           2378.25672           0.39986        2362.37041
    0.0048487225           2373.10407           0.40115        2357.25475
    0.0049116606           2367.90349           0.40247        2352.09153
    0.0049753904           2362.65460           0.40382        2346.88037
    0.0050399218           2357.35702           0.40521        2341.62090
    0.0051052649           2352.01037           0.40664        2336.31275
    0.0051714299           2346.61427           0.40811        2330.95553
    0.0052384271           2341.16835           0.40962        2325.54887
    0.0053062671           2335.67222           0.41116        2320.09240
    0.0053749604           2330.12550           0.41275        2314.58574
    0.0054445178           2324.52783           0.41438        2309.02853
    0.0055149501           2318.87882           0.41606        2303.42038
    0.0055862683           2313.17810           0.41778        2297.76093
    0.0056584836           2307.42530           0.41954        2292.04981
    0.0057316072           2301.62004           0.42135        2286.28665
    0.0058056506           2295.76196           0.42321        2280.47108
    0.0058806254           2289.85068           0.42511        2274.60274
    0.0059565432           2283.88584           0.42707        2268.68126
    0.0060334160           2277.86707           0.42908        2262.70628
    0.0061112557           2271.79400           0.43114        2256.67745
    0.0061900745           2265.66629           0.43325        2250.59440
    0.0062698848           2259.48356           0.43541        2244.45678
    0.0063506989           2253.24546           0.43763        2238.26423
    0.0064325295           2246.95164           0.43991        2232.01642
    0.0065153895           2240.60174           0.44225        2225.71297
    0.0065992917           2234.19541           0.44464        2219.35357
    0.0066842492           2227.73232           0.44710        2212.93785
    0.0067702754           2221.21211           0.44962        2206.46549
    0.0068573836           2214.63446           0.45220        2199.93614
    0.0069455876           2207.99901           0.45485        2193.34948
    0.0070349010           2201.30545           0.45757        2186.70518
    0.0071253378           2194.55344           0.46035        2180.00292
    0.0072169122           2187.74267           0.46320        2173.24237
    0.0073096385           2180.87280           0.46612        2166.42322
    0.0074035311           2173.94353           0.46912        2159.54516
    0.0074986048           2166.95454           0.47219        2152.60788
    0.0075948743           2159.90554           0.47533        2145.61109
    0.0076923547           2152.79622           0.47855        2138.55448
    0.0077910613           2145.62629           0.48186        2131.43776
    0.0078910095           2138.39545           0.48524        2124.26066
    0.0079922148           2131.10343           0.48871        2117.02289
    0.0080946932           2123.74994           0.49226        2109.72417
    0.0081984606           2116.33473           0.49589        2102.36425
    0.0083035332           2108.85751           0.49962        2094.94285
    0.0084099275           2101.31804           0.50343        2087.45973
    0.0085176600           2093.71606           0.50734        2079.91464
    0.0086267477           2086.05133           0.51134        2072.30734
    0.0087372075           2078.32361           0.51544        2064.63760
    0.0088490567           2070.53268           0.51964        2056.90519
    0.0089623128           2062.67832           0.52394        2049.10989
    0.0090769935           2054.76030           0.52833        2041.25151
    0.0091931167           2046.77843           0.53284        2033.32982
    0.0093107005           2038.73252           0.53745        2025.34466
    0.0094297634           2030.62237           0.54217        2017.29582
    0.0095503239           2022.44781           0.54700        2009.18315
    0.0096724009           2014.20868           0.55194        2001.00647
    0.0097960134           2005.90481           0.55700        1992.76564
    0.0099211807           1997.53605           0.56218        1984.46050
    0.0100479225           1989.10228           0.56748        1976.09093
    0.0101762585           1980.60337           0.57291        1967.65681
    0.0103062088           1972.03919           0.57846        1959.15801
    0.0104377936           1963.40966           0.58413        1950.59445
    0.0105710335           1954.71466           0.58994        1941.96603
    0.0107059495           1945.95414           0.59589        1933.27268
    0.0108425624           1937.12800           0.60197        1924.51433
    0.0109808937           1928.23621           0.60818        1915.69093
    0.0111209650           1919.27873           0.61454        1906.80244
    0.0112627982           1910.25551           0.62105        1897.84884
    0.0114064155           1901.16654           0.62770        1888.83011
    0.0115518392           1892.01184           0.63451        1879.74626
    0.0116990921           1882.79139           0.64147        1870.59730
    0.0118481973           1873.50525           0.64858        1861.38326
    0.0119991779           1864.15344           0.65585        1852.10419
    0.0121520577           1854.73602           0.66329        1842.76015
    0.0123068604           1845.25307           0.67090        1833.35120
    0.0124636104           1835.70467           0.67867        1823.87746
    0.0126223320           1826.09094           0.68661        1814.33901
    0.0127830500           1816.41199           0.69473        1804.73600
    0.0129457897           1806.66797           0.70303        1795.06855
    0.0131105764           1796.85902           0.71152        1785.33683
    0.0132774358           1786.98532           0.72019        1775.54101
    0.0134463940           1777.04707           0.72904        1765.68129
    0.0136174775           1767.04448           0.73810        1755.75789
    0.0137907130           1756.97777           0.74734        1745.77102
    0.0139661275           1746.84719           0.75679        1735.72095
    0.0141437484           1736.65301           0.76644        1725.60794
    0.0143236036           1726.39552           0.77630        1715.43228
    0.0145057210           1716.07502           0.78638        1705.19428
    0.0146901292           1705.69185           0.79666        1694.89426
    0.0148768569           1695.24635           0.80717        1684.53259
    0.0150659334           1684.73889           0.81790        1674.10964
    0.0152573882           1674.16987           0.82885        1663.62578
    0.0154512512           1663.53969           0.84004        1653.08145
    0.0156475527           1652.84880           0.85146        1642.47708
    0.0158463234           1642.09766           0.86312        1631.81312
    0.0160475943           1631.28674           0.87502        1621.09006
    0.0162513968           1620.41654           0.88717        1610.30840
    0.0164577629           1609.48761           0.89957        1599.46868
    0.0166667248           1598.50049           0.91223        1588.57144
    0.0168783151           1587.45575           0.92515        1577.61727
    0.0170925668           1576.35400           0.93833        1566.60676
    0.0173095135           1565.19587           0.95178        1555.54054
    0.0175291891           1553.98200           0.96551        1544.41926
    0.0177516278           1542.71308           0.97951        1533.24360
    0.0179768645           1531.38980           0.99379        1522.01426
    0.0182049343           1520.01290           1.00836        1510.73197
    0.0184358728           1508.58312           1.02322        1499.39747
    0.0186697162           1497.10126           1.03838        1488.01156
    0.0189065010           1485.56812           1.05383        1476.57504
    0.0191462642           1473.98453           1.06959        1465.08874
    0.0193890433           1462.35136           1.08566        1453.55353
    0.0196348761           1450.66950           1.10205        1441.97028
    0.0198838011           1438.93987           1.11875        1430.33993
    0.0201358572           1427.16341           1.13577        1418.66341
    0.0203910838           1415.34110           1.15313        1406.94170
    0.0206495207           1403.47394           1.17081        1395.17580
    0.0209112084           1391.56297           1.18883        1383.36673
    0.0211761877           1379.60925           1.20720        1371.51555
    0.0214445000           1367.61386           1.22591        1359.62335
    0.0217161873           1355.57792           1.24498        1347.69125
    0.0219912920           1343.50258           1.26440        1335.72038
    0.0222698571           1331.38902           1.28418        1323.71192
    0.0225519261           1319.23845           1.30432        1311.66707
    0.0228375431           1307.05209           1.32484        1299.58707
    0.0231267527           1294.83122           1.34573        1287.47317
    0.0234196001           1282.57713           1.36700        1275.32667
    0.0237161311           1270.29115           1.38866        1263.14887
    0.0240163920           1257.97462           1.41071        1250.94113
    0.0243204297           1245.62893           1.43315        1238.70483
    0.0246282917           1233.25549           1.45599        1226.44137
    0.0249400261           1220.85575           1.47923        1214.15219
    0.0252556817           1208.43117           1.50288        1201.83874
    0.0255753078           1195.98326           1.52694        1189.50253
    0.0258989542           1183.51354           1.55141        1177.14508
    0.0262266716           1171.02358           1.57631        1164.76792
    0.0265585112           1158.51495           1.60163        1152.37265
    0.0268945249           1145.98927           1.62739        1139.96087
    0.0272347650           1133.44818           1.65357        1127.53421
    0.0275792849           1120.89336           1.68020        1115.09433
    0.0279281382           1108.32651           1.70726        1102.64292
    0.0282813797           1095.74934           1.73477        1090.18170
    0.0286390643           1083.16361           1.76273        1077.71241
    0.0290012481           1070.57109           1.79115        1065.23681
    0.0293679875           1057.97360           1.82002        1052.75671
    0.0297393400           1045.37296           1.84935        1040.27391
    0.0301153635           1032.77103           1.87914        1027.79026
    0.0304961169           1020.16969           1.90941        1015.30763
    0.0308816595           1007.57083           1.94014        1002.82792
    0.0312720516            994.97639           1.97134         990.35303
    0.0316673543            982.38832           2.00303         977.88490
    0.0320676292            969.80859           2.03519         965.42549
    0.0324729390            957.23919           2.06783         952.97679
    0.0328833470            944.68214           2.10096         940.54078
    0.0332989173            932.13948           2.13457         928.11950
    0.0337197148            919.61325           2.16867         915.71498
    0.0341458052            907.10552           2.20327         903.32928
    0.0345772553            894.61840           2.23835         890.96448
    0.0350141323            882.15398           2.27393         878.62266
    0.0354565045            869.71440           2.31000         866.30592
    0.0359044411            857.30178           2.34657         854.01640
    0.0363580121            844.91828           2.38363         841.75623
    0.0368172883            832.56606           2.42120         829.52755
    0.0372823414            820.24731           2.45925         817.33253
    0.0377532442            807.96420           2.49781         805.17332
    0.0382300703            795.71893           2.53686         793.05212
    0.0387128940            783.51372           2.57641         780.97110
    0.0392017910            771.35077           2.61646         768.93246
    0.0396968375            759.23231           2.65700         756.93840
    0.0401981109            747.16055           2.69803         744.99112
    0.0407056896            735.13773           2.73956         733.09284
    0.0412196528            723.16607           2.78157         721.24575
    0.0417400809            711.24781           2.82407         709.45207
    0.0422670551            699.38517           2.86706         697.71400
    0.0428006579            687.58039           2.91052         686.03375
    0.0433409726            675.83568           2.95447         674.41353
    0.0438880836            664.15328           2.99888         662.85553
    0.0444420764            652.53539           3.04377         651.36195
    0.0450030376            640.98422           3.08912         639.93495
    0.0455710548            629.50196           3.13493         628.57673
    0.0461462168            618.09081           3.18120         617.28943
    0.0467286134            606.75294           3.22791         606.07520
    0.0473183357            595.49051           3.27506         594.93619
    0.0479154758            584.30565           3.32265         583.87451
    0.0485201269            573.20050           3.37067         572.89225
    0.0491323837            562.17716           3.41910         561.99150
    0.0497523417            551.23773           3.46795         551.17432
    0.0503800978            540.38425           3.51720         540.44275
    0.0510157501            529.61879           3.56684         529.79880
    0.0516593979            518.94334           3.61687         519.24445
    0.0523111418            508.35990           3.66726         508.78166
    0.0529710836            497.87042           3.71802         498.41237
    0.0536393265            487.47683           3.76913         488.13846
    0.0543159749            477.18102           3.82058         477.96181
    0.0550011344            466.98486           3.87236         467.88424
    0.0556949122            456.89016           3.92444         457.90755
    0.0563974166            446.89871           3.97683         448.03350
    0.0571087575            437.01226           4.02950         438.26379
    0.0578290459            427.23251           4.08244         428.60010
    0.0585583944            417.56113           4.13564         419.04406
    0.0592969170            407.99972           4.18907         409.59727
    0.0600447291            398.54986           4.24272         400.26125
    0.0608019475            389.21307           4.29658         391.03750
    0.0615686905            379.99082           4.35062         381.92745
    0.0623450780            370.88455           4.40484         372.93251
    0.0631312312            361.89560           4.45920         364.05401
    0.0639272730            353.02531           4.51368         355.29323
    0.0647333278            344.27493           4.56828         346.65140
    0.0655495215            335.64566           4.62296         338.12968
    0.0663759817            327.13864           4.67771         329.72920
    0.0672128374            318.75497           4.73250         321.45100
    0.0680602195            310.49566           4.78731         313.29607
    0.0689182604            302.36167           4.84212         305.26534
    0.0697870940            294.35390           4.89689         297.35968
    0.0706668563            286.47318           4.95162         289.57988
    0.0715576846            278.72027           5.00626         281.92669
    0.0724597182            271.09589           5.06080         274.40076
    0.0733730979            263.60065           5.11521         267.00270
    0.0742979665            256.23513           5.16945         259.73303
    0.0752344686            248.99980           5.22351         252.59222
    0.0761827504            241.89511           5.27735         245.58067
    0.0771429601            234.92139           5.33095         238.69868
    0.0781152478            228.07893           5.38427         231.94652
    0.0790997653            221.36794           5.43729         225.32435
    0.0800966665            214.78854           5.48997         218.83228
    0.0811061072            208.34081           5.54228         212.47035
    0.0821282452            202.02474           5.59419         206.23851
    0.0831632400            195.84023           5.64566         200.13665
    0.0842112535            189.78713           5.69668         194.16458
    0.0852724493            183.86521           5.74719         188.32205
    0.0863469934            178.07416           5.79717         182.60871
    0.0874350535            172.41360           5.84658         177.02416
    0.0885367998            166.88309           5.89539         171.56793
    0.0896524043            161.48209           5.94356         166.23946
    0.0907820414            156.21002           5.99106         161.03813
    0.0919258876            151.06620           6.03785         155.96325
    0.0930841216            146.04989           6.08389         151.01405
    0.0942569244            141.16028           6.12916         146.18969
    0.0954444792            136.39650           6.17361         141.48928
    0.0966469717            131.75760           6.21720         136.91185
    0.0978645896            127.24256           6.25990         132.45635
    0.0990975233            122.85030           6.30167         128.12169
    0.1003459653            118.57967           6.34248         123.90669
    0.1016101109            114.42946           6.38229         119.81013
    0.1028901574            110.39840           6.42105         115.83071
    0.1041863049            106.48515           6.45874         111.96708
    0.1054987560            102.68833           6.49532         108.21784
    0.1068277157             99.00647           6.53074         104.58151
    0.1081733916             95.43808           6.56497         101.05657
    0.1095359940             91.98159           6.59798          97.64145
    0.1109157359             88.63538           6.62973          94.33452
    0.1123128328             85.39781           6.66019          91.13411
    0.1137275030             82.26714           6.68930          88.03849
    0.1151599676             79.24163           6.71705          85.04590
    0.1166104503             76.31948           6.74340          82.15453
    0.1180791779             73.49884           6.76831          79.36252
    0.1195663798             70.77784           6.79175          76.66800
    0.1210722884             68.15454           6.81368          74.06903
    0.1225971390             65.62701           6.83408          71.56367
    0.1241411698             63.19326           6.85290          69.14992
    0.1257046222             60.85127           6.87013          66.82577
    0.1272877404             58.59901           6.88573          64.58919
    0.1288907717             56.43441           6.89966          62.43810
    0.1305139667             54.35539           6.91191          60.37043
    0.1321575790             52.35984           6.92244          58.38408
    0.1338218654             50.44565           6.93123          56.47693
    0.1355070859             48.61067           6.93826          54.64687
    0.1372135039             46.85277           6.94349          52.89174
    0.1389413860             45.16980           6.94691          51.20941
    0.1406910022             43.55959           6.94849          49.59774
    0.1424626258             42.01999           6.94822          48.05457
    0.1442565337             40.54883           6.94608          46.57776
    0.1460730062             39.14397           6.94204          45.16517
    0.1479123271             37.80324           6.93610          43.81466
    0.1497747839             36.52450           6.92823          42.52411
    0.1516606674             35.30562           6.91843          41.29139
    0.1535702724             34.14448           6.90669          40.11441
    0.1555038973             33.03896           6.89299          38.99109
    0.1574618443             31.98698           6.87733          37.91935
    0.1594444191             30.98646           6.85970          36.89715
    0.1614519317             30.03536           6.84010          35.92248
    0.1634846957             29.13166           6.81853          34.99332
    0.1655430287             28.27336           6.79497          34.10772
    0.1676272523             27.45848           6.76944          33.26373
    0.1697376923             26.68508           6.74194          32.45944
    0.1718746783             25.95127           6.71247          31.69298
    0.1740385443             25.25516           6.68103          30.96251
    0.1762296283             24.59491           6.64764          30.26621
    0.1784482729             23.96873           6.61231          29.60234
    0.1806948245             23.37485           6.57504          28.96915
    0.1829696343             22.81155           6.53585          28.36497
    0.1852730576             22.27715           6.49475          27.78814
    0.1876054545             21.77001           6.45177          27.23708
    0.1899671893             21.28854           6.40691          26.71022
    0.1923586310             20.83118           6.36021          26.20606
    0.1947801534             20.39644           6.31167          25.72313
    0.1972321348             19.98285           6.26134          25.26002
    0.1997149584             19.58902           6.20922          24.81536
    0.2022290120             19.21358           6.15536          24.38785
    0.2047746885             18.85521           6.09977          23.97619
    0.2073523857             18.51266           6.04250          23.57919
    0.2099625063             18.18472           5.98357          23.19568
    0.2126054582             17.87022           5.92303          22.82453
    0.2152816543             17.56805           5.86090          22.46467
    0.2179915128             17.27715           5.79724          22.11511
    0.2207354572             16.99650           5.73207          21.77486
    0.2235139161             16.72516           5.66545          21.44302
    0.2263273238             16.46219           5.59741          21.11872
    0.2291761197             16.20675           5.52801          20.80115
    0.2320607491             15.95801           5.45730          20.48953
    0.2349816627             15.71521           5.38532          20.18315
    0.2379393168             15.47763           5.31212          19.88135
    0.2409341737             15.24460           5.23777          19.58350
    0.2439667012             15.01549           5.16231          19.28901
    0.2470373732             14.78973           5.08580          18.99736
    0.2501466695             14.56677           5.00830          18.70807
    0.2532950759             14.34612           4.92986          18.42068
    0.2564830844             14.12733           4.85056          18.13479
    0.2597111932             13.90999           4.77045          17.85004
    0.2629799065             13.69372           4.68958          17.56611
    0.2662897352             13.47820           4.60804          17.28271
    0.2696411964             13.26313           4.52587          16.99959
    0.2730348138             13.04825           4.44314          16.71654
    0.2764711177             12.83334           4.35993          16.43338
    0.2799506449             12.61819           4.27629          16.14996
    0.2834739392             12.40266           4.19229          15.86618
    0.2870415511             12.18661           4.10799          15.58193
    0.2906540380             11.96994           4.02347          15.29717
    0.2943119644             11.75257           3.93879          15.01187
    0.2980159019             11.53447           3.85402          14.72601
    0.3017664291             11.31560           3.76921          14.43961
    0.3055641322             11.09596           3.68445          14.15272
    0.3094096045             10.87559           3.59979          13.86539
    0.3133034469             10.65450           3.51529          13.57770
    0.3172462678             10.43278           3.43103          13.28975
    0.3212386833             10.21049           3.34706          13.00165
    0.3252813172              9.98772           3.26345          12.71353
    0.3293748012              9.76458           3.18026          12.42552
    0.3335197748              9.54120           3.09756          12.13778
    0.3377168858              9.31770           3.01538          11.85047
    0.3419667900              9.09423           2.93381          11.56376
    0.3462701513              8.87093           2.85289          11.27782
    0.3506276423              8.64796           2.77268          10.99285
    0.3550399438              8.42549           2.69323          10.70904
    0.3595077452              8.20369           2.61460          10.42657
    0.3640317447              7.98272           2.53683          10.14564
    0.3686126490              7.76278           2.45997           9.86646
    0.3732511740              7.54403           2.38407           9.58921
    0.3779480445              7.32666           2.30917           9.31411
    0.3827039944              7.11085           2.23532           9.04135
    0.3875197667              6.89678           2.16256           8.77111
    0.3923961140              6.68462           2.09092           8.50360
    0.3973337982              6.47455           2.02044           8.23901
    0.4023335908              6.26673           1.95116           7.97751
    0.4073962730              6.06135           1.88311           7.71929
    0.4125226360              5.85856           1.81631           7.46451
    0.4177134806              5.65852           1.75079           7.21335
    0.4229696181              5.46138           1.68659           6.96597
    0.4282918696              5.26728           1.62372           6.72250
    0.4336810668              5.07638           1.56220           6.48311
    0.4391380518              4.88878           1.50205           6.24793
    0.4446636772              4.70463           1.44329           6.01707
    0.4502588064              4.52404           1.38592           5.79067
    0.4559243136              4.34711           1.32997           5.56883
    0.4616610842              4.17395           1.27544           5.35164
    0.4674700144              4.00464           1.22234           5.13920
    0.4733520120              3.83927           1.17067           4.93160
    0.4793079961              3.67791           1.12044           4.72889
    0.4853388971              3.52062           1.07164           4.53115
    0.4914456576              3.36747           1.02428           4.33841
    0.4976292317              3.21850           0.97835           4.15074
    0.5038905855              3.07374           0.93384           3.96815
    0.5102306975              2.93322           0.89075           3.79068
    0.5166505583              2.79697           0.84907           3.61833
    0.5231511710              2.66500           0.80879           3.45111
    0.5297335513              2.53731           0.76990           3.28902
    0.5363987278              2.41390           0.73237           3.13204
    0.5431477419              2.29475           0.69621           2.98016
    0.5499816481              2.17984           0.66138           2.83335
    0.5569015143              2.06915           0.62786           2.69157
    0.5639084217              1.96264           0.59565           2.55477
    0.5710034651              1.86027           0.56472           2.42291
    0.5781877532              1.76200           0.53504           2.29592
    0.5854624085              1.66776           0.50659           2.17375
    0.5928285678              1.57750           0.47935           2.05633
    0.6002873819              1.49115           0.45329           1.94357
    0.6078400163              1.40865           0.42838           1.83540
    0.6154876511              1.32991           0.40460           1.73174
    0.6232314814              1.25485           0.38193           1.63248
    0.6310727171              1.18340           0.36032           1.53754
    0.6390125834              1.11546           0.33975           1.44683
    0.6470523208              1.05095           0.32020           1.36023
    0.6551931858              0.98976           0.30162           1.27764
    0.6634364502              0.93181           0.28400           1.19896
    0.6717834021              0.87699           0.26730           1.12408
    0.6802353458              0.82520           0.25149           1.05289
    0.6887936018              0.77634           0.23655           0.98527
    0.6974595074              0.73031           0.22243           0.92111
    0.7062344167              0.68701           0.20910           0.86029
    0.7151197008              0.64632           0.19655           0.80272
    0.7241167479              0.60815           0.18473           0.74825
    0.7332269640              0.57238           0.17362           0.69680
    0.7424517726              0.53893           0.16319           0.64823
    0.7517926149              0.50767           0.15341           0.60243
    0.7612509505              0.47851           0.14424           0.55931
    0.7708282574              0.45135           0.13567           0.51873
    0.7805260320              0.42609           0.12766           0.48060
    0.7903457895              0.40263           0.12018           0.44480
    0.8002890644              0.38088           0.11322           0.41124
    0.8103574103              0.36073           0.10673           0.37980
    0.8205524004              0.34211           0.10070           0.35039
    0.8308756277              0.32491           0.09510           0.32291
    0.8413287052              0.30905           0.08991           0.29726
    0.8519132662              0.29445           0.08511           0.27334
    0.8626309646              0.28102           0.08066           0.25107
    0.8734834751              0.26870           0.07656           0.23036
    0.8844724933              0.25739           0.07277           0.21112
    0.8955997364              0.24703           0.06928           0.19327
    0.9068669430              0.23756           0.06607           0.17672
    0.9182758735              0.22889           0.06312           0.16141
    0.9298283108              0.22097           0.06040           0.14726
    0.9415260598              0.21373           0.05792           0.13420
    0.9533709484              0.20712           0.05564           0.12215
    0.9653648274              0.20108           0.05355           0.11106
    0.9775095708              0.19556           0.05164           0.10085
    0.9898070762              0.19051           0.04989           0.09147
    1.0022592652              0.18588           0.04828           0.08287
    1.0148680835              0.18162           0.04681           0.07499
    1.0276355012              0.17770           0.04547           0.06777
    1.0405635132              0.17407           0.04423           0.06117
    1.0536541396              0.17070           0.04310           0.05515
    1.0669094258              0.16755           0.04205           0.04966
    1.0803314430              0.16459           0.04108           0.04465
    1.0939222884              0.16179           0.04019           0.04010
    1.1076840856              0.15913           0.03935           0.03597
    1.1216189849              0.15659           0.03857           0.03222
    1.1357291636              0.15413           0.03784           0.02882
    1.1500168265              0.15174           0.03715           0.02574
    1.1644842061              0.14941           0.03650           0.02296
    1.1791335629              0.14712           0.03588           0.02046
    1.1939671860              0.14485           0.03528           0.01820
    1.2089873931              0.14259           0.03470           0.01616
    1.2241965311              0.14034           0.03414           0.01434
    1.2395969765              0.13808           0.03359           0.01270
    1.2551911357              0.13580           0.03305           0.01123
    1.2709814452              0.13351           0.03252           0.00992
    1.2869703724              0.13119           0.03199           0.00875
    1.3031604156              0.12884           0.03147           0.00770
    1.3195541044              0.12646           0.03095           0.00677
    1.3361540004              0.12404           0.03042           0.00594
    1.3529626975              0.12160           0.02990           0.00521
    1.3699828219              0.11911           0.02937           0.00456
    1.3872170331              0.11660           0.02883           0.00398
    1.4046680240              0.11405           0.02830           0.00347
    1.4223385213              0.11148           0.02775           0.00302
    1.4402312862              0.10887           0.02721           0.00263
    1.4583491143              0.10624           0.02665           0.00228
    1.4766948366              0.10359           0.02609           0.00198
    1.4952713198              0.10092           0.02553           0.00171
    1.5140814663              0.09824           0.02496           0.00148
    1.5331282153              0.09554           0.02439           0.00127
    1.5524145429              0.09284           0.02381           0.00109
    1.5719434627              0.09014           0.02323           0.00094
    1.5917180261              0.08743           0.02265           0.00081
    1.6117413228              0.08473           0.02206           0.00069
    1.6320164816              0.08205           0.02147           0.00059
    1.6525466705              0.07937           0.02088           0.00050
    1.6733350974              0.07672           0.02030           0.00043
    1.6943850105              0.07408           0.01971           0.00036
    1.7156996990              0.07148           0.01912           0.00031
    1.7372824932              0.06890           0.01854           0.00026
    1.7591367655              0.06635           0.01796           0.00022
    1.7812659307              0.06384           0.01739           0.00019
    1.8036734466              0.06137           0.01681           0.00016
    1.8263628143              0.05894           0.01625           0.00013
    1.8493375792              0.05656           0.01569           0.00011
    1.8726013310              0.05422           0.01514           0.00009
    1.8961577047              0.05194           0.01459           0.00008
    1.9200103812              0.04970           0.01405           0.00006
    1.9441630874              0.04752           0.01352           0.00005
    1.9686195973              0.04540           0.01300           0.00004
    1.9933837322              0.04333           0.01249           0.00004
    2.0184593615              0.04131           0.01199           0.00003
    2.0438504035              0.03936           0.01150           0.00002
    2.0695608254              0.03746           0.01102           0.00002
    2.0955946446              0.03563           0.01055           0.00002
    2.1219559290              0.03385           0.01010           0.00001
    2.1486487975              0.03214           0.00965           0.00001
    2.1756774210              0.03048           0.00922           0.00001
    2.2030460227              0.02889           0.00880           0.00001
    2.2307588790              0.02735           0.00839           0.00001
    2.2588203201              0.02587           0.00799           0.00000
    2.2872347307              0.02446           0.00761           0.00000
    2.3160065506              0.02309           0.00723           0.00000
    2.3451402755              0.02179           0.00687           0.00000
    2.3746404575              0.02054           0.00653           0.00000
    2.4045117061              0.01935           0.00619           0.00000
    2.4347586887              0.01821           0.00587           0.00000
    2.4653861316              0.01712           0.00556           0.00000
    2.4963988202              0.01608           0.00526           0.00000
    2.5278016005              0.01510           0.00497           0.00000
    2.5595993791              0.01416           0.00470           0.00000
    2.5917971245              0.01327           0.00443           0.00000
    2.6243998678              0.01242           0.00418           0.00000
    2.6574127030              0.01162           0.00394           0.00000
    2.6908407886              0.01086           0.00371           0.00000
    2.7246893477              0.01014           0.00349           0.00000
    2.7589636693              0.00946           0.00328           0.00000
    2.7936691088              0.00882           0.00308           0.00000
    2.8288110890              0.00822           0.00289           0.00000
    2.8643951009              0.00765           0.00271           0.00000
    2.9004267045              0.00711           0.00253           0.00000
    2.9369115300              0.00661           0.00237           0.00000
    2.9738552780              0.00614           0.00222           0.00000
    3.0112637212              0.00569           0.00207           0.00000
    3.0491427047              0.00528           0.00193           0.00000
    3.0874981471              0.00489           0.00180           0.00000
    3.1263360416              0.00452           0.00168           0.00000
    3.1656624567              0.00418           0.00156           0.00000
    3.2054835372              0.00386           0.00145           0.00000
    3.2458055052              0.00356           0.00135           0.00000
    3.2866346611              0.00329           0.00125           0.00000
    3.3279773846              0.00303           0.00116           0.00000
    3.3698401355              0.00279           0.00108           0.00000
    3.4122294551              0.00256           0.00100           0.00000
    3.4551519666              0.00236           0.00092           0.00000
    3.4986143768              0.00216           0.00085           0.00000
    3.5426234769              0.00199           0.00079           0.00000
    3.5871861433              0.00182           0.00073           0.00000
    3.6323093391              0.00167           0.00067           0.00000
    3.6780001148              0.00153           0.00062           0.00000
    3.7242656096              0.00140           0.00057           0.00000
    3.7711130528              0.00128           0.00052           0.00000
    3.8185497643              0.00117           0.00048           0.00000
    3.8665831561              0.00106           0.00044           0.00000
    3.9152207337              0.00097           0.00040           0.00000
    3.9644700966              0.00088           0.00037           0.00000
    4.0143389403              0.00080           0.00034           0.00000
    4.0648350568              0.00073           0.00031           0.00000
    4.1159663363              0.00066           0.00028           0.00000
    4.1677407680              0.00060           0.00026           0.00000
    4.2201664420              0.00055           0.00023           0.00000
    4.2732515498              0.00049           0.00021           0.00000
    4.3270043860              0.00045           0.00019           0.00000
    4.3814333497              0.00040           0.00017           0.00000
    4.4365469454              0.00036           0.00016           0.00000
    4.4923537848              0.00033           0.00014           0.00000
    4.5488625879              0.00030           0.00013           0.00000
    4.6060821842              0.00027           0.00012           0.00000
    4.6640215144              0.00024           0.00011           0.00000
    4.7226896317              0.00022           0.00010           0.00000
    4.7820957031              0.00019           0.00009           0.00000
    4.8422490108              0.00017           0.00008           0.00000
    4.9031589540              0.00016           0.00007           0.00000
    4.9648350500              0.00014           0.00006           0.00000
    5.0272869358              0.00012           0.00006           0.00000
    5.0905243695              0.00011           0.00005           0.00000
    5.1545572323              0.00010           0.00004           0.00000
    5.2193955294              0.00009           0.00004           0.00000
    5.2850493918              0.00008           0.00004           0.00000
    5.3515290781              0.00007           0.00003           0.00000
    5.4188449760              0.00006           0.00003           0.00000
    5.4870076036              0.00005           0.00003           0.00000
    5.5560276115              0.00005           0.00002           0.00000
    5.6259157843              0.00004           0.00002           0.00000
    5.6966830420              0.00004           0.00002           0.00000
    5.7683404423              0.00003           0.00002           0.00000
    5.8408991817              0.00003           0.00001           0.00000
    5.9143705977              0.00003           0.00001           0.00000
    5.9887661703              0.00002           0.00001           0.00000
    6.0640975240              0.00002           0.00001           0.00000
    6.1403764296              0.00002           0.00001           0.00000
    6.2176148056              0.00002           0.00001           0.00000
    6.2958247208              0.00001           0.00001           0.00000
    6.3750183957              0.00001           0.00001           0.00000
    6.4552082043              0.00001           0.00000           0.00000
    6.5364066766              0.00001           0.00000           0.00000
    6.6186264999              0.00001           0.00000           0.00000
    6.7018805212              0.00001           0.00000           0.00000
    6.7861817493              0.00001           0.00000           0.00000
    6.8715433562              0.00000           0.00000           0.00000
    6.9579786800              0.00000           0.00000           0.00000
    7.0455012264              0.00000           0.00000           0.00000
    7.1341246708              0.00000           0.00000           0.00000
    7.2238628609              0.00000           0.00000           0.00000
    7.3147298185              0.00000           0.00000           0.00000
    7.4067397418              0.00000           0.00000           0.00000
    7.4999070074              0.00000           0.00000           0.00000
    7.5942461729              0.00000           0.00000           0.00000
    7.6897719791              0.00000           0.00000           0.00000
    7.7864993519              0.00000           0.00000           0.00000
    7.8844434054              0.00000           0.00000           0.00000
    7.9836194434              0.00000           0.00000           0.00000
    8.0840429623              0.00000           0.00000           0.00000
    8.1857296537              0.00000           0.00000           0.00000
    8.2886954061              0.00000           0.00000           0.00000
    8.3929563083              0.00000           0.00000           0.00000
    8.4985286512              0.00000           0.00000           0.00000
    8.6054289307              0.00000           0.00000           0.00000
    8.7136738501              0.00000           0.00000           0.00000
    8.8232803231              0.00000           0.00000           0.00000
    8.9342654757              0.00000           0.00000           0.00000
    9.0466466498              0.00000           0.00000           0.00000
    9.1604414049              0.00000           0.00000           0.00000
    9.2756675219              0.00000           0.00000           0.00000
    9.3923430050              0.00000           0.00000           0.00000
    9.5104860850              0.00000           0.00000           0.00000
    9.6301152221              0.00000           0.00000           0.00000
    9.7512491084              0.00000           0.00000           0.00000
    9.8739066714              0.00000           0.00000           0.00000
    9.9981070767              0.00000           0.00000           0.00000
   10.1238697307              0.00000           0.00000           0.00000
   10.2512142842              0.00000           0.00000           0.00000
   10.3801606350              0.00000           0.00000           0.00000
   10.5107289312              0.00000           0.00000           0.00000
   10.6429395744              0.00000           0.00000           0.00000
   10.7768132228              0.00000           0.00000           0.00000
   10.9123707944              0.00000           0.00000           0.00000
   11.0496334703              0.00000           0.00000           0.00000
   11.1886226981              0.00000           0.00000           0.00000
   11.3293601952              0.00000           0.00000           0.00000
   11.4718679521              0.00000           0.00000           0.00000
   11.6161682359              0.00000           0.00000           0.00000
   11.7622835938              0.00000           0.00000           0.00000
   11.9102368567              0.00000           0.00000           0.00000
   12.0600511425              0.00000           0.00000           0.00000
   12.2117498600              0.00000           0.00000           0.00000
   12.3653567125              0.00000           0.00000           0.00000
   12.5208957014              0.00000           0.00000           0.00000
   12.6783911299              0.00000           0.00000           0.00000
   12.8378676070              0.00000           0.00000           0.00000
   12.9993500513              0.00000           0.00000           0.00000
   13.1628636947              0.00000           0.00000           0.00000
   13.3284340865              0.00000           0.00000           0.00000
   13.4960870974              0.00000           0.00000           0.00000
   13.6658489236              0.00000           0.00000           0.00000
   13.8377460908              0.00000           0.00000           0.00000
   14.0118054581              0.00000           0.00000           0.00000
   14.1880542227              0.00000           0.00000           0.00000
   14.3665199239              0.00000           0.00000           0.00000
   14.5472304472              0.00000           0.00000           0.00000
   14.7302140291              0.00000           0.00000           0.00000
   14.9154992612              0.00000           0.00000           0.00000
   15.1031150945              0.00000           0.00000           0.00000
   15.2930908445              0.00000           0.00000           0.00000
   15.4854561953              0.00000           0.00000           0.00000
   15.6802412043              0.00000           0.00000           0.00000
   15.8774763071              0.00000           0.00000           0.00000
   16.0771923221              0.00000           0.00000           0.00000
   16.2794204553              0.00000           0.00000           0.00000
   16.4841923053              0.00000           0.00000           0.00000
   16.6915398681              0.00000           0.00000           0.00000
   16.9014955421              0.00000           0.00000           0.00000
   17.1140921334              0.00000           0.00000           0.00000
   17.3293628607              0.00000           0.00000           0.00000
   17.5473413603              0.00000           0.00000           0.00000
   17.7680616920              0.00000           0.00000           0.00000
   17.9915583436              0.00000           0.00000           0.00000
   18.2178662371              0.00000           0.00000           0.00000
   18.4470207334              0.00000           0.00000           0.00000
   18.6790576384              0.00000           0.00000           0.00000
   18.9140132084              0.00000           0.00000           0.00000
   19.1519241557              0.00000           0.00000           0.00000
   19.3928276543              0.00000           0.00000           0.00000
   19.6367613458              0.00000           0.00000           0.00000
   19.8837633455              0.00000           0.00000           0.00000
   20.1338722479              0.00000           0.00000           0.00000
   20.3871271330              0.00000           0.00000           0.00000
   20.6435675723              0.00000           0.00000           0.00000
   20.9032336354              0.00000           0.00000           0.00000
   21.1661658954              0.00000           0.00000           0.00000
   21.4324054361              0.00000           0.00000           0.00000
   21.7019938579              0.00000           0.00000           0.00000
   21.9749732847              0.00000           0.00000           0.00000
   22.2513863699              0.00000           0.00000           0.00000
   22.5312763038              0.00000           0.00000           0.00000
   22.8146868196              0.00000           0.00000           0.00000
   23.1016622008              0.00000           0.00000           0.00000
   23.3922472880              0.00000           0.00000           0.00000
   23.6864874856              0.00000           0.00000           0.00000
   23.9844287693              0.00000           0.00000           0.00000
   24.2861176930              0.00000           0.00000           0.00000
   24.5916013962              0.00000           0.00000           0.00000
   24.9009276113              0.00000           0.00000           0.00000
   25.2141446713              0.00000           0.00000           0.00000
   25.5313015169              0.00000           0.00000           0.00000
   25.8524477044              0.00000           0.00000           0.00000
   26.1776334138              0.00000           0.00000           0.00000
   26.5069094558              0.00000           0.00000           0.00000
   26.8403272805              0.00000           0.00000           0.00000
   27.1779389853              0.00000           0.00000           0.00000
   27.5197973224              0.00000           0.00000           0.00000
   27.8659557081              0.00000           0.00000           0.00000
   28.2164682303              0.00000           0.00000           0.00000
   28.5713896573              0.00000           0.00000           0.00000
   28.9307754462              0.00000           0.00000           0.00000
   29.2946817519              0.00000           0.00000           0.00000
   29.6631654354              0.00000           0.00000           0.00000
   30.0362840730              0.00000           0.00000           0.00000
   30.4140959654              0.00000           0.00000           0.00000
   30.7966601463              0.00000           0.00000           0.00000
   31.1840363923              0.00000           0.00000           0.00000
   31.5762852315              0.00000           0.00000           0.00000
   31.9734679538              0.00000           0.00000           0.00000
   32.3756466198              0.00000           0.00000           0.00000
   32.7828840705              0.00000           0.00000           0.00000
   33.1952439379              0.00000           0.00000           0.00000
   33.6127906538              0.00000           0.00000           0.00000
   34.0355894609              0.00000           0.00000           0.00000
   34.4637064222              0.00000           0.00000           0.00000
   34.8972084321              0.00000           0.00000           0.00000
   35.3361632259              0.00000           0.00000           0.00000
   35.7806393913              0.00000           0.00000           0.00000
   36.2307063787              0.00000           0.00000           0.00000
   36.6864345118              0.00000           0.00000           0.00000
   37.1478949992              0.00000           0.00000           0.00000
   37.6151599450              0.00000           0.00000           0.00000
   38.0883023602              0.00000           0.00000           0.00000
   38.5673961744              0.00000           0.00000           0.00000
   39.0525162469              0.00000           0.00000           0.00000
   39.5437383788              0.00000           0.00000           0.00000
   40.0411393244              0.00000           0.00000           0.00000
   40.5447968037              0.00000           0.00000           0.00000
   41.0547895142              0.00000           0.00000           0.00000
   41.5711971433              0.00000           0.00000           0.00000
   42.0941003807              0.00000           0.00000           0.00000
   42.6235809312              0.00000           0.00000           0.00000
   43.1597215271              0.00000           0.00000           0.00000
   43.7026059415              0.00000           0.00000           0.00000
   44.2523190012              0.00000           0.00000           0.00000
   44.8089466000              0.00000           0.00000           0.00000
   45.3725757121              0.00000           0.00000           0.00000
   45.9432944056              0.00000           0.00000           0.00000
   46.5211918566              0.00000           0.00000           0.00000
   47.1063583626              0.00000           0.00000           0.00000
   47.6988853572              0.00000           0.00000           0.00000
   48.2988654239              0.00000           0.00000           0.00000
   48.9063923108              0.00000           0.00000           0.00000
   49.5215609452              0.00000           0.00000           0.00000
   50.1444674485              0.00000           0.00000           0.00000
   50.7752091510              0.00000           0.00000           0.00000
   51.4138846074              0.00000           0.00000           0.00000
   52.0605936121              0.00000           0.00000           0.00000
   52.7154372147              0.00000           0.00000           0.00000
   53.3785177359              0.00000           0.00000           0.00000
   54.0499387832              0.00000           0.00000           0.00000
   54.7298052676              0.00000           0.00000           0.00000
   55.4182234197              0.00000           0.00000           0.00000
   56.1153008061              0.00000           0.00000           0.00000
   56.8211463467              0.00000           0.00000           0.00000
   57.5358703312              0.00000           0.00000           0.00000
   58.2595844367              0.00000           0.00000           0.00000
   58.9924017450              0.00000           0.00000           0.00000
   59.7344367603              0.00000           0.00000           0.00000
   60.4858054270              0.00000           0.00000           0.00000
   61.2466251482              0.00000           0.00000           0.00000
   62.0170148033              0.00000           0.00000           0.00000
   62.7970947674              0.00000           0.00000           0.00000
   63.5869869295              0.00000           0.00000           0.00000
   64.3868147119              0.00000           0.00000           0.00000
   65.1967030893              0.00000           0.00000           0.00000
   66.0167786084              0.00000           0.00000           0.00000
   66.8471694076              0.00000           0.00000           0.00000
   67.6880052373              0.00000           0.00000           0.00000
   68.5394174798              0.00000           0.00000           0.00000
   69.4015391698              0.00000           0.00000           0.00000
   70.2745050158              0.00000           0.00000           0.00000
   71.1584514204              0.00000           0.00000           0.00000
   72.0535165020              0.00000           0.00000           0.00000
   72.9598401163              0.00000           0.00000           0.00000
   73.8775638783              0.00000           0.00000           0.00000
   74.8068311841              0.00000           0.00000           0.00000
   75.7477872338              0.00000           0.00000           0.00000
   76.7005790535              0.00000           0.00000           0.00000
   77.6653555189              0.00000           0.00000           0.00000
   78.6422673784              0.00000           0.00000           0.00000
   79.6314672763              0.00000           0.00000           0.00000
   80.6331097773              0.00000           0.00000           0.00000
   81.6473513898              0.00000           0.00000           0.00000
   82.6743505914              0.00000           0.00000           0.00000
   83.7142678526              0.00000           0.00000           0.00000
   84.7672656628              0.00000           0.00000           0.00000
   85.8335085548              0.00000           0.00000           0.00000
   86.9131631314              0.00000           0.00000           0.00000
   88.0063980908              0.00000           0.00000           0.00000
   89.1133842531              0.00000           0.00000           0.00000
   90.2342945872              0.00000           0.00000           0.00000
   91.3693042377              0.00000           0.00000           0.00000
   92.5185905520              0.00000           0.00000           0.00000
   93.6823331086              0.00000           0.00000           0.00000
   94.8607137445              0.00000           0.00000           0.00000
   96.0539165841              0.00000           0.00000           0.00000
   97.2621280678              0.00000           0.00000           0.00000
   98.4855369811              0.00000           0.00000           0.00000
   99.7243344842              0.00000           0.00000           0.00000
  100.9787141416              0.00000           0.00000           0.00000
  102.2488719527              0.00000           0.00000           0.00000
  103.5350063824              0.00000           0.00000           0.00000
  104.8373183916              0.00000           0.00000           0.00000
  106.1560114693              0.00000           0.00000           0.00000
  107.4912916640              0.00000           0.00000           0.00000
  108.8433676159              0.00000           0.00000           0.00000
  110.2124505897              0.00000           0.00000           0.00000
  111.5987545072              0.00000           0.00000           0.00000
  113.0024959815              0.00000           0.00000           0.00000
  114.4238943498              0.00000           0.00000           0.00000
  115.8631717087              0.00000           0.00000           0.00000
  117.3205529481              0.00000           0.00000           0.00000
  118.7962657867              0.00000           0.00000           0.00000
