  0.0000    -13.39161
  0.0100    -13.39161
  0.0201    -13.39160
  0.0301    -13.39160
  0.0402    -13.39157
  0.0504    -13.39152
  0.0600    -13.39143
  0.0707    -13.39127
  0.0801    -13.39105
  0.0908    -13.39069
  0.1003    -13.39024
  0.1109    -13.38957
  0.1211    -13.38873
  0.1305    -13.38773
  0.1407    -13.38638
  0.1517    -13.38456
  0.1615    -13.38258
  0.1719    -13.38005
  0.1807    -13.37752
  0.1924    -13.37357
  0.2022    -13.36964
  0.2126    -13.36486
  0.2207    -13.36062
  0.2321    -13.35390
  0.2409    -13.34794
  0.2501    -13.34104
  0.2630    -13.33016
  0.2730    -13.32051
  0.2835    -13.30937
  0.2907    -13.30101
  0.3018    -13.28688
  0.3133    -13.27060
  0.3212    -13.25839
  0.3335    -13.23780
  0.3420    -13.22238
  0.3506    -13.20546
  0.3640    -13.17695
  0.3733    -13.15564
  0.3827    -13.13229
  0.3924    -13.10672
  0.4023    -13.07872
  0.4125    -13.04808
  0.4230    -13.01458
  0.4337    -12.97797
  0.4447    -12.93798
  0.4503    -12.91663
  0.4617    -12.87104
  0.4734    -12.82133
  0.4853    -12.76716
  0.4914    -12.73830
  0.5039    -12.67680
  0.5102    -12.64405
  0.5232    -12.57435
  0.5364    -12.49866
  0.5431    -12.45845
  0.5569    -12.37299
  0.5639    -12.32763
  0.5710    -12.28045
  0.5855    -12.18035
  0.5928    -12.12732
  0.6003    -12.07222
  0.6155    -11.95556
  0.6232    -11.89388
  0.6311    -11.82988
  0.6471    -11.69468
  0.6552    -11.62335
  0.6634    -11.54946
  0.6718    -11.47295
  0.6802    -11.39375
  0.6975    -11.22707
  0.7062    -11.13949
  0.7151    -11.04900
  0.7241    -10.95557
  0.7332    -10.85914
  0.7425    -10.75967
  0.7518    -10.65712
  0.7613    -10.55147
  0.7708    -10.44267
  0.7805    -10.33071
  0.7903    -10.21557
  0.8003    -10.09722
  0.8104     -9.97567
  0.8206     -9.85091
  0.8309     -9.72295
  0.8413     -9.59180
  0.8519     -9.45748
  0.8626     -9.32004
  0.8735     -9.17950
  0.8845     -9.03591
  0.8956     -8.88935
  0.9069     -8.73987
  0.9183     -8.58757
  0.9298     -8.43253
  0.9415     -8.27485
  0.9534     -8.11467
  0.9654     -7.95210
  0.9775     -7.78729
  0.9898     -7.62040
  1.0023     -7.45160
  1.0149     -7.28107
  1.0276     -7.10900
  1.0406     -6.93561
  1.0537     -6.76112
  1.0669     -6.58577
  1.0803     -6.40980
  1.0939     -6.23348
  1.1077     -6.05708
  1.1216     -5.88089
  1.1357     -5.70520
  1.1500     -5.53033
  1.1645     -5.35659
  1.1791     -5.18429
  1.1940     -5.01378
  1.2090     -4.84538
  1.2242     -4.67945
  1.2396     -4.51631
  1.2552     -4.35632
  1.2710     -4.19981
  1.2870     -4.04712
  1.3032     -3.89858
  1.3196     -3.75450
  1.3362     -3.61520
  1.3530     -3.48096
  1.3700     -3.35205
  1.3872     -3.22871
  1.4047     -3.11117
  1.4223     -2.99959
  1.4402     -2.89413
  1.4583     -2.79488
  1.4767     -2.70188
  1.4953     -2.61512
  1.5141     -2.53454
  1.5331     -2.45999
  1.5524     -2.39124
  1.5719     -2.32801
  1.5917     -2.26992
  1.6117     -2.21650
  1.6320     -2.16720
  1.6525     -2.12139
  1.6733     -2.07837
  1.6944     -2.03737
  1.7157     -1.99759
  1.7373     -1.95820
  1.7591     -1.91840
  1.7813     -1.87746
  1.8037     -1.83482
  1.8264     -1.79011
  1.8493     -1.74331
  1.8726     -1.69487
  1.8962     -1.64587
  1.9200     -1.59778
  1.9442     -1.55093
  1.9686     -1.50532
  1.9934     -1.46091
  2.0185     -1.41768
  2.0439     -1.37561
  2.0696     -1.33468
  2.0956     -1.29485
  2.1220     -1.25611
  2.1486     -1.21843
  2.1757     -1.18178
  2.2030     -1.14615
  2.2308     -1.11151
  2.2588     -1.07783
  2.2872     -1.04509
  2.3160     -1.01326
  2.3451     -0.98233
  2.3746     -0.95227
  2.4045     -0.92306
  2.4348     -0.89468
  2.4654     -0.86710
  2.4964     -0.84030
  2.5278     -0.81427
  2.5596     -0.78899
  2.5918     -0.76444
  2.6244     -0.74059
  2.6574     -0.71744
  2.6908     -0.69497
  2.7247     -0.67316
  2.7590     -0.65200
  2.7937     -0.63148
  2.8288     -0.61157
  2.8644     -0.59228
  2.9004     -0.57359
  2.9369     -0.55548
  2.9739     -0.53796
  3.0113     -0.52100
  3.0491     -0.50460
  3.0875     -0.48875
  3.1263     -0.47344
  3.1657     -0.45866
  3.2055     -0.44440
  3.2458     -0.43065
  3.2866     -0.41741
  3.3280     -0.40465
  3.3698     -0.39238
  3.4122     -0.38057
  3.4552     -0.36922
  3.4986     -0.35831
  3.5426     -0.34784
  3.5872     -0.33779
  3.6323     -0.32814
  3.6780     -0.31887
  3.7243     -0.30998
  3.7711     -0.30145
  3.8185     -0.29326
  3.8666     -0.28540
  3.9152     -0.27784
  3.9645     -0.27057
  4.0143     -0.26358
  4.0648     -0.25684
  4.1160     -0.25034
  4.1677     -0.24406
  4.2202     -0.23798
  4.2733     -0.23209
  4.3270     -0.22637
  4.3814     -0.22081
  4.4365     -0.21539
  4.4924     -0.21009
  4.5489     -0.20491
  4.6061     -0.19983
  4.6640     -0.19484
  4.7227     -0.18993
  4.7821     -0.18508
  4.8422     -0.18030
  4.9032     -0.17558
  4.9648     -0.17090
  5.0273     -0.16627
  5.0905     -0.16168
  5.1546     -0.15712
  5.2194     -0.15260
  5.2850     -0.14812
  5.3515     -0.14368
  5.4188     -0.13927
  5.4870     -0.13490
  5.5560     -0.13057
  5.6259     -0.12629
  5.6967     -0.12205
  5.7683     -0.11786
  5.8409     -0.11373
  5.9144     -0.10966
  5.9888     -0.10564
  6.0641     -0.10170
  6.1404     -0.09782
  6.2176     -0.09401
  6.2958     -0.09028
  6.3750     -0.08663
  6.4552     -0.08305
  6.5364     -0.07957
  6.6186     -0.07617
  6.7019     -0.07286
  6.7862     -0.06963
  6.8715     -0.06650
  6.9580     -0.06346
  7.0455     -0.06052
  7.1341     -0.05767
  7.2239     -0.05491
  7.3147     -0.05224
  7.4067     -0.04967
  7.4999     -0.04718
  7.5942     -0.04479
  7.6898     -0.04249
  7.7865     -0.04028
  7.8844     -0.03816
  7.9836     -0.03612
  8.0840     -0.03417
  8.1857     -0.03229
  8.2887     -0.03050
  8.3930     -0.02879
  8.4985     -0.02716
  8.6054     -0.02559
  8.7137     -0.02410
  8.8233     -0.02269
  8.9343     -0.02133
  9.0466     -0.02005
  9.1604     -0.01883
  9.2757     -0.01767
  9.3923     -0.01657
  9.5105     -0.01552
  9.6301     -0.01453
  9.7512     -0.01360
  9.8739     -0.01271
  9.9981     -0.01187
 10.1239     -0.01108
 10.2512     -0.01033
 10.3802     -0.00963
 10.5107     -0.00897
 10.6429     -0.00834
 10.7768     -0.00776
 10.9124     -0.00721
 11.0496     -0.00669
 11.1886     -0.00620
 11.3294     -0.00575
 11.4719     -0.00532
 11.6162     -0.00492
 11.7623     -0.00455
 11.9102     -0.00420
 12.0601     -0.00387
 12.2117     -0.00357
 12.3654     -0.00329
 12.5209     -0.00302
 12.6784     -0.00278
 12.8379     -0.00255
 12.9994     -0.00234
 13.1629     -0.00215
 13.3284     -0.00196
 13.4961     -0.00180
 13.6658     -0.00164
 13.8377     -0.00150
 14.0118     -0.00137
 14.1881     -0.00124
 14.3665     -0.00113
 14.5472     -0.00103
 14.7302     -0.00093
 14.9155     -0.00085
 15.1031     -0.00077
 15.2931     -0.00070
 15.4855     -0.00063
 15.6802     -0.00057
 15.8775     -0.00051
 16.0772     -0.00046
 16.2794     -0.00041
 16.4842     -0.00037
 16.6915     -0.00036
 16.9015     -0.00036
 17.1141     -0.00036
 17.3294     -0.00036
 17.5473     -0.00036
 17.7681     -0.00036
 17.9916     -0.00036
 18.2179     -0.00036
 18.4470     -0.00036
 18.6791     -0.00036
 18.9140     -0.00036
 19.1519     -0.00036
 19.3928     -0.00036
 19.6368     -0.00036
 19.8838     -0.00036
 20.1339     -0.00036
 20.3871     -0.00036
 20.6436     -0.00036
 20.9032     -0.00036
 21.1662     -0.00036
 21.4324     -0.00036
 21.7020     -0.00036
 21.9750     -0.00036
 22.2514     -0.00036
 22.5313     -0.00036
 22.8147     -0.00036
 23.1017     -0.00036
 23.3922     -0.00036
 23.6865     -0.00036
 23.9844     -0.00036
 24.2861     -0.00036
 24.5916     -0.00036
 24.9009     -0.00036
 25.2141     -0.00036
 25.5313     -0.00036
 25.8524     -0.00036
 26.1776     -0.00036
 26.5069     -0.00036
