  0.0000      4.95131
  0.0100      4.95131
  0.0201      4.95131
  0.0301      4.95129
  0.0402      4.95125
  0.0504      4.95117
  0.0600      4.95102
  0.0707      4.95076
  0.0801      4.95041
  0.0908      4.94982
  0.1003      4.94909
  0.1109      4.94801
  0.1211      4.94662
  0.1305      4.94499
  0.1407      4.94279
  0.1517      4.93982
  0.1615      4.93658
  0.1719      4.93243
  0.1807      4.92829
  0.1924      4.92181
  0.2022      4.91535
  0.2126      4.90749
  0.2207      4.90049
  0.2321      4.88941
  0.2409      4.87956
  0.2501      4.86815
  0.2630      4.85011
  0.2730      4.83409
  0.2835      4.81557
  0.2907      4.80166
  0.3018      4.77810
  0.3133      4.75091
  0.3212      4.73050
  0.3335      4.69601
  0.3420      4.67014
  0.3506      4.64171
  0.3640      4.59375
  0.3733      4.55784
  0.3827      4.51844
  0.3924      4.47523
  0.4023      4.42787
  0.4125      4.37600
  0.4230      4.31920
  0.4337      4.25706
  0.4447      4.18912
  0.4503      4.15283
  0.4617      4.07528
  0.4734      3.99067
  0.4853      3.89844
  0.4914      3.84929
  0.5039      3.74453
  0.5102      3.68877
  0.5232      3.57009
  0.5364      3.44131
  0.5431      3.37294
  0.5569      3.22780
  0.5639      3.15086
  0.5710      3.07091
  0.5855      2.90164
  0.5928      2.81217
  0.6003      2.71936
  0.6155      2.52348
  0.6232      2.42027
  0.6311      2.31347
  0.6471      2.08890
  0.6552      1.97104
  0.6634      1.84942
  0.6718      1.72402
  0.6802      1.59483
  0.6975      1.32511
  0.7062      1.18461
  0.7151      1.04041
  0.7241      0.89258
  0.7332      0.74118
  0.7425      0.58631
  0.7518      0.42811
  0.7613      0.26669
  0.7708      0.10224
  0.7805     -0.06505
  0.7903     -0.23498
  0.8003     -0.40730
  0.8104     -0.58172
  0.8206     -0.75795
  0.8309     -0.93565
  0.8413     -1.11446
  0.8519     -1.29396
  0.8626     -1.47373
  0.8735     -1.65330
  0.8845     -1.83216
  0.8956     -2.00978
  0.9069     -2.18560
  0.9183     -2.35902
  0.9298     -2.52941
  0.9415     -2.69612
  0.9534     -2.85848
  0.9654     -3.01580
  0.9775     -3.16736
  0.9898     -3.31246
  1.0023     -3.45037
  1.0149     -3.58036
  1.0276     -3.70175
  1.0406     -3.81383
  1.0537     -3.91595
  1.0669     -4.00748
  1.0803     -4.08786
  1.0939     -4.15657
  1.1077     -4.21316
  1.1216     -4.25728
  1.1357     -4.28866
  1.1500     -4.30714
  1.1645     -4.31269
  1.1791     -4.30538
  1.1940     -4.28544
  1.2090     -4.25326
  1.2242     -4.20935
  1.2396     -4.15441
  1.2552     -4.08929
  1.2710     -4.01497
  1.2870     -3.93263
  1.3032     -3.84355
  1.3196     -3.74914
  1.3362     -3.65091
  1.3530     -3.55042
  1.3700     -3.44926
  1.3872     -3.34895
  1.4047     -3.25091
  1.4223     -3.15635
  1.4402     -3.06614
  1.4583     -2.98072
  1.4767     -2.89988
  1.4953     -2.82260
  1.5141     -2.74730
  1.5331     -2.67356
  1.5524     -2.60137
  1.5719     -2.53072
  1.5917     -2.46160
  1.6117     -2.39398
  1.6320     -2.32787
  1.6525     -2.26324
  1.6733     -2.20008
  1.6944     -2.13838
  1.7157     -2.07812
  1.7373     -2.01929
  1.7591     -1.96186
  1.7813     -1.90583
  1.8037     -1.85117
  1.8264     -1.79786
  1.8493     -1.74589
  1.8726     -1.69523
  1.8962     -1.64587
  1.9200     -1.59778
  1.9442     -1.55093
  1.9686     -1.50532
  1.9934     -1.46091
  2.0185     -1.41768
  2.0439     -1.37561
  2.0696     -1.33468
  2.0956     -1.29485
  2.1220     -1.25611
  2.1486     -1.21843
  2.1757     -1.18178
  2.2030     -1.14615
  2.2308     -1.11151
  2.2588     -1.07783
  2.2872     -1.04509
  2.3160     -1.01326
  2.3451     -0.98233
  2.3746     -0.95227
  2.4045     -0.92306
  2.4348     -0.89468
  2.4654     -0.86710
  2.4964     -0.84030
  2.5278     -0.81427
  2.5596     -0.78899
  2.5918     -0.76444
  2.6244     -0.74059
  2.6574     -0.71744
  2.6908     -0.69497
  2.7247     -0.67316
  2.7590     -0.65200
  2.7937     -0.63148
  2.8288     -0.61157
  2.8644     -0.59228
  2.9004     -0.57359
  2.9369     -0.55548
  2.9739     -0.53796
  3.0113     -0.52100
  3.0491     -0.50460
  3.0875     -0.48875
  3.1263     -0.47344
  3.1657     -0.45866
  3.2055     -0.44440
  3.2458     -0.43065
  3.2866     -0.41741
  3.3280     -0.40465
  3.3698     -0.39238
  3.4122     -0.38057
  3.4552     -0.36922
  3.4986     -0.35831
  3.5426     -0.34784
  3.5872     -0.33779
  3.6323     -0.32814
  3.6780     -0.31887
  3.7243     -0.30998
  3.7711     -0.30145
  3.8185     -0.29326
  3.8666     -0.28540
  3.9152     -0.27784
  3.9645     -0.27057
  4.0143     -0.26358
  4.0648     -0.25684
  4.1160     -0.25034
  4.1677     -0.24406
  4.2202     -0.23798
  4.2733     -0.23209
  4.3270     -0.22637
  4.3814     -0.22081
  4.4365     -0.21539
  4.4924     -0.21009
  4.5489     -0.20491
  4.6061     -0.19983
  4.6640     -0.19484
  4.7227     -0.18993
  4.7821     -0.18508
  4.8422     -0.18030
  4.9032     -0.17558
  4.9648     -0.17090
  5.0273     -0.16627
  5.0905     -0.16168
  5.1546     -0.15712
  5.2194     -0.15260
  5.2850     -0.14812
  5.3515     -0.14368
  5.4188     -0.13927
  5.4870     -0.13490
  5.5560     -0.13057
  5.6259     -0.12629
  5.6967     -0.12205
  5.7683     -0.11786
  5.8409     -0.11373
  5.9144     -0.10966
  5.9888     -0.10564
  6.0641     -0.10170
  6.1404     -0.09782
  6.2176     -0.09401
  6.2958     -0.09028
  6.3750     -0.08663
  6.4552     -0.08305
  6.5364     -0.07957
  6.6186     -0.07617
  6.7019     -0.07286
  6.7862     -0.06963
  6.8715     -0.06650
  6.9580     -0.06346
  7.0455     -0.06052
  7.1341     -0.05767
  7.2239     -0.05491
  7.3147     -0.05224
  7.4067     -0.04967
  7.4999     -0.04718
  7.5942     -0.04479
  7.6898     -0.04249
  7.7865     -0.04028
  7.8844     -0.03816
  7.9836     -0.03612
  8.0840     -0.03417
  8.1857     -0.03229
  8.2887     -0.03050
  8.3930     -0.02879
  8.4985     -0.02716
  8.6054     -0.02559
  8.7137     -0.02410
  8.8233     -0.02269
  8.9343     -0.02133
  9.0466     -0.02005
  9.1604     -0.01883
  9.2757     -0.01767
  9.3923     -0.01657
  9.5105     -0.01552
  9.6301     -0.01453
  9.7512     -0.01360
  9.8739     -0.01271
  9.9981     -0.01187
 10.1239     -0.01108
 10.2512     -0.01033
 10.3802     -0.00963
 10.5107     -0.00897
 10.6429     -0.00834
 10.7768     -0.00776
 10.9124     -0.00721
 11.0496     -0.00669
 11.1886     -0.00620
 11.3294     -0.00575
 11.4719     -0.00532
 11.6162     -0.00492
 11.7623     -0.00455
 11.9102     -0.00420
 12.0601     -0.00387
 12.2117     -0.00357
 12.3654     -0.00329
 12.5209     -0.00302
 12.6784     -0.00278
 12.8379     -0.00255
 12.9994     -0.00234
 13.1629     -0.00215
 13.3284     -0.00196
 13.4961     -0.00180
 13.6658     -0.00164
 13.8377     -0.00150
 14.0118     -0.00137
 14.1881     -0.00124
 14.3665     -0.00113
 14.5472     -0.00103
 14.7302     -0.00093
 14.9155     -0.00085
 15.1031     -0.00077
 15.2931     -0.00070
 15.4855     -0.00063
 15.6802     -0.00057
 15.8775     -0.00051
 16.0772     -0.00046
 16.2794     -0.00041
 16.4842     -0.00037
 16.6915     -0.00036
 16.9015     -0.00036
 17.1141     -0.00036
 17.3294     -0.00036
 17.5473     -0.00036
 17.7681     -0.00036
 17.9916     -0.00036
 18.2179     -0.00036
 18.4470     -0.00036
 18.6791     -0.00036
 18.9140     -0.00036
 19.1519     -0.00036
 19.3928     -0.00036
 19.6368     -0.00036
 19.8838     -0.00036
 20.1339     -0.00036
 20.3871     -0.00036
 20.6436     -0.00036
 20.9032     -0.00036
 21.1662     -0.00036
 21.4324     -0.00036
 21.7020     -0.00036
 21.9750     -0.00036
 22.2514     -0.00036
 22.5313     -0.00036
 22.8147     -0.00036
 23.1017     -0.00036
 23.3922     -0.00036
 23.6865     -0.00036
 23.9844     -0.00036
 24.2861     -0.00036
 24.5916     -0.00036
 24.9009     -0.00036
 25.2141     -0.00036
 25.5313     -0.00036
 25.8524     -0.00036
 26.1776     -0.00036
 26.5069     -0.00036
