  0.0000     -3.33156
  0.0100     -3.33156
  0.0201     -3.33156
  0.0301     -3.33156
  0.0402     -3.33157
  0.0504     -3.33158
  0.0600     -3.33160
  0.0707     -3.33163
  0.0801     -3.33167
  0.0908     -3.33174
  0.1003     -3.33183
  0.1109     -3.33196
  0.1211     -3.33213
  0.1305     -3.33232
  0.1407     -3.33258
  0.1517     -3.33294
  0.1615     -3.33332
  0.1719     -3.33381
  0.1807     -3.33430
  0.1924     -3.33507
  0.2022     -3.33582
  0.2126     -3.33674
  0.2207     -3.33756
  0.2321     -3.33885
  0.2409     -3.33999
  0.2501     -3.34131
  0.2630     -3.34338
  0.2730     -3.34521
  0.2835     -3.34732
  0.2907     -3.34890
  0.3018     -3.35156
  0.3133     -3.35462
  0.3212     -3.35690
  0.3335     -3.36074
  0.3420     -3.36361
  0.3506     -3.36674
  0.3640     -3.37200
  0.3733     -3.37591
  0.3827     -3.38018
  0.3924     -3.38484
  0.4023     -3.38992
  0.4125     -3.39544
  0.4230     -3.40146
  0.4337     -3.40800
  0.4447     -3.41511
  0.4503     -3.41888
  0.4617     -3.42690
  0.4734     -3.43559
  0.4853     -3.44499
  0.4914     -3.44997
  0.5039     -3.46052
  0.5102     -3.46610
  0.5232     -3.47789
  0.5364     -3.49058
  0.5431     -3.49726
  0.5569     -3.51135
  0.5639     -3.51876
  0.5710     -3.52643
  0.5855     -3.54252
  0.5928     -3.55096
  0.6003     -3.55966
  0.6155     -3.57786
  0.6232     -3.58737
  0.6311     -3.59714
  0.6471     -3.61749
  0.6552     -3.62806
  0.6634     -3.63889
  0.6718     -3.64998
  0.6802     -3.66132
  0.6975     -3.68470
  0.7062     -3.69674
  0.7151     -3.70898
  0.7241     -3.72141
  0.7332     -3.73403
  0.7425     -3.74680
  0.7518     -3.75971
  0.7613     -3.77274
  0.7708     -3.78585
  0.7805     -3.79902
  0.7903     -3.81222
  0.8003     -3.82542
  0.8104     -3.83856
  0.8206     -3.85162
  0.8309     -3.86454
  0.8413     -3.87728
  0.8519     -3.88978
  0.8626     -3.90199
  0.8735     -3.91384
  0.8845     -3.92527
  0.8956     -3.93620
  0.9069     -3.94657
  0.9183     -3.95629
  0.9298     -3.96528
  0.9415     -3.97345
  0.9534     -3.98070
  0.9654     -3.98695
  0.9775     -3.99208
  0.9898     -3.99599
  1.0023     -3.99858
  1.0149     -3.99973
  1.0276     -3.99931
  1.0406     -3.99723
  1.0537     -3.99334
  1.0669     -3.98754
  1.0803     -3.97969
  1.0939     -3.96968
  1.1077     -3.95738
  1.1216     -3.94267
  1.1357     -3.92544
  1.1500     -3.90558
  1.1645     -3.88299
  1.1791     -3.85756
  1.1940     -3.82920
  1.2090     -3.79786
  1.2242     -3.76345
  1.2396     -3.72594
  1.2552     -3.68529
  1.2710     -3.64150
  1.2870     -3.59458
  1.3032     -3.54455
  1.3196     -3.49150
  1.3362     -3.43550
  1.3530     -3.37668
  1.3700     -3.31518
  1.3872     -3.25119
  1.4047     -3.18492
  1.4223     -3.11663
  1.4402     -3.04661
  1.4583     -2.97515
  1.4767     -2.90261
  1.4953     -2.82936
  1.5141     -2.75579
  1.5331     -2.68229
  1.5524     -2.60926
  1.5719     -2.53711
  1.5917     -2.46620
  1.6117     -2.39686
  1.6320     -2.32932
  1.6525     -2.26375
  1.6733     -2.20016
  1.6944     -2.13838
  1.7157     -2.07812
  1.7373     -2.01929
  1.7591     -1.96186
  1.7813     -1.90583
  1.8037     -1.85117
  1.8264     -1.79786
  1.8493     -1.74589
  1.8726     -1.69523
  1.8962     -1.64587
  1.9200     -1.59778
  1.9442     -1.55093
  1.9686     -1.50532
  1.9934     -1.46091
  2.0185     -1.41768
  2.0439     -1.37561
  2.0696     -1.33468
  2.0956     -1.29485
  2.1220     -1.25611
  2.1486     -1.21843
  2.1757     -1.18178
  2.2030     -1.14615
  2.2308     -1.11151
  2.2588     -1.07783
  2.2872     -1.04509
  2.3160     -1.01326
  2.3451     -0.98233
  2.3746     -0.95227
  2.4045     -0.92306
  2.4348     -0.89468
  2.4654     -0.86710
  2.4964     -0.84030
  2.5278     -0.81427
  2.5596     -0.78899
  2.5918     -0.76444
  2.6244     -0.74059
  2.6574     -0.71744
  2.6908     -0.69497
  2.7247     -0.67316
  2.7590     -0.65200
  2.7937     -0.63148
  2.8288     -0.61157
  2.8644     -0.59228
  2.9004     -0.57359
  2.9369     -0.55548
  2.9739     -0.53796
  3.0113     -0.52100
  3.0491     -0.50460
  3.0875     -0.48875
  3.1263     -0.47344
  3.1657     -0.45866
  3.2055     -0.44440
  3.2458     -0.43065
  3.2866     -0.41741
  3.3280     -0.40465
  3.3698     -0.39238
  3.4122     -0.38057
  3.4552     -0.36922
  3.4986     -0.35831
  3.5426     -0.34784
  3.5872     -0.33779
  3.6323     -0.32814
  3.6780     -0.31887
  3.7243     -0.30998
  3.7711     -0.30145
  3.8185     -0.29326
  3.8666     -0.28540
  3.9152     -0.27784
  3.9645     -0.27057
  4.0143     -0.26358
  4.0648     -0.25684
  4.1160     -0.25034
  4.1677     -0.24406
  4.2202     -0.23798
  4.2733     -0.23209
  4.3270     -0.22637
  4.3814     -0.22081
  4.4365     -0.21539
  4.4924     -0.21009
  4.5489     -0.20491
  4.6061     -0.19983
  4.6640     -0.19484
  4.7227     -0.18993
  4.7821     -0.18508
  4.8422     -0.18030
  4.9032     -0.17558
  4.9648     -0.17090
  5.0273     -0.16627
  5.0905     -0.16168
  5.1546     -0.15712
  5.2194     -0.15260
  5.2850     -0.14812
  5.3515     -0.14368
  5.4188     -0.13927
  5.4870     -0.13490
  5.5560     -0.13057
  5.6259     -0.12629
  5.6967     -0.12205
  5.7683     -0.11786
  5.8409     -0.11373
  5.9144     -0.10966
  5.9888     -0.10564
  6.0641     -0.10170
  6.1404     -0.09782
  6.2176     -0.09401
  6.2958     -0.09028
  6.3750     -0.08663
  6.4552     -0.08305
  6.5364     -0.07957
  6.6186     -0.07617
  6.7019     -0.07286
  6.7862     -0.06963
  6.8715     -0.06650
  6.9580     -0.06346
  7.0455     -0.06052
  7.1341     -0.05767
  7.2239     -0.05491
  7.3147     -0.05224
  7.4067     -0.04967
  7.4999     -0.04718
  7.5942     -0.04479
  7.6898     -0.04249
  7.7865     -0.04028
  7.8844     -0.03816
  7.9836     -0.03612
  8.0840     -0.03417
  8.1857     -0.03229
  8.2887     -0.03050
  8.3930     -0.02879
  8.4985     -0.02716
  8.6054     -0.02559
  8.7137     -0.02410
  8.8233     -0.02269
  8.9343     -0.02133
  9.0466     -0.02005
  9.1604     -0.01883
  9.2757     -0.01767
  9.3923     -0.01657
  9.5105     -0.01552
  9.6301     -0.01453
  9.7512     -0.01360
  9.8739     -0.01271
  9.9981     -0.01187
 10.1239     -0.01108
 10.2512     -0.01033
 10.3802     -0.00963
 10.5107     -0.00897
 10.6429     -0.00834
 10.7768     -0.00776
 10.9124     -0.00721
 11.0496     -0.00669
 11.1886     -0.00620
 11.3294     -0.00575
 11.4719     -0.00532
 11.6162     -0.00492
 11.7623     -0.00455
 11.9102     -0.00420
 12.0601     -0.00387
 12.2117     -0.00357
 12.3654     -0.00329
 12.5209     -0.00302
 12.6784     -0.00278
 12.8379     -0.00255
 12.9994     -0.00234
 13.1629     -0.00215
 13.3284     -0.00196
 13.4961     -0.00180
 13.6658     -0.00164
 13.8377     -0.00150
 14.0118     -0.00137
 14.1881     -0.00124
 14.3665     -0.00113
 14.5472     -0.00103
 14.7302     -0.00093
 14.9155     -0.00085
 15.1031     -0.00077
 15.2931     -0.00070
 15.4855     -0.00063
 15.6802     -0.00057
 15.8775     -0.00051
 16.0772     -0.00046
 16.2794     -0.00041
 16.4842     -0.00037
 16.6915     -0.00036
 16.9015     -0.00036
 17.1141     -0.00036
 17.3294     -0.00036
 17.5473     -0.00036
 17.7681     -0.00036
 17.9916     -0.00036
 18.2179     -0.00036
 18.4470     -0.00036
 18.6791     -0.00036
 18.9140     -0.00036
 19.1519     -0.00036
 19.3928     -0.00036
 19.6368     -0.00036
 19.8838     -0.00036
 20.1339     -0.00036
 20.3871     -0.00036
 20.6436     -0.00036
 20.9032     -0.00036
 21.1662     -0.00036
 21.4324     -0.00036
 21.7020     -0.00036
 21.9750     -0.00036
 22.2514     -0.00036
 22.5313     -0.00036
 22.8147     -0.00036
 23.1017     -0.00036
 23.3922     -0.00036
 23.6865     -0.00036
 23.9844     -0.00036
 24.2861     -0.00036
 24.5916     -0.00036
 24.9009     -0.00036
 25.2141     -0.00036
 25.5313     -0.00036
 25.8524     -0.00036
 26.1776     -0.00036
 26.5069     -0.00036
