  0.0000     -9.30748
  0.0100     -9.30748
  0.0201     -9.30748
  0.0301     -9.30748
  0.0402     -9.30747
  0.0504     -9.30744
  0.0600     -9.30741
  0.0707     -9.30733
  0.0801     -9.30724
  0.0908     -9.30708
  0.1003     -9.30688
  0.1109     -9.30658
  0.1211     -9.30621
  0.1305     -9.30577
  0.1407     -9.30517
  0.1517     -9.30437
  0.1615     -9.30349
  0.1719     -9.30236
  0.1807     -9.30124
  0.1924     -9.29949
  0.2022     -9.29774
  0.2126     -9.29562
  0.2207     -9.29373
  0.2321     -9.29073
  0.2409     -9.28808
  0.2501     -9.28500
  0.2630     -9.28014
  0.2730     -9.27582
  0.2835     -9.27084
  0.2907     -9.26709
  0.3018     -9.26075
  0.3133     -9.25344
  0.3212     -9.24795
  0.3335     -9.23868
  0.3420     -9.23173
  0.3506     -9.22409
  0.3640     -9.21121
  0.3733     -9.20156
  0.3827     -9.19097
  0.3924     -9.17935
  0.4023     -9.16661
  0.4125     -9.15265
  0.4230     -9.13736
  0.4337     -9.12061
  0.4447     -9.10228
  0.4503     -9.09248
  0.4617     -9.07152
  0.4734     -9.04860
  0.4853     -9.02357
  0.4914     -9.01020
  0.5039     -8.98166
  0.5102     -8.96643
  0.5232     -8.93394
  0.5364     -8.89854
  0.5431     -8.87969
  0.5569     -8.83951
  0.5639     -8.81812
  0.5710     -8.79583
  0.5855     -8.74840
  0.5928     -8.72318
  0.6003     -8.69693
  0.6155     -8.64115
  0.6232     -8.61155
  0.6311     -8.58076
  0.6471     -8.51545
  0.6552     -8.48085
  0.6634     -8.44491
  0.6718     -8.40758
  0.6802     -8.36882
  0.6975     -8.28685
  0.7062     -8.24355
  0.7151     -8.19867
  0.7241     -8.15216
  0.7332     -8.10397
  0.7425     -8.05408
  0.7518     -8.00243
  0.7613     -7.94900
  0.7708     -7.89374
  0.7805     -7.83663
  0.7903     -7.77762
  0.8003     -7.71668
  0.8104     -7.65379
  0.8206     -7.58891
  0.8309     -7.52202
  0.8413     -7.45309
  0.8519     -7.38211
  0.8626     -7.30905
  0.8735     -7.23391
  0.8845     -7.15666
  0.8956     -7.07731
  0.9069     -6.99586
  0.9183     -6.91229
  0.9298     -6.82663
  0.9415     -6.73889
  0.9534     -6.64908
  0.9654     -6.55723
  0.9775     -6.46337
  0.9898     -6.36753
  1.0023     -6.26977
  1.0149     -6.17014
  1.0276     -6.06868
  1.0406     -5.96549
  1.0537     -5.86062
  1.0669     -5.75416
  1.0803     -5.64621
  1.0939     -5.53688
  1.1077     -5.42626
  1.1216     -5.31449
  1.1357     -5.20170
  1.1500     -5.08802
  1.1645     -4.97361
  1.1791     -4.85862
  1.1940     -4.74322
  1.2090     -4.62759
  1.2242     -4.51191
  1.2396     -4.39638
  1.2552     -4.28120
  1.2710     -4.16656
  1.2870     -4.05269
  1.3032     -3.93980
  1.3196     -3.82810
  1.3362     -3.71783
  1.3530     -3.60918
  1.3700     -3.50239
  1.3872     -3.39767
  1.4047     -3.29522
  1.4223     -3.19524
  1.4402     -3.09790
  1.4583     -3.00339
  1.4767     -2.91184
  1.4953     -2.82338
  1.5141     -2.73812
  1.5331     -2.65611
  1.5524     -2.57739
  1.5719     -2.50197
  1.5917     -2.42979
  1.6117     -2.36076
  1.6320     -2.29477
  1.6525     -2.23161
  1.6733     -2.17108
  1.6944     -2.11291
  1.7157     -2.05678
  1.7373     -2.00238
  1.7591     -1.94936
  1.7813     -1.89738
  1.8037     -1.84614
  1.8264     -1.79541
  1.8493     -1.74505
  1.8726     -1.69511
  1.8962     -1.64587
  1.9200     -1.59778
  1.9442     -1.55093
  1.9686     -1.50532
  1.9934     -1.46091
  2.0185     -1.41768
  2.0439     -1.37561
  2.0696     -1.33468
  2.0956     -1.29485
  2.1220     -1.25611
  2.1486     -1.21843
  2.1757     -1.18178
  2.2030     -1.14615
  2.2308     -1.11151
  2.2588     -1.07783
  2.2872     -1.04509
  2.3160     -1.01326
  2.3451     -0.98233
  2.3746     -0.95227
  2.4045     -0.92306
  2.4348     -0.89468
  2.4654     -0.86710
  2.4964     -0.84030
  2.5278     -0.81427
  2.5596     -0.78899
  2.5918     -0.76444
  2.6244     -0.74059
  2.6574     -0.71744
  2.6908     -0.69497
  2.7247     -0.67316
  2.7590     -0.65200
  2.7937     -0.63148
  2.8288     -0.61157
  2.8644     -0.59228
  2.9004     -0.57359
  2.9369     -0.55548
  2.9739     -0.53796
  3.0113     -0.52100
  3.0491     -0.50460
  3.0875     -0.48875
  3.1263     -0.47344
  3.1657     -0.45866
  3.2055     -0.44440
  3.2458     -0.43065
  3.2866     -0.41741
  3.3280     -0.40465
  3.3698     -0.39238
  3.4122     -0.38057
  3.4552     -0.36922
  3.4986     -0.35831
  3.5426     -0.34784
  3.5872     -0.33779
  3.6323     -0.32814
  3.6780     -0.31887
  3.7243     -0.30998
  3.7711     -0.30145
  3.8185     -0.29326
  3.8666     -0.28540
  3.9152     -0.27784
  3.9645     -0.27057
  4.0143     -0.26358
  4.0648     -0.25684
  4.1160     -0.25034
  4.1677     -0.24406
  4.2202     -0.23798
  4.2733     -0.23209
  4.3270     -0.22637
  4.3814     -0.22081
  4.4365     -0.21539
  4.4924     -0.21009
  4.5489     -0.20491
  4.6061     -0.19983
  4.6640     -0.19484
  4.7227     -0.18993
  4.7821     -0.18508
  4.8422     -0.18030
  4.9032     -0.17558
  4.9648     -0.17090
  5.0273     -0.16627
  5.0905     -0.16168
  5.1546     -0.15712
  5.2194     -0.15260
  5.2850     -0.14812
  5.3515     -0.14368
  5.4188     -0.13927
  5.4870     -0.13490
  5.5560     -0.13057
  5.6259     -0.12629
  5.6967     -0.12205
  5.7683     -0.11786
  5.8409     -0.11373
  5.9144     -0.10966
  5.9888     -0.10564
  6.0641     -0.10170
  6.1404     -0.09782
  6.2176     -0.09401
  6.2958     -0.09028
  6.3750     -0.08663
  6.4552     -0.08305
  6.5364     -0.07957
  6.6186     -0.07617
  6.7019     -0.07286
  6.7862     -0.06963
  6.8715     -0.06650
  6.9580     -0.06346
  7.0455     -0.06052
  7.1341     -0.05767
  7.2239     -0.05491
  7.3147     -0.05224
  7.4067     -0.04967
  7.4999     -0.04718
  7.5942     -0.04479
  7.6898     -0.04249
  7.7865     -0.04028
  7.8844     -0.03816
  7.9836     -0.03612
  8.0840     -0.03417
  8.1857     -0.03229
  8.2887     -0.03050
  8.3930     -0.02879
  8.4985     -0.02716
  8.6054     -0.02559
  8.7137     -0.02410
  8.8233     -0.02269
  8.9343     -0.02133
  9.0466     -0.02005
  9.1604     -0.01883
  9.2757     -0.01767
  9.3923     -0.01657
  9.5105     -0.01552
  9.6301     -0.01453
  9.7512     -0.01360
  9.8739     -0.01271
  9.9981     -0.01187
 10.1239     -0.01108
 10.2512     -0.01033
 10.3802     -0.00963
 10.5107     -0.00897
 10.6429     -0.00834
 10.7768     -0.00776
 10.9124     -0.00721
 11.0496     -0.00669
 11.1886     -0.00620
 11.3294     -0.00575
 11.4719     -0.00532
 11.6162     -0.00492
 11.7623     -0.00455
 11.9102     -0.00420
 12.0601     -0.00387
 12.2117     -0.00357
 12.3654     -0.00329
 12.5209     -0.00302
 12.6784     -0.00278
 12.8379     -0.00255
 12.9994     -0.00234
 13.1629     -0.00215
 13.3284     -0.00196
 13.4961     -0.00180
 13.6658     -0.00164
 13.8377     -0.00150
 14.0118     -0.00137
 14.1881     -0.00124
 14.3665     -0.00113
 14.5472     -0.00103
 14.7302     -0.00093
 14.9155     -0.00085
 15.1031     -0.00077
 15.2931     -0.00070
 15.4855     -0.00063
 15.6802     -0.00057
 15.8775     -0.00051
 16.0772     -0.00046
 16.2794     -0.00041
 16.4842     -0.00037
 16.6915     -0.00036
 16.9015     -0.00036
 17.1141     -0.00036
 17.3294     -0.00036
 17.5473     -0.00036
 17.7681     -0.00036
 17.9916     -0.00036
 18.2179     -0.00036
 18.4470     -0.00036
 18.6791     -0.00036
 18.9140     -0.00036
 19.1519     -0.00036
 19.3928     -0.00036
 19.6368     -0.00036
 19.8838     -0.00036
 20.1339     -0.00036
 20.3871     -0.00036
 20.6436     -0.00036
 20.9032     -0.00036
 21.1662     -0.00036
 21.4324     -0.00036
 21.7020     -0.00036
 21.9750     -0.00036
 22.2514     -0.00036
 22.5313     -0.00036
 22.8147     -0.00036
 23.1017     -0.00036
 23.3922     -0.00036
 23.6865     -0.00036
 23.9844     -0.00036
 24.2861     -0.00036
 24.5916     -0.00036
 24.9009     -0.00036
 25.2141     -0.00036
 25.5313     -0.00036
 25.8524     -0.00036
 26.1776     -0.00036
 26.5069     -0.00036
