   256
     1    0.047608    0.047608   -0.523684       0.003906
     2   -0.047608    0.142823   -0.428469       0.003906
     3   -0.142823    0.238038   -0.333253       0.003906
     4   -0.238038    0.333253   -0.238038       0.003906
     5   -0.333253    0.428469   -0.142823       0.003906
     6   -0.428469    0.523684   -0.047608       0.003906
     7   -0.523684    0.618899    0.047608       0.003906
     8    0.142823   -0.047608   -0.618899       0.003906
     9    0.142823   -0.047608   -0.428469       0.003906
    10    0.047608    0.047608   -0.333253       0.003906
    11   -0.047608    0.142823   -0.238038       0.003906
    12   -0.142823    0.238038   -0.142823       0.003906
    13   -0.238038    0.333253   -0.047608       0.003906
    14   -0.333253    0.428469    0.047608       0.003906
    15   -0.428469    0.523684    0.142823       0.003906
    16    0.238038   -0.142823   -0.523684       0.003906
    17    0.238038   -0.142823   -0.333253       0.003906
    18    0.142823   -0.047608   -0.238038       0.003906
    19    0.047608    0.047608   -0.142823       0.003906
    20   -0.047608    0.142823   -0.047608       0.003906
    21   -0.142823    0.238038    0.047608       0.003906
    22   -0.238038    0.333253    0.142823       0.003906
    23   -0.333253    0.428469    0.238038       0.003906
    24    0.333253   -0.238038   -0.428469       0.003906
    25    0.333253   -0.238038   -0.238038       0.003906
    26    0.238038   -0.142823   -0.142823       0.003906
    27    0.142823   -0.047608   -0.047608       0.003906
    28    0.047608    0.047608    0.047608       0.003906
    29   -0.047608    0.142823    0.142823       0.003906
    30   -0.142823    0.238038    0.238038       0.003906
    31   -0.238038    0.333253    0.333253       0.003906
    32    0.428469   -0.333253   -0.333253       0.003906
    33    0.428469   -0.333253   -0.142823       0.003906
    34    0.333253   -0.238038   -0.047608       0.003906
    35    0.238038   -0.142823    0.047608       0.003906
    36    0.142823   -0.047608    0.142823       0.003906
    37    0.047608    0.047608    0.238038       0.003906
    38   -0.047608    0.142823    0.333253       0.003906
    39   -0.142823    0.238038    0.428469       0.003906
    40    0.523684   -0.428469   -0.238038       0.003906
    41    0.523684   -0.428469   -0.047608       0.003906
    42    0.428469   -0.333253    0.047608       0.003906
    43    0.333253   -0.238038    0.142823       0.003906
    44    0.238038   -0.142823    0.238038       0.003906
    45    0.142823   -0.047608    0.333253       0.003906
    46    0.047608    0.047608    0.428469       0.003906
    47   -0.047608    0.142823    0.523684       0.003906
    48    0.618899   -0.523684   -0.142823       0.003906
    49    0.618899   -0.523684    0.047608       0.003906
    50    0.523684   -0.428469    0.142823       0.003906
    51    0.428469   -0.333253    0.238038       0.003906
    52    0.333253   -0.238038    0.333253       0.003906
    53    0.238038   -0.142823    0.428469       0.003906
    54    0.142823   -0.047608    0.523684       0.003906
    55    0.047608    0.047608    0.618899       0.003906
    56    0.714115   -0.618899   -0.047608       0.003906
    57   -0.047608    0.142823   -0.618899       0.003906
    58   -0.142823    0.238038   -0.523684       0.003906
    59   -0.238038    0.333253   -0.428469       0.003906
    60   -0.333253    0.428469   -0.333253       0.003906
    61   -0.428469    0.523684   -0.238038       0.003906
    62   -0.523684    0.618899   -0.142823       0.003906
    63   -0.618899    0.714115   -0.047608       0.003906
    64    0.047608    0.047608   -0.714115       0.003906
    65    0.142823    0.142823   -0.618899       0.003906
    66    0.047608    0.238038   -0.523684       0.003906
    67   -0.047608    0.333253   -0.428469       0.003906
    68   -0.142823    0.428469   -0.333253       0.003906
    69   -0.238038    0.523684   -0.238038       0.003906
    70   -0.333253    0.618899   -0.142823       0.003906
    71   -0.428469    0.714115   -0.047608       0.003906
    72    0.238038    0.047608   -0.714115       0.003906
    73    0.238038    0.047608   -0.523684       0.003906
    74    0.142823    0.142823   -0.428469       0.003906
    75    0.047608    0.238038   -0.333253       0.003906
    76   -0.047608    0.333253   -0.238038       0.003906
    77   -0.142823    0.428469   -0.142823       0.003906
    78   -0.238038    0.523684   -0.047608       0.003906
    79   -0.333253    0.618899    0.047608       0.003906
    80    0.333253   -0.047608   -0.618899       0.003906
    81    0.333253   -0.047608   -0.428469       0.003906
    82    0.238038    0.047608   -0.333253       0.003906
    83    0.142823    0.142823   -0.238038       0.003906
    84    0.047608    0.238038   -0.142823       0.003906
    85   -0.047608    0.333253   -0.047608       0.003906
    86   -0.142823    0.428469    0.047608       0.003906
    87   -0.238038    0.523684    0.142823       0.003906
    88    0.428469   -0.142823   -0.523684       0.003906
    89    0.428469   -0.142823   -0.333253       0.003906
    90    0.333253   -0.047608   -0.238038       0.003906
    91    0.238038    0.047608   -0.142823       0.003906
    92    0.142823    0.142823   -0.047608       0.003906
    93    0.047608    0.238038    0.047608       0.003906
    94   -0.047608    0.333253    0.142823       0.003906
    95   -0.142823    0.428469    0.238038       0.003906
    96    0.523684   -0.238038   -0.428469       0.003906
    97    0.523684   -0.238038   -0.238038       0.003906
    98    0.428469   -0.142823   -0.142823       0.003906
    99    0.333253   -0.047608   -0.047608       0.003906
   100    0.238038    0.047608    0.047608       0.003906
   101    0.142823    0.142823    0.142823       0.003906
   102    0.047608    0.238038    0.238038       0.003906
   103   -0.047608    0.333253    0.333253       0.003906
   104    0.618899   -0.333253   -0.333253       0.003906
   105    0.618899   -0.333253   -0.142823       0.003906
   106    0.523684   -0.238038   -0.047608       0.003906
   107    0.428469   -0.142823    0.047608       0.003906
   108    0.333253   -0.047608    0.142823       0.003906
   109    0.238038    0.047608    0.238038       0.003906
   110    0.142823    0.142823    0.333253       0.003906
   111    0.047608    0.238038    0.428469       0.003906
   112    0.714115   -0.428469   -0.238038       0.003906
   113    0.714115   -0.428469   -0.047608       0.003906
   114    0.618899   -0.333253    0.047608       0.003906
   115    0.523684   -0.238038    0.142823       0.003906
   116    0.428469   -0.142823    0.238038       0.003906
   117    0.333253   -0.047608    0.333253       0.003906
   118    0.238038    0.047608    0.428469       0.003906
   119    0.142823    0.142823    0.523684       0.003906
   120    0.809330   -0.523684   -0.142823       0.003906
   121    0.047608    0.238038   -0.714115       0.003906
   122   -0.047608    0.333253   -0.618899       0.003906
   123   -0.142823    0.428469   -0.523684       0.003906
   124   -0.238038    0.523684   -0.428469       0.003906
   125   -0.333253    0.618899   -0.333253       0.003906
   126   -0.428469    0.714115   -0.238038       0.003906
   127   -0.523684    0.809330   -0.142823       0.003906
   128    0.142823    0.142823   -0.809330       0.003906
   129    0.238038    0.238038   -0.714115       0.003906
   130    0.142823    0.333253   -0.618899       0.003906
   131    0.047608    0.428469   -0.523684       0.003906
   132   -0.047608    0.523684   -0.428469       0.003906
   133   -0.142823    0.618899   -0.333253       0.003906
   134   -0.238038    0.714115   -0.238038       0.003906
   135   -0.333253    0.809330   -0.142823       0.003906
   136    0.333253    0.142823   -0.809330       0.003906
   137    0.333253    0.142823   -0.618899       0.003906
   138    0.238038    0.238038   -0.523684       0.003906
   139    0.142823    0.333253   -0.428469       0.003906
   140    0.047608    0.428469   -0.333253       0.003906
   141   -0.047608    0.523684   -0.238038       0.003906
   142   -0.142823    0.618899   -0.142823       0.003906
   143   -0.238038    0.714115   -0.047608       0.003906
   144    0.428469    0.047608   -0.714115       0.003906
   145    0.428469    0.047608   -0.523684       0.003906
   146    0.333253    0.142823   -0.428469       0.003906
   147    0.238038    0.238038   -0.333253       0.003906
   148    0.142823    0.333253   -0.238038       0.003906
   149    0.047608    0.428469   -0.142823       0.003906
   150   -0.047608    0.523684   -0.047608       0.003906
   151   -0.142823    0.618899    0.047608       0.003906
   152    0.523684   -0.047608   -0.618899       0.003906
   153    0.523684   -0.047608   -0.428469       0.003906
   154    0.428469    0.047608   -0.333253       0.003906
   155    0.333253    0.142823   -0.238038       0.003906
   156    0.238038    0.238038   -0.142823       0.003906
   157    0.142823    0.333253   -0.047608       0.003906
   158    0.047608    0.428469    0.047608       0.003906
   159   -0.047608    0.523684    0.142823       0.003906
   160    0.618899   -0.142823   -0.523684       0.003906
   161    0.618899   -0.142823   -0.333253       0.003906
   162    0.523684   -0.047608   -0.238038       0.003906
   163    0.428469    0.047608   -0.142823       0.003906
   164    0.333253    0.142823   -0.047608       0.003906
   165    0.238038    0.238038    0.047608       0.003906
   166    0.142823    0.333253    0.142823       0.003906
   167    0.047608    0.428469    0.238038       0.003906
   168    0.714115   -0.238038   -0.428469       0.003906
   169    0.714115   -0.238038   -0.238038       0.003906
   170    0.618899   -0.142823   -0.142823       0.003906
   171    0.523684   -0.047608   -0.047608       0.003906
   172    0.428469    0.047608    0.047608       0.003906
   173    0.333253    0.142823    0.142823       0.003906
   174    0.238038    0.238038    0.238038       0.003906
   175    0.142823    0.333253    0.333253       0.003906
   176    0.809330   -0.333253   -0.333253       0.003906
   177    0.809330   -0.333253   -0.142823       0.003906
   178    0.714115   -0.238038   -0.047608       0.003906
   179    0.618899   -0.142823    0.047608       0.003906
   180    0.523684   -0.047608    0.142823       0.003906
   181    0.428469    0.047608    0.238038       0.003906
   182    0.333253    0.142823    0.333253       0.003906
   183    0.238038    0.238038    0.428469       0.003906
   184    0.904545   -0.428469   -0.238038       0.003906
   185    0.142823    0.333253   -0.809330       0.003906
   186    0.047608    0.428469   -0.714115       0.003906
   187   -0.047608    0.523684   -0.618899       0.003906
   188   -0.142823    0.618899   -0.523684       0.003906
   189   -0.238038    0.714115   -0.428469       0.003906
   190   -0.333253    0.809330   -0.333253       0.003906
   191   -0.428469    0.904545   -0.238038       0.003906
   192    0.238038    0.238038   -0.904545       0.003906
   193    0.333253    0.333253   -0.809330       0.003906
   194    0.238038    0.428469   -0.714115       0.003906
   195    0.142823    0.523684   -0.618899       0.003906
   196    0.047608    0.618899   -0.523684       0.003906
   197   -0.047608    0.714115   -0.428469       0.003906
   198   -0.142823    0.809330   -0.333253       0.003906
   199   -0.238038    0.904545   -0.238038       0.003906
   200    0.428469    0.238038   -0.904545       0.003906
   201    0.428469    0.238038   -0.714115       0.003906
   202    0.333253    0.333253   -0.618899       0.003906
   203    0.238038    0.428469   -0.523684       0.003906
   204    0.142823    0.523684   -0.428469       0.003906
   205    0.047608    0.618899   -0.333253       0.003906
   206   -0.047608    0.714115   -0.238038       0.003906
   207   -0.142823    0.809330   -0.142823       0.003906
   208    0.523684    0.142823   -0.809330       0.003906
   209    0.523684    0.142823   -0.618899       0.003906
   210    0.428469    0.238038   -0.523684       0.003906
   211    0.333253    0.333253   -0.428469       0.003906
   212    0.238038    0.428469   -0.333253       0.003906
   213    0.142823    0.523684   -0.238038       0.003906
   214    0.047608    0.618899   -0.142823       0.003906
   215   -0.047608    0.714115   -0.047608       0.003906
   216    0.618899    0.047608   -0.714115       0.003906
   217    0.618899    0.047608   -0.523684       0.003906
   218    0.523684    0.142823   -0.428469       0.003906
   219    0.428469    0.238038   -0.333253       0.003906
   220    0.333253    0.333253   -0.238038       0.003906
   221    0.238038    0.428469   -0.142823       0.003906
   222    0.142823    0.523684   -0.047608       0.003906
   223    0.047608    0.618899    0.047608       0.003906
   224    0.714115   -0.047608   -0.618899       0.003906
   225    0.714115   -0.047608   -0.428469       0.003906
   226    0.618899    0.047608   -0.333253       0.003906
   227    0.523684    0.142823   -0.238038       0.003906
   228    0.428469    0.238038   -0.142823       0.003906
   229    0.333253    0.333253   -0.047608       0.003906
   230    0.238038    0.428469    0.047608       0.003906
   231    0.142823    0.523684    0.142823       0.003906
   232    0.809330   -0.142823   -0.523684       0.003906
   233    0.809330   -0.142823   -0.333253       0.003906
   234    0.714115   -0.047608   -0.238038       0.003906
   235    0.618899    0.047608   -0.142823       0.003906
   236    0.523684    0.142823   -0.047608       0.003906
   237    0.428469    0.238038    0.047608       0.003906
   238    0.333253    0.333253    0.142823       0.003906
   239    0.238038    0.428469    0.238038       0.003906
   240    0.904545   -0.238038   -0.428469       0.003906
   241    0.904545   -0.238038   -0.238038       0.003906
   242    0.809330   -0.142823   -0.142823       0.003906
   243    0.714115   -0.047608   -0.047608       0.003906
   244    0.618899    0.047608    0.047608       0.003906
   245    0.523684    0.142823    0.142823       0.003906
   246    0.428469    0.238038    0.238038       0.003906
   247    0.333253    0.333253    0.333253       0.003906
   248    0.999760   -0.333253   -0.333253       0.003906
   249    0.238038    0.428469   -0.904545       0.003906
   250    0.142823    0.523684   -0.809330       0.003906
   251    0.047608    0.618899   -0.714115       0.003906
   252   -0.047608    0.714115   -0.618899       0.003906
   253   -0.142823    0.809330   -0.523684       0.003906
   254   -0.238038    0.904545   -0.428469       0.003906
   255   -0.333253    0.999760   -0.333253       0.003906
   256    0.333253    0.333253   -0.999760       0.003906
