     1  1  0.00390625       4
     2  1  0.00390625       4
     3  1  0.00390625       4
     4  1  0.00390625       4
     5  1  0.00390625       4
     6  1  0.00390625       4
     7  1  0.00390625       4
     8  1  0.00390625       4
     9  1  0.00390625       4
    10  1  0.00390625       4
    11  1  0.00390625       4
    12  1  0.00390625       4
    13  1  0.00390625       4
    14  1  0.00390625       4
    15  1  0.00390625       4
    16  1  0.00390625       4
    17  1  0.00390625       4
    18  1  0.00390625       4
    19  1  0.00390625       4
    20  1  0.00390625       4
    21  1  0.00390625       4
    22  1  0.00390625       4
    23  1  0.00390625       4
    24  1  0.00390625       4
    25  1  0.00390625       4
    26  1  0.00390625       4
    27  1  0.00390625       4
    28  1  0.00390625       4
    29  1  0.00390625       4
    30  1  0.00390625       4
    31  1  0.00390625       4
    32  1  0.00390625       4
    33  1  0.00390625       4
    34  1  0.00390625       4
    35  1  0.00390625       4
    36  1  0.00390625       4
    37  1  0.00390625       4
    38  1  0.00390625       4
    39  1  0.00390625       4
    40  1  0.00390625       4
    41  1  0.00390625       4
    42  1  0.00390625       4
    43  1  0.00390625       4
    44  1  0.00390625       4
    45  1  0.00390625       4
    46  1  0.00390625       4
    47  1  0.00390625       4
    48  1  0.00390625       4
    49  1  0.00390625       4
    50  1  0.00390625       4
    51  1  0.00390625       4
    52  1  0.00390625       4
    53  1  0.00390625       4
    54  1  0.00390625       4
    55  1  0.00390625       4
    56  1  0.00390625       4
    57  1  0.00390625       4
    58  1  0.00390625       4
    59  1  0.00390625       4
    60  1  0.00390625       4
    61  1  0.00390625       4
    62  1  0.00390625       4
    63  1  0.00390625       4
    64  1  0.00390625       4
    65  1  0.00390625       4
    66  1  0.00390625       4
    67  1  0.00390625       4
    68  1  0.00390625       4
    69  1  0.00390625       4
    70  1  0.00390625       4
    71  1  0.00390625       4
    72  1  0.00390625       4
    73  1  0.00390625       4
    74  1  0.00390625       4
    75  1  0.00390625       4
    76  1  0.00390625       4
    77  1  0.00390625       4
    78  1  0.00390625       4
    79  1  0.00390625       4
    80  1  0.00390625       4
    81  1  0.00390625       4
    82  1  0.00390625       4
    83  1  0.00390625       4
    84  1  0.00390625       4
    85  1  0.00390625       4
    86  1  0.00390625       4
    87  1  0.00390625       4
    88  1  0.00390625       4
    89  1  0.00390625       4
    90  1  0.00390625       4
    91  1  0.00390625       4
    92  1  0.00390625       4
    93  1  0.00390625       4
    94  1  0.00390625       4
    95  1  0.00390625       4
    96  1  0.00390625       4
    97  1  0.00390625       4
    98  1  0.00390625       4
    99  1  0.00390625       4
   100  1  0.00390625       4
   101  1  0.00390625       4
   102  1  0.00390625       4
   103  1  0.00390625       4
   104  1  0.00390625       4
   105  1  0.00390625       4
   106  1  0.00390625       4
   107  1  0.00390625       4
   108  1  0.00390625       4
   109  1  0.00390625       4
   110  1  0.00390625       4
   111  1  0.00390625       4
   112  1  0.00390625       4
   113  1  0.00390625       4
   114  1  0.00390625       4
   115  1  0.00390625       4
   116  1  0.00390625       4
   117  1  0.00390625       4
   118  1  0.00390625       4
   119  1  0.00390625       4
   120  1  0.00390625       4
   121  1  0.00390625       4
   122  1  0.00390625       4
   123  1  0.00390625       4
   124  1  0.00390625       4
   125  1  0.00390625       4
   126  1  0.00390625       4
   127  1  0.00390625       4
   128  1  0.00390625       4
   129  1  0.00390625       4
   130  1  0.00390625       4
   131  1  0.00390625       4
   132  1  0.00390625       4
   133  1  0.00390625       4
   134  1  0.00390625       4
   135  1  0.00390625       4
   136  1  0.00390625       4
   137  1  0.00390625       4
   138  1  0.00390625       4
   139  1  0.00390625       4
   140  1  0.00390625       4
   141  1  0.00390625       4
   142  1  0.00390625       4
   143  1  0.00390625       4
   144  1  0.00390625       4
   145  1  0.00390625       4
   146  1  0.00390625       4
   147  1  0.00390625       4
   148  1  0.00390625       4
   149  1  0.00390625       4
   150  1  0.00390625       4
   151  1  0.00390625       4
   152  1  0.00390625       4
   153  1  0.00390625       4
   154  1  0.00390625       4
   155  1  0.00390625       4
   156  1  0.00390625       4
   157  1  0.00390625       4
   158  1  0.00390625       4
   159  1  0.00390625       4
   160  1  0.00390625       4
   161  1  0.00390625       4
   162  1  0.00390625       4
   163  1  0.00390625       4
   164  1  0.00390625       4
   165  1  0.00390625       4
   166  1  0.00390625       4
   167  1  0.00390625       4
   168  1  0.00390625       4
   169  1  0.00390625       4
   170  1  0.00390625       4
   171  1  0.00390625       4
   172  1  0.00390625       4
   173  1  0.00390625       4
   174  1  0.00390625       4
   175  1  0.00390625       4
   176  1  0.00390625       4
   177  1  0.00390625       4
   178  1  0.00390625       4
   179  1  0.00390625       4
   180  1  0.00390625       4
   181  1  0.00390625       4
   182  1  0.00390625       4
   183  1  0.00390625       4
   184  1  0.00390625       4
   185  1  0.00390625       4
   186  1  0.00390625       4
   187  1  0.00390625       4
   188  1  0.00390625       4
   189  1  0.00390625       4
   190  1  0.00390625       4
   191  1  0.00390625       4
   192  1  0.00390625       4
   193  1  0.00390625       4
   194  1  0.00390625       4
   195  1  0.00390625       4
   196  1  0.00390625       4
   197  1  0.00390625       4
   198  1  0.00390625       4
   199  1  0.00390625       4
   200  1  0.00390625       4
   201  1  0.00390625       4
   202  1  0.00390625       4
   203  1  0.00390625       4
   204  1  0.00390625       4
   205  1  0.00390625       4
   206  1  0.00390625       4
   207  1  0.00390625       4
   208  1  0.00390625       4
   209  1  0.00390625       4
   210  1  0.00390625       4
   211  1  0.00390625       4
   212  1  0.00390625       4
   213  1  0.00390625       4
   214  1  0.00390625       4
   215  1  0.00390625       4
   216  1  0.00390625       4
   217  1  0.00390625       4
   218  1  0.00390625       4
   219  1  0.00390625       4
   220  1  0.00390625       4
   221  1  0.00390625       4
   222  1  0.00390625       4
   223  1  0.00390625       4
   224  1  0.00390625       4
   225  1  0.00390625       4
   226  1  0.00390625       4
   227  1  0.00390625       4
   228  1  0.00390625       4
   229  1  0.00390625       4
   230  1  0.00390625       4
   231  1  0.00390625       4
   232  1  0.00390625       4
   233  1  0.00390625       4
   234  1  0.00390625       4
   235  1  0.00390625       4
   236  1  0.00390625       4
   237  1  0.00390625       4
   238  1  0.00390625       4
   239  1  0.00390625       4
   240  1  0.00390625       4
   241  1  0.00390625       4
   242  1  0.00390625       4
   243  1  0.00390625       4
   244  1  0.00390625       4
   245  1  0.00390625       4
   246  1  0.00390625       4
   247  1  0.00390625       4
   248  1  0.00390625       4
   249  1  0.00390625       4
   250  1  0.00390625       4
   251  1  0.00390625       4
   252  1  0.00390625       4
   253  1  0.00390625       4
   254  1  0.00390625       4
   255  1  0.00390625       4
   256  1  0.00390625       4
